security level: 80
target p_error: 6.3e-5
per precision and log norm2:

  - 1: # bits
    -ln2:   k,  N,    n, br_l,br_b, ks_l,ks_b,  cost, p_error
    - 0 :   3,  8,  512,    1, 14,     1,  9,     14, 2.9e-12
    - 1 :   3,  8,  512,    1, 14,     1,  9,     14, 1.5e-8
    - 2 :   3,  8,  512,    1, 14,     2,  6,     15, 6.2e-5
    - 3 :   4,  8,  512,    1, 19,     1,  9,     19, 5.9e-12
    - 4 :   4,  8,  512,    1, 19,     1,  9,     19, 1.3e-11
    - 5 :   4,  8,  512,    1, 19,     1,  9,     19, 2.0e-10
    - 6 :   4,  8,  512,    1, 19,     1,  9,     19, 1.5e-7
    - 7 :   5,  8,  512,    1, 24,     1,  9,     24, 2.3e-10
    - 8 :   5,  8,  512,    1, 24,     1,  9,     24, 2.7e-10
    - 9 :   5,  8,  512,    1, 24,     1,  9,     24, 4.9e-10
    - 10:   5,  8,  512,    1, 24,     1,  9,     24, 4.2e-9
    - 11:   5,  8,  512,    1, 24,     1,  9,     24, 8.9e-7
    - 12:   4,  8,  512,    2, 13,     1,  9,     28, 4.1e-8
    - 13:   4,  8,  512,    2, 13,     2,  6,     29, 2.0e-5
    - 14:   6,  8,  512,    1, 30,     1,  9,     29, 6.1e-9
    - 15:   6,  8,  512,    1, 30,     1,  9,     29, 2.5e-8
    - 16:   6,  8,  512,    1, 30,     1,  9,     29, 1.3e-6
    - 17:   6,  8,  512,    1, 30,     2,  6,     30, 5.7e-5
    - 18:   5,  8,  512,    2, 16,     1,  9,     35, 7.0e-9
    - 19:   5,  8,  512,    2, 16,     1,  9,     35, 2.4e-6
    - 20:   4,  9,  512,    1, 40,     1,  9,     41, 3.1e-8
    - 21:   4,  9,  512,    1, 40,     1,  9,     41, 3.1e-8
    - 22:   4,  9,  512,    1, 40,     1,  9,     41, 3.1e-8
    - 23:   4,  9,  512,    1, 40,     1,  9,     41, 3.3e-8
    - 24:   4,  9,  512,    1, 40,     1,  9,     41, 4.2e-8
    - 25:   4,  9,  512,    1, 40,     1,  9,     41, 1.0e-7
    - 26:   4,  9,  512,    1, 40,     1,  9,     41, 1.5e-6
    - 27:   4,  9,  535,    1, 40,     1, 10,     42, 6.2e-5
    - 28:   5,  9,  512,    1, 50,     1,  9,     51, 6.6e-7
    - 29:   5,  9,  512,    1, 50,     1,  9,     51, 6.6e-7
    - 30:   5,  9,  512,    1, 50,     1,  9,     51, 6.6e-7
    - 31:   5,  9,  512,    1, 50,     1,  9,     51, 6.6e-7

  - 2: # bits
    -ln2:   k,  N,    n, br_l,br_b, ks_l,ks_b,  cost, p_error
    - 0 :   3,  8,  535,    1, 14,     1, 10,     15, 5.8e-5
    - 1 :   4,  8,  531,    1, 19,     1, 10,     19, 5.2e-5
    - 2 :   4,  8,  531,    1, 19,     1, 10,     19, 5.3e-5
    - 3 :   4,  8,  531,    1, 19,     1, 10,     19, 5.9e-5
    - 4 :   4,  8,  533,    1, 19,     1, 10,     20, 5.9e-5
    - 5 :   4,  8,  545,    1, 19,     1, 10,     20, 6.0e-5
    - 6 :   5,  8,  536,    1, 24,     1, 10,     25, 6.1e-5
    - 7 :   5,  8,  536,    1, 24,     1, 10,     25, 6.3e-5
    - 8 :   5,  8,  537,    1, 24,     1, 10,     25, 5.8e-5
    - 9 :   5,  8,  539,    1, 24,     1, 10,     25, 6.3e-5
    - 10:   5,  8,  512,    1, 24,     2,  6,     25, 4.3e-7
    - 11:   4,  8,  512,    2, 13,     2,  6,     29, 7.5e-8
    - 12:   6,  8,  542,    1, 30,     1, 10,     30, 5.4e-5
    - 13:   6,  8,  542,    1, 30,     1, 10,     30, 6.0e-5
    - 14:   6,  8,  544,    1, 30,     1, 10,     30, 6.3e-5
    - 15:   6,  8,  512,    1, 30,     2,  6,     30, 1.9e-7
    - 16:   5,  8,  512,    2, 16,     2,  6,     36, 9.1e-11
    - 17:   5,  8,  512,    2, 16,     2,  6,     36, 1.7e-9
    - 18:   5,  8,  512,    2, 16,     2,  6,     36, 1.3e-6
    - 19:   4,  9,  540,    1, 40,     1, 10,     43, 5.3e-5
    - 20:   4,  9,  540,    1, 40,     1, 10,     43, 5.3e-5
    - 21:   4,  9,  540,    1, 40,     1, 10,     43, 5.3e-5
    - 22:   4,  9,  540,    1, 40,     1, 10,     43, 5.4e-5
    - 23:   4,  9,  540,    1, 40,     1, 10,     43, 5.8e-5
    - 24:   4,  9,  541,    1, 40,     1, 10,     43, 6.0e-5
    - 25:   4,  9,  512,    1, 40,     2,  6,     43, 1.7e-13
    - 26:   4,  9,  512,    1, 40,     2,  6,     43, 8.0e-6
    - 27:   5,  9,  512,    1, 50,     2,  6,     54, 2.0e-27
    - 28:   5,  9,  512,    1, 50,     2,  6,     54, 2.0e-27
    - 29:   5,  9,  512,    1, 50,     2,  6,     54, 2.0e-27
    - 30:   5,  9,  512,    1, 50,     2,  6,     54, 2.2e-27
    - 31:   5,  9,  512,    1, 50,     2,  6,     54, 3.1e-27

  - 3: # bits
    -ln2:   k,  N,    n, br_l,br_b, ks_l,ks_b,  cost, p_error
    - 0 :   2,  9,  512,    1, 19,     2,  6,     23, 6.5e-10
    - 1 :   2,  9,  512,    1, 19,     2,  6,     23, 7.5e-10
    - 2 :   2,  9,  512,    1, 19,     2,  6,     23, 1.3e-9
    - 3 :   2,  9,  512,    1, 19,     2,  6,     23, 8.7e-9
    - 4 :   2,  9,  512,    1, 19,     2,  6,     23, 1.2e-6
    - 5 :   2,  9,  512,    2, 13,     2,  6,     33, 6.3e-10
    - 6 :   2,  9,  512,    2, 13,     2,  6,     33, 6.5e-10
    - 7 :   2,  9,  512,    2, 13,     2,  6,     33, 7.3e-10
    - 8 :   2,  9,  512,    2, 13,     2,  6,     33, 1.2e-9
    - 9 :   2,  9,  512,    2, 13,     2,  6,     33, 6.6e-9
    - 10:   2,  9,  512,    2, 13,     2,  6,     33, 6.5e-7
    - 11:   3,  9,  512,    1, 30,     2,  6,     33, 4.3e-9
    - 12:   3,  9,  512,    1, 30,     2,  6,     33, 6.6e-9
    - 13:   3,  9,  512,    1, 30,     2,  6,     33, 3.1e-8
    - 14:   3,  9,  512,    1, 30,     2,  6,     33, 2.0e-6
    - 15:   4,  9,  512,    1, 40,     2,  6,     43, 1.6e-8
    - 16:   4,  9,  512,    1, 40,     2,  6,     43, 1.6e-8
    - 17:   4,  9,  512,    1, 40,     2,  6,     43, 1.6e-8
    - 18:   4,  9,  512,    1, 40,     2,  6,     43, 1.6e-8
    - 19:   4,  9,  512,    1, 40,     2,  6,     43, 1.6e-8
    - 20:   4,  9,  512,    1, 40,     2,  6,     43, 1.7e-8
    - 21:   4,  9,  512,    1, 40,     2,  6,     43, 1.8e-8
    - 22:   4,  9,  512,    1, 40,     2,  6,     43, 2.3e-8
    - 23:   4,  9,  512,    1, 40,     2,  6,     43, 5.9e-8
    - 24:   4,  9,  512,    1, 40,     2,  6,     43, 1.0e-6
    - 25:   2, 10,  512,    1, 40,     2,  6,     49, 6.1e-5
    - 26:   5,  9,  512,    1, 50,     2,  6,     54, 5.8e-8
    - 27:   5,  9,  512,    1, 50,     2,  6,     54, 5.8e-8
    - 28:   5,  9,  512,    1, 50,     2,  6,     54, 5.8e-8
    - 29:   5,  9,  512,    1, 50,     2,  6,     54, 5.8e-8
    - 30:   5,  9,  512,    1, 50,     2,  6,     54, 6.0e-8
    - 31:   5,  9,  512,    1, 50,     2,  6,     54, 6.5e-8

  - 4: # bits
    -ln2:   k,  N,    n, br_l,br_b, ks_l,ks_b,  cost, p_error
    - 0 :   1, 10,  512,    1, 19,     2,  6,     30, 1.1e-6
    - 1 :   1, 10,  512,    1, 19,     2,  6,     30, 1.4e-6
    - 2 :   1, 10,  512,    1, 19,     2,  6,     30, 3.4e-6
    - 3 :   1, 10,  512,    1, 19,     2,  6,     30, 4.5e-5
    - 4 :   1, 10,  512,    2, 13,     2,  6,     43, 1.0e-6
    - 5 :   1, 10,  512,    2, 13,     2,  6,     43, 1.0e-6
    - 6 :   1, 10,  512,    2, 13,     2,  6,     43, 1.1e-6
    - 7 :   1, 10,  512,    2, 13,     2,  6,     43, 1.4e-6
    - 8 :   1, 10,  512,    2, 13,     2,  6,     43, 3.4e-6
    - 9 :   1, 10,  512,    2, 13,     2,  6,     43, 4.4e-5
    - 10:   2, 10,  513,    1, 40,     2,  6,     49, 5.6e-5
    - 11:   2, 10,  513,    1, 40,     2,  6,     49, 5.6e-5
    - 12:   2, 10,  513,    1, 40,     2,  6,     49, 5.6e-5
    - 13:   2, 10,  513,    1, 40,     2,  6,     49, 5.6e-5
    - 14:   2, 10,  513,    1, 40,     2,  6,     49, 5.6e-5
    - 15:   2, 10,  513,    1, 40,     2,  6,     49, 5.6e-5
    - 16:   2, 10,  513,    1, 40,     2,  6,     49, 5.6e-5
    - 17:   2, 10,  513,    1, 40,     2,  6,     49, 5.6e-5
    - 18:   2, 10,  513,    1, 40,     2,  6,     49, 5.6e-5
    - 19:   2, 10,  513,    1, 40,     2,  6,     49, 5.6e-5
    - 20:   2, 10,  513,    1, 40,     2,  6,     49, 5.7e-5
    - 21:   2, 10,  513,    1, 40,     2,  6,     49, 6.2e-5
    - 22:   2, 10,  516,    1, 40,     2,  6,     49, 5.6e-5
    - 23:   2, 10,  530,    1, 40,     2,  6,     50, 6.1e-5
    - 24:   1, 11,  512,    1, 40,     5,  3,     70, 5.6e-5
    - 25:   2, 10,  513,    2, 27,     2,  6,     70, 5.6e-5
    - 26:   2, 10,  513,    2, 27,     2,  6,     70, 5.6e-5
    - 27:   2, 10,  513,    2, 27,     2,  6,     70, 5.6e-5
    - 28:   2, 10,  513,    2, 27,     2,  6,     70, 5.6e-5
    - 29:   2, 10,  513,    2, 27,     2,  6,     70, 5.6e-5
    - 30:   2, 10,  513,    2, 27,     2,  6,     70, 5.6e-5
    - 31:   2, 10,  513,    2, 27,     2,  6,     70, 5.6e-5

  - 5: # bits
    -ln2:   k,  N,    n, br_l,br_b, ks_l,ks_b,  cost, p_error
    - 0 :   1, 11,  512,    1, 40,     3,  5,     66, 1.6e-5
    - 1 :   1, 11,  512,    1, 40,     3,  5,     66, 1.6e-5
    - 2 :   1, 11,  512,    1, 40,     3,  5,     66, 1.6e-5
    - 3 :   1, 11,  512,    1, 40,     3,  5,     66, 1.6e-5
    - 4 :   1, 11,  512,    1, 40,     3,  5,     66, 1.6e-5
    - 5 :   1, 11,  512,    1, 40,     3,  5,     66, 1.6e-5
    - 6 :   1, 11,  512,    1, 40,     3,  5,     66, 1.6e-5
    - 7 :   1, 11,  512,    1, 40,     3,  5,     66, 1.6e-5
    - 8 :   1, 11,  512,    1, 40,     3,  5,     66, 1.6e-5
    - 9 :   1, 11,  512,    1, 40,     3,  5,     66, 1.6e-5
    - 10:   1, 11,  512,    1, 40,     3,  5,     66, 1.6e-5
    - 11:   1, 11,  512,    1, 40,     3,  5,     66, 1.6e-5
    - 12:   1, 11,  512,    1, 40,     3,  5,     66, 1.6e-5
    - 13:   1, 11,  512,    1, 40,     3,  5,     66, 1.6e-5
    - 14:   1, 11,  512,    1, 40,     3,  5,     66, 1.6e-5
    - 15:   1, 11,  512,    1, 40,     3,  5,     66, 1.6e-5
    - 16:   1, 11,  512,    1, 40,     3,  5,     66, 1.6e-5
    - 17:   1, 11,  512,    1, 40,     3,  5,     66, 1.6e-5
    - 18:   1, 11,  512,    1, 40,     3,  5,     66, 1.6e-5
    - 19:   1, 11,  512,    1, 40,     3,  5,     66, 1.7e-5
    - 20:   1, 11,  512,    1, 40,     3,  5,     66, 1.9e-5
    - 21:   1, 11,  512,    1, 40,     3,  5,     66, 2.9e-5
    - 22:   1, 11,  516,    1, 40,     3,  5,     66, 5.5e-5
    - 23:   1, 11,  512,    2, 27,     3,  5,     94, 1.6e-5
    - 24:   1, 11,  512,    2, 27,     3,  5,     94, 1.6e-5
    - 25:   1, 11,  512,    2, 27,     3,  5,     94, 1.6e-5
    - 26:   1, 11,  512,    2, 27,     3,  5,     94, 1.6e-5
    - 27:   1, 11,  512,    2, 27,     3,  5,     94, 1.6e-5
    - 28:   1, 11,  512,    2, 27,     3,  5,     94, 1.6e-5
    - 29:   1, 11,  512,    2, 27,     3,  5,     94, 1.6e-5
    - 30:   1, 11,  512,    2, 27,     3,  5,     94, 1.6e-5
    - 31:   1, 11,  512,    2, 27,     3,  5,     94, 1.6e-5

  - 6: # bits
    -ln2:   k,  N,    n, br_l,br_b, ks_l,ks_b,  cost, p_error
    - 0 :   1, 12,  527,    1, 49,     4,  4,    147, 4.8e-5
    - 1 :   1, 12,  527,    1, 49,     4,  4,    147, 4.8e-5
    - 2 :   1, 12,  527,    1, 49,     4,  4,    147, 4.8e-5
    - 3 :   1, 12,  527,    1, 49,     4,  4,    147, 4.8e-5
    - 4 :   1, 12,  527,    1, 49,     4,  4,    147, 4.8e-5
    - 5 :   1, 12,  527,    1, 49,     4,  4,    147, 4.8e-5
    - 6 :   1, 12,  527,    1, 49,     4,  4,    147, 4.8e-5
    - 7 :   1, 12,  527,    1, 49,     4,  4,    147, 4.8e-5
    - 8 :   1, 12,  527,    1, 49,     4,  4,    147, 4.8e-5
    - 9 :   1, 12,  527,    1, 49,     4,  4,    147, 4.8e-5
    - 10:   1, 12,  527,    1, 49,     4,  4,    147, 4.8e-5
    - 11:   1, 12,  527,    1, 49,     4,  4,    147, 4.8e-5
    - 12:   1, 12,  527,    1, 49,     4,  4,    147, 4.8e-5
    - 13:   1, 12,  527,    1, 49,     4,  4,    147, 4.8e-5
    - 14:   1, 12,  527,    1, 49,     4,  4,    147, 4.8e-5
    - 15:   1, 12,  527,    1, 49,     4,  4,    147, 4.8e-5
    - 16:   1, 12,  527,    1, 49,     4,  4,    147, 4.8e-5
    - 17:   1, 12,  527,    1, 49,     4,  4,    147, 4.8e-5
    - 18:   1, 12,  527,    1, 49,     4,  4,    147, 4.8e-5
    - 19:   1, 12,  527,    1, 49,     4,  4,    147, 4.8e-5
    - 20:   1, 12,  527,    1, 49,     4,  4,    147, 4.8e-5
    - 21:   1, 12,  527,    1, 49,     4,  4,    147, 4.8e-5
    - 22:   1, 12,  527,    1, 49,     4,  4,    147, 4.8e-5
    - 23:   1, 12,  527,    1, 49,     4,  4,    147, 4.8e-5
    - 24:   1, 12,  527,    1, 49,     4,  4,    147, 4.8e-5
    - 25:   1, 12,  527,    1, 49,     4,  4,    147, 4.8e-5
    - 26:   1, 12,  527,    1, 49,     4,  4,    147, 4.9e-5
    - 27:   1, 12,  527,    1, 49,     4,  4,    147, 5.0e-5
    - 28:   1, 12,  527,    1, 49,     4,  4,    147, 5.8e-5
    - 29:   1, 12,  529,    1, 49,     4,  4,    148, 6.0e-5
    - 30:   1, 12,  543,    1, 49,     4,  4,    151, 5.7e-5
    - 31:   1, 12,  512,    2, 33,     5,  3,    208, 3.5e-5

  - 7: # bits
    -ln2:   k,  N,    n, br_l,br_b, ks_l,ks_b,  cost, p_error
    - 0 :   1, 13,  577,    1, 49,     4,  4,    338, 5.9e-5
    - 1 :   1, 13,  577,    1, 49,     4,  4,    338, 5.9e-5
    - 2 :   1, 13,  577,    1, 49,     4,  4,    338, 5.9e-5
    - 3 :   1, 13,  577,    1, 49,     4,  4,    338, 5.9e-5
    - 4 :   1, 13,  577,    1, 49,     4,  4,    338, 5.9e-5
    - 5 :   1, 13,  577,    1, 49,     4,  4,    338, 5.9e-5
    - 6 :   1, 13,  577,    1, 49,     4,  4,    338, 5.9e-5
    - 7 :   1, 13,  577,    1, 49,     4,  4,    338, 5.9e-5
    - 8 :   1, 13,  577,    1, 49,     4,  4,    338, 5.9e-5
    - 9 :   1, 13,  577,    1, 49,     4,  4,    338, 5.9e-5
    - 10:   1, 13,  577,    1, 49,     4,  4,    338, 5.9e-5
    - 11:   1, 13,  577,    1, 49,     4,  4,    338, 5.9e-5
    - 12:   1, 13,  577,    1, 49,     4,  4,    338, 5.9e-5
    - 13:   1, 13,  577,    1, 49,     4,  4,    338, 5.9e-5
    - 14:   1, 13,  577,    1, 49,     4,  4,    338, 5.9e-5
    - 15:   1, 13,  577,    1, 49,     4,  4,    338, 5.9e-5
    - 16:   1, 13,  577,    1, 49,     4,  4,    338, 5.9e-5
    - 17:   1, 13,  577,    1, 49,     4,  4,    338, 5.9e-5
    - 18:   1, 13,  577,    1, 49,     4,  4,    338, 5.9e-5
    - 19:   1, 13,  577,    1, 49,     4,  4,    338, 5.9e-5
    - 20:   1, 13,  577,    1, 49,     4,  4,    338, 5.9e-5
    - 21:   1, 13,  577,    1, 49,     4,  4,    338, 5.9e-5
    - 22:   1, 13,  577,    1, 49,     4,  4,    338, 5.9e-5
    - 23:   1, 13,  577,    1, 49,     4,  4,    338, 6.0e-5
    - 24:   1, 13,  577,    1, 49,     4,  4,    338, 6.0e-5
    - 25:   1, 13,  577,    1, 49,     4,  4,    338, 6.2e-5
    - 26:   1, 13,  578,    1, 49,     4,  4,    339, 6.1e-5
    - 27:   1, 13,  548,    1, 49,     6,  3,    340, 6.2e-5
    - 28:   1, 13,  557,    1, 49,     6,  3,    345, 5.8e-5
    - 29:   1, 13,  546,    2, 33,     6,  3,    475, 6.0e-5
    - 30:   1, 13,  546,    2, 33,     6,  3,    475, 6.0e-5
    - 31:   1, 13,  546,    2, 33,     6,  3,    475, 6.0e-5

  - 8: # bits
    -ln2:   k,  N,    n, br_l,br_b, ks_l,ks_b,  cost, p_error
    - 0 :   1, 14,  589,    1, 48,     6,  3,    763, 6.0e-5
    - 1 :   1, 14,  589,    1, 48,     6,  3,    763, 6.0e-5
    - 2 :   1, 14,  589,    1, 48,     6,  3,    763, 6.0e-5
    - 3 :   1, 14,  589,    1, 48,     6,  3,    763, 6.0e-5
    - 4 :   1, 14,  589,    1, 48,     6,  3,    763, 6.0e-5
    - 5 :   1, 14,  589,    1, 48,     6,  3,    763, 6.0e-5
    - 6 :   1, 14,  589,    1, 48,     6,  3,    763, 6.0e-5
    - 7 :   1, 14,  589,    1, 48,     6,  3,    763, 6.0e-5
    - 8 :   1, 14,  589,    1, 48,     6,  3,    763, 6.0e-5
    - 9 :   1, 14,  589,    1, 48,     6,  3,    763, 6.0e-5
    - 10:   1, 14,  589,    1, 48,     6,  3,    763, 6.0e-5
    - 11:   1, 14,  589,    1, 48,     6,  3,    763, 6.0e-5
    - 12:   1, 14,  589,    1, 48,     6,  3,    763, 6.0e-5
    - 13:   1, 14,  589,    1, 48,     6,  3,    763, 6.0e-5
    - 14:   1, 14,  589,    1, 48,     6,  3,    763, 6.0e-5
    - 15:   1, 14,  589,    1, 48,     6,  3,    763, 6.0e-5
    - 16:   1, 14,  589,    1, 48,     6,  3,    763, 6.0e-5
    - 17:   1, 14,  589,    1, 48,     6,  3,    763, 6.0e-5
    - 18:   1, 14,  589,    1, 48,     6,  3,    763, 6.0e-5
    - 19:   1, 14,  589,    1, 48,     6,  3,    763, 6.0e-5
    - 20:   1, 14,  589,    1, 48,     6,  3,    763, 6.0e-5
    - 21:   1, 14,  589,    1, 48,     6,  3,    763, 6.0e-5
    - 22:   1, 14,  589,    1, 48,     6,  3,    763, 6.0e-5
    - 23:   1, 14,  589,    1, 48,     6,  3,    763, 6.2e-5
    - 24:   1, 14,  590,    1, 48,     6,  3,    764, 5.6e-5
    - 25:   1, 14,  607,    1, 48,     5,  4,    766, 6.0e-5
    - 26:   1, 14,  615,    1, 48,     5,  4,    775, 6.2e-5
    - 27:   1, 14,  589,    2, 32,     6,  3,   1076, 6.0e-5
    - 28:   1, 14,  589,    2, 32,     6,  3,   1076, 6.0e-5
    - 29:   1, 14,  589,    2, 32,     6,  3,   1076, 6.0e-5
    - 30:   1, 14,  589,    2, 32,     6,  3,   1076, 6.0e-5
    - 31:   1, 14,  589,    2, 32,     6,  3,   1076, 6.0e-5

  - 9: # bits
    -ln2:   k,  N,    n, br_l,br_b, ks_l,ks_b,  cost, p_error
    - 0 :   1, 15,  646,    1, 48,     5,  4,   1703, 5.1e-5
    - 1 :   1, 15,  646,    1, 48,     5,  4,   1703, 5.1e-5
    - 2 :   1, 15,  646,    1, 48,     5,  4,   1703, 5.1e-5
    - 3 :   1, 15,  646,    1, 48,     5,  4,   1703, 5.1e-5
    - 4 :   1, 15,  646,    1, 48,     5,  4,   1703, 5.1e-5
    - 5 :   1, 15,  646,    1, 48,     5,  4,   1703, 5.1e-5
    - 6 :   1, 15,  646,    1, 48,     5,  4,   1703, 5.1e-5
    - 7 :   1, 15,  646,    1, 48,     5,  4,   1703, 5.1e-5
    - 8 :   1, 15,  646,    1, 48,     5,  4,   1703, 5.1e-5
    - 9 :   1, 15,  646,    1, 48,     5,  4,   1703, 5.1e-5
    - 10:   1, 15,  646,    1, 48,     5,  4,   1703, 5.1e-5
    - 11:   1, 15,  646,    1, 48,     5,  4,   1703, 5.1e-5
    - 12:   1, 15,  646,    1, 48,     5,  4,   1703, 5.1e-5
    - 13:   1, 15,  646,    1, 48,     5,  4,   1703, 5.1e-5
    - 14:   1, 15,  646,    1, 48,     5,  4,   1703, 5.1e-5
    - 15:   1, 15,  646,    1, 48,     5,  4,   1703, 5.1e-5
    - 16:   1, 15,  646,    1, 48,     5,  4,   1703, 5.1e-5
    - 17:   1, 15,  646,    1, 48,     5,  4,   1703, 5.1e-5
    - 18:   1, 15,  646,    1, 48,     5,  4,   1703, 5.1e-5
    - 19:   1, 15,  646,    1, 48,     5,  4,   1703, 5.1e-5
    - 20:   1, 15,  646,    1, 48,     5,  4,   1703, 5.2e-5
    - 21:   1, 15,  646,    1, 48,     5,  4,   1703, 5.3e-5
    - 22:   1, 15,  646,    1, 48,     5,  4,   1703, 5.6e-5
    - 23:   1, 15,  647,    1, 48,     5,  4,   1705, 5.8e-5
    - 24:   1, 15,  653,    1, 48,     5,  4,   1720, 5.7e-5
    - 25:   1, 15,  646,    2, 32,     5,  4,   2429, 5.1e-5
    - 26:   1, 15,  646,    2, 32,     5,  4,   2429, 5.1e-5
    - 27:   1, 15,  646,    2, 32,     5,  4,   2429, 5.1e-5
    - 28:   1, 15,  646,    2, 32,     5,  4,   2429, 5.1e-5
    - 29:   1, 15,  646,    2, 32,     5,  4,   2429, 5.1e-5
    - 30:   1, 15,  646,    2, 32,     5,  4,   2429, 5.1e-5
    - 31:   1, 15,  646,    2, 32,     5,  4,   2429, 5.1e-5

  - 10: # bits
    -ln2:   k,  N,    n, br_l,br_b, ks_l,ks_b,  cost, p_error
    - 0 :   1, 16,  668,    1, 48,     7,  3,   3847, 6.1e-5
    - 1 :   1, 16,  668,    1, 48,     7,  3,   3847, 6.1e-5
    - 2 :   1, 16,  668,    1, 48,     7,  3,   3847, 6.1e-5
    - 3 :   1, 16,  668,    1, 48,     7,  3,   3847, 6.1e-5
    - 4 :   1, 16,  668,    1, 48,     7,  3,   3847, 6.1e-5
    - 5 :   1, 16,  668,    1, 48,     7,  3,   3847, 6.1e-5
    - 6 :   1, 16,  668,    1, 48,     7,  3,   3847, 6.1e-5
    - 7 :   1, 16,  668,    1, 48,     7,  3,   3847, 6.1e-5
    - 8 :   1, 16,  668,    1, 48,     7,  3,   3847, 6.1e-5
    - 9 :   1, 16,  668,    1, 48,     7,  3,   3847, 6.1e-5
    - 10:   1, 16,  668,    1, 48,     7,  3,   3847, 6.1e-5
    - 11:   1, 16,  668,    1, 48,     7,  3,   3847, 6.1e-5
    - 12:   1, 16,  668,    1, 48,     7,  3,   3847, 6.1e-5
    - 13:   1, 16,  668,    1, 48,     7,  3,   3847, 6.1e-5
    - 14:   1, 16,  668,    1, 48,     7,  3,   3847, 6.1e-5
    - 15:   1, 16,  668,    1, 48,     7,  3,   3847, 6.1e-5
    - 16:   1, 16,  668,    1, 48,     7,  3,   3847, 6.1e-5
    - 17:   1, 16,  668,    1, 48,     7,  3,   3847, 6.1e-5
    - 18:   1, 16,  668,    1, 48,     7,  3,   3847, 6.1e-5
    - 19:   1, 16,  668,    1, 48,     7,  3,   3847, 6.2e-5
    - 20:   1, 16,  684,    1, 48,     6,  4,   3848, 5.9e-5
    - 21:   1, 16,  685,    1, 48,     6,  4,   3853, 5.6e-5
    - 22:   1, 16,  688,    1, 48,     6,  4,   3869, 5.9e-5
    - 23:   1, 16,  727,    1, 48,     6,  4,   4073, 6.3e-5
    - 24:   1, 16,  668,    2, 32,     7,  3,   5434, 6.1e-5
    - 25:   1, 16,  668,    2, 32,     7,  3,   5434, 6.1e-5
    - 26:   1, 16,  668,    2, 32,     7,  3,   5434, 6.1e-5
    - 27:   1, 16,  668,    2, 32,     7,  3,   5434, 6.1e-5
    - 28:   1, 16,  668,    2, 32,     7,  3,   5434, 6.1e-5
    - 29:   1, 16,  668,    2, 32,     7,  3,   5434, 6.1e-5
    - 30:   1, 16,  668,    2, 32,     7,  3,   5434, 6.1e-5
    - 31:   1, 16,  668,    2, 32,     7,  3,   5434, 6.1e-5
