security level: 128
target p_error: 6.3e-5
per precision and log norm2:

  - 1: # bits
    -ln2:   k,  N,    n, br_l,br_b, ks_l,ks_b,  cost, p_error
    - 0 :   5,  8,  582,    1, 15,     3,  3,     29, 5.3e-5
    - 1 :   5,  8,  586,    1, 15,     3,  3,     29, 5.6e-5
    - 2 :   5,  8,  620,    1, 15,     3,  3,     31, 6.2e-5
    - 3 :   6,  8,  588,    1, 18,     3,  3,     36, 5.9e-5
    - 4 :   6,  8,  591,    1, 18,     3,  3,     36, 6.3e-5
    - 5 :   6,  8,  614,    1, 18,     3,  3,     37, 5.9e-5
    - 6 :   5,  8,  589,    2, 10,     3,  3,     42, 6.0e-5
    - 7 :   5,  8,  619,    2, 10,     6,  2,     49, 6.2e-5
    - 8 :   4,  9,  595,    1, 25,     3,  3,     51, 6.3e-5
    - 9 :   4,  9,  596,    1, 25,     3,  3,     51, 5.5e-5
    - 10:   4,  9,  597,    1, 25,     3,  3,     51, 5.9e-5
    - 11:   4,  9,  603,    1, 25,     3,  3,     51, 6.0e-5
    - 12:   4,  9,  656,    1, 25,     3,  4,     55, 5.9e-5
    - 13:   5,  9,  605,    1, 32,     3,  3,     64, 6.0e-5
    - 14:   5,  9,  605,    1, 32,     3,  3,     64, 6.1e-5
    - 15:   5,  9,  605,    1, 32,     3,  3,     64, 6.2e-5
    - 16:   5,  9,  606,    1, 32,     3,  3,     65, 5.8e-5
    - 17:   5,  9,  608,    1, 32,     3,  3,     65, 6.3e-5
    - 18:   5,  9,  622,    1, 32,     3,  3,     66, 6.0e-5
    - 19:   4,  9,  602,    2, 17,     3,  3,     73, 6.3e-5
    - 20:   4,  9,  594,    2, 17,     5,  2,     77, 6.0e-5
    - 21:   6,  9,  615,    1, 39,     3,  3,     79, 5.6e-5
    - 22:   6,  9,  615,    1, 39,     3,  3,     79, 5.8e-5
    - 23:   6,  9,  616,    1, 39,     3,  3,     79, 5.9e-5
    - 24:   6,  9,  621,    1, 39,     3,  3,     80, 6.1e-5
    - 25:   6,  9,  683,    1, 39,     2,  5,     83, 5.8e-5
    - 26:   5,  9,  606,    2, 21,     3,  3,     93, 5.6e-5
    - 27:   5,  9,  608,    2, 21,     3,  3,     93, 5.5e-5
    - 28:   5,  9,  616,    2, 21,     3,  3,     94, 6.3e-5
    - 29:   5,  9,  645,    2, 21,     4,  3,    101, 6.1e-5
    - 30:   4, 10,  632,    1, 50,     3,  3,    114, 6.3e-5
    - 31:   4, 10,  633,    1, 50,     3,  3,    114, 5.7e-5

  - 2: # bits
    -ln2:   k,  N,    n, br_l,br_b, ks_l,ks_b,  cost, p_error
    - 0 :   5,  8,  670,    1, 15,     3,  4,     33, 5.6e-5
    - 1 :   4,  8,  668,    2,  8,     4,  3,     39, 6.2e-5
    - 2 :   6,  8,  668,    1, 18,     3,  4,     40, 5.7e-5
    - 3 :   6,  8,  673,    1, 18,     3,  4,     40, 5.7e-5
    - 4 :   6,  8,  689,    1, 18,     4,  3,     43, 6.3e-5
    - 5 :   5,  8,  644,    2, 10,     4,  3,     48, 5.9e-5
    - 6 :   4,  9,  662,    1, 25,     3,  4,     56, 5.1e-5
    - 7 :   4,  9,  662,    1, 25,     3,  4,     56, 5.2e-5
    - 8 :   4,  9,  662,    1, 25,     3,  4,     56, 5.6e-5
    - 9 :   4,  9,  663,    1, 25,     3,  4,     56, 5.7e-5
    - 10:   4,  9,  668,    1, 25,     3,  4,     56, 5.5e-5
    - 11:   4,  9,  681,    1, 25,     4,  3,     60, 6.2e-5
    - 12:   5,  9,  668,    1, 32,     3,  4,     70, 5.4e-5
    - 13:   5,  9,  668,    1, 32,     3,  4,     70, 5.5e-5
    - 14:   5,  9,  668,    1, 32,     3,  4,     70, 5.6e-5
    - 15:   5,  9,  668,    1, 32,     3,  4,     70, 6.3e-5
    - 16:   5,  9,  670,    1, 32,     3,  4,     70, 5.9e-5
    - 17:   5,  9,  679,    1, 32,     3,  4,     71, 5.4e-5
    - 18:   4,  9,  638,    2, 17,     4,  3,     80, 5.3e-5
    - 19:   4,  9,  671,    2, 17,     4,  3,     84, 6.2e-5
    - 20:   6,  9,  673,    1, 39,     3,  4,     85, 5.7e-5
    - 21:   6,  9,  673,    1, 39,     3,  4,     85, 6.0e-5
    - 22:   6,  9,  674,    1, 39,     3,  4,     86, 5.5e-5
    - 23:   6,  9,  677,    1, 39,     3,  4,     86, 5.4e-5
    - 24:   6,  9,  694,    1, 39,     3,  4,     88, 5.8e-5
    - 25:   5,  9,  639,    2, 21,     4,  3,    101, 5.5e-5
    - 26:   5,  9,  640,    2, 21,     4,  3,    101, 5.8e-5
    - 27:   5,  9,  646,    2, 21,     4,  3,    102, 5.3e-5
    - 28:   4, 10,  679,    1, 50,     3,  4,    121, 5.0e-5
    - 29:   4, 10,  679,    1, 50,     3,  4,    121, 5.0e-5
    - 30:   4, 10,  679,    1, 50,     3,  4,    121, 5.0e-5
    - 31:   4, 10,  679,    1, 50,     3,  4,    121, 5.1e-5

  - 3: # bits
    -ln2:   k,  N,    n, br_l,br_b, ks_l,ks_b,  cost, p_error
    - 0 :   3,  9,  708,    1, 18,     3,  4,     45, 6.2e-5
    - 1 :   3,  9,  710,    1, 18,     3,  4,     45, 5.7e-5
    - 2 :   3,  9,  716,    1, 18,     3,  4,     45, 6.2e-5
    - 3 :   4,  9,  717,    1, 25,     3,  4,     60, 6.1e-5
    - 4 :   4,  9,  717,    1, 25,     3,  4,     60, 6.1e-5
    - 5 :   4,  9,  717,    1, 25,     3,  4,     60, 6.2e-5
    - 6 :   4,  9,  717,    1, 25,     3,  4,     60, 6.3e-5
    - 7 :   4,  9,  718,    1, 25,     3,  4,     60, 5.9e-5
    - 8 :   4,  9,  720,    1, 25,     3,  4,     60, 6.3e-5
    - 9 :   4,  9,  734,    1, 25,     3,  4,     61, 6.1e-5
    - 10:   5,  9,  725,    1, 32,     3,  4,     75, 5.9e-5
    - 11:   5,  9,  725,    1, 32,     3,  4,     75, 5.9e-5
    - 12:   5,  9,  725,    1, 32,     3,  4,     75, 5.9e-5
    - 13:   5,  9,  725,    1, 32,     3,  4,     75, 6.1e-5
    - 14:   5,  9,  726,    1, 32,     3,  4,     75, 6.1e-5
    - 15:   5,  9,  731,    1, 32,     3,  4,     76, 5.7e-5
    - 16:   5,  9,  730,    1, 32,     4,  3,     79, 6.3e-5
    - 17:   4,  9,  700,    2, 17,     4,  3,     87, 6.1e-5
    - 18:   6,  9,  732,    1, 39,     3,  4,     92, 5.7e-5
    - 19:   6,  9,  732,    1, 39,     3,  4,     92, 5.7e-5
    - 20:   6,  9,  732,    1, 39,     3,  4,     92, 6.0e-5
    - 21:   6,  9,  734,    1, 39,     3,  4,     92, 5.8e-5
    - 22:   6,  9,  742,    1, 39,     3,  4,     93, 6.2e-5
    - 23:   3, 10,  748,    1, 39,     3,  4,    101, 6.1e-5
    - 24:   5,  9,  695,    2, 21,     4,  3,    109, 6.2e-5
    - 25:   5,  9,  698,    2, 21,     4,  3,    109, 6.1e-5
    - 26:   5,  9,  715,    2, 21,     4,  3,    111, 6.1e-5
    - 27:   4, 10,  723,    1, 50,     3,  4,    128, 6.2e-5
    - 28:   4, 10,  723,    1, 50,     3,  4,    128, 6.2e-5
    - 29:   4, 10,  723,    1, 50,     3,  4,    128, 6.2e-5
    - 30:   4, 10,  724,    1, 50,     3,  4,    128, 5.1e-5
    - 31:   4, 10,  724,    1, 50,     3,  4,    128, 5.6e-5

  - 4: # bits
    -ln2:   k,  N,    n, br_l,br_b, ks_l,ks_b,  cost, p_error
    - 0 :   2, 10,  784,    1, 25,     3,  4,     74, 6.1e-5
    - 1 :   2, 10,  784,    1, 25,     3,  4,     74, 6.1e-5
    - 2 :   2, 10,  784,    1, 25,     3,  4,     74, 6.1e-5
    - 3 :   2, 10,  784,    1, 25,     3,  4,     74, 6.1e-5
    - 4 :   2, 10,  784,    1, 25,     3,  4,     74, 6.1e-5
    - 5 :   2, 10,  784,    1, 25,     3,  4,     74, 6.3e-5
    - 6 :   2, 10,  787,    1, 25,     3,  4,     74, 6.1e-5
    - 7 :   2, 10,  794,    1, 25,     3,  5,     75, 6.0e-5
    - 8 :   2, 10,  810,    1, 25,     3,  5,     76, 6.1e-5
    - 9 :   2, 10,  728,    2, 17,     5,  3,    105, 5.6e-5
    - 10:   2, 10,  728,    2, 17,     5,  3,    105, 5.6e-5
    - 11:   2, 10,  728,    2, 17,     5,  3,    105, 5.6e-5
    - 12:   2, 10,  728,    2, 17,     5,  3,    105, 5.7e-5
    - 13:   2, 10,  728,    2, 17,     5,  3,    105, 5.8e-5
    - 14:   2, 10,  728,    2, 17,     5,  3,    105, 6.3e-5
    - 15:   2, 10,  731,    2, 17,     5,  3,    105, 5.7e-5
    - 16:   2, 10,  743,    2, 17,     5,  3,    107, 6.0e-5
    - 17:   3, 10,  802,    1, 39,     3,  5,    107, 6.0e-5
    - 18:   3, 10,  802,    1, 39,     3,  5,    107, 6.1e-5
    - 19:   3, 10,  803,    1, 39,     3,  5,    107, 5.6e-5
    - 20:   3, 10,  804,    1, 39,     3,  5,    107, 6.2e-5
    - 21:   3, 10,  813,    1, 39,     3,  5,    108, 5.9e-5
    - 22:   4, 10,  810,    1, 50,     3,  5,    141, 6.2e-5
    - 23:   4, 10,  810,    1, 50,     3,  5,    141, 6.2e-5
    - 24:   4, 10,  810,    1, 50,     3,  5,    141, 6.2e-5
    - 25:   4, 10,  810,    1, 50,     3,  5,    141, 6.2e-5
    - 26:   4, 10,  810,    1, 50,     3,  5,    141, 6.2e-5
    - 27:   4, 10,  810,    1, 50,     3,  5,    141, 6.2e-5
    - 28:   4, 10,  810,    1, 50,     3,  5,    141, 6.2e-5
    - 29:   4, 10,  811,    1, 50,     3,  5,    141, 5.6e-5
    - 30:   4, 10,  811,    1, 50,     3,  5,    141, 6.1e-5
    - 31:   4, 10,  814,    1, 50,     3,  5,    142, 6.1e-5

  - 5: # bits
    -ln2:   k,  N,    n, br_l,br_b, ks_l,ks_b,  cost, p_error
    - 0 :   1, 11,  768,    1, 25,     5,  3,    101, 5.6e-5
    - 1 :   1, 11,  768,    1, 25,     5,  3,    101, 5.6e-5
    - 2 :   1, 11,  768,    1, 25,     5,  3,    101, 5.6e-5
    - 3 :   1, 11,  768,    1, 25,     5,  3,    101, 5.6e-5
    - 4 :   1, 11,  768,    1, 25,     5,  3,    101, 5.7e-5
    - 5 :   1, 11,  769,    1, 25,     5,  3,    101, 5.5e-5
    - 6 :   1, 11,  772,    1, 25,     5,  3,    101, 5.7e-5
    - 7 :   1, 11,  791,    1, 25,     5,  3,    103, 6.0e-5
    - 8 :   1, 11,  768,    2, 17,     5,  3,    143, 5.6e-5
    - 9 :   1, 11,  768,    2, 17,     5,  3,    143, 5.6e-5
    - 10:   1, 11,  768,    2, 17,     5,  3,    143, 5.6e-5
    - 11:   1, 11,  768,    2, 17,     5,  3,    143, 5.6e-5
    - 12:   1, 11,  768,    2, 17,     5,  3,    143, 5.8e-5
    - 13:   1, 11,  769,    2, 17,     5,  3,    143, 5.6e-5
    - 14:   1, 11,  772,    2, 17,     5,  3,    143, 6.1e-5
    - 15:   1, 11,  796,    2, 17,     5,  3,    147, 6.3e-5
    - 16:   2, 11,  852,    1, 49,     3,  5,    170, 5.7e-5
    - 17:   2, 11,  852,    1, 49,     3,  5,    170, 5.7e-5
    - 18:   2, 11,  852,    1, 49,     3,  5,    170, 5.7e-5
    - 19:   2, 11,  852,    1, 49,     3,  5,    170, 5.7e-5
    - 20:   2, 11,  852,    1, 49,     3,  5,    170, 5.7e-5
    - 21:   2, 11,  852,    1, 49,     3,  5,    170, 5.7e-5
    - 22:   2, 11,  852,    1, 49,     3,  5,    170, 5.7e-5
    - 23:   2, 11,  852,    1, 49,     3,  5,    170, 5.7e-5
    - 24:   2, 11,  852,    1, 49,     3,  5,    170, 5.7e-5
    - 25:   2, 11,  852,    1, 49,     3,  5,    170, 5.7e-5
    - 26:   2, 11,  852,    1, 49,     3,  5,    170, 5.7e-5
    - 27:   2, 11,  852,    1, 49,     3,  5,    170, 5.8e-5
    - 28:   2, 11,  852,    1, 49,     3,  5,    170, 6.0e-5
    - 29:   2, 11,  853,    1, 49,     3,  5,    170, 6.2e-5
    - 30:   2, 11,  859,    1, 49,     3,  5,    172, 6.3e-5
    - 31:   2, 11,  843,    1, 49,     6,  3,    188, 6.3e-5

  - 6: # bits
    -ln2:   k,  N,    n, br_l,br_b, ks_l,ks_b,  cost, p_error
    - 0 :   1, 12,  860,    1, 49,     4,  4,    231, 5.9e-5
    - 1 :   1, 12,  860,    1, 49,     4,  4,    231, 5.9e-5
    - 2 :   1, 12,  860,    1, 49,     4,  4,    231, 5.9e-5
    - 3 :   1, 12,  860,    1, 49,     4,  4,    231, 5.9e-5
    - 4 :   1, 12,  860,    1, 49,     4,  4,    231, 5.9e-5
    - 5 :   1, 12,  860,    1, 49,     4,  4,    231, 5.9e-5
    - 6 :   1, 12,  860,    1, 49,     4,  4,    231, 5.9e-5
    - 7 :   1, 12,  860,    1, 49,     4,  4,    231, 5.9e-5
    - 8 :   1, 12,  860,    1, 49,     4,  4,    231, 5.9e-5
    - 9 :   1, 12,  860,    1, 49,     4,  4,    231, 5.9e-5
    - 10:   1, 12,  860,    1, 49,     4,  4,    231, 5.9e-5
    - 11:   1, 12,  860,    1, 49,     4,  4,    231, 5.9e-5
    - 12:   1, 12,  860,    1, 49,     4,  4,    231, 5.9e-5
    - 13:   1, 12,  860,    1, 49,     4,  4,    231, 5.9e-5
    - 14:   1, 12,  860,    1, 49,     4,  4,    231, 5.9e-5
    - 15:   1, 12,  860,    1, 49,     4,  4,    231, 5.9e-5
    - 16:   1, 12,  860,    1, 49,     4,  4,    231, 5.9e-5
    - 17:   1, 12,  860,    1, 49,     4,  4,    231, 5.9e-5
    - 18:   1, 12,  860,    1, 49,     4,  4,    231, 5.9e-5
    - 19:   1, 12,  860,    1, 49,     4,  4,    231, 5.9e-5
    - 20:   1, 12,  860,    1, 49,     4,  4,    231, 5.9e-5
    - 21:   1, 12,  860,    1, 49,     4,  4,    231, 5.9e-5
    - 22:   1, 12,  860,    1, 49,     4,  4,    231, 5.9e-5
    - 23:   1, 12,  860,    1, 49,     4,  4,    231, 5.9e-5
    - 24:   1, 12,  860,    1, 49,     4,  4,    231, 5.9e-5
    - 25:   1, 12,  860,    1, 49,     4,  4,    231, 5.9e-5
    - 26:   1, 12,  860,    1, 49,     4,  4,    231, 6.0e-5
    - 27:   1, 12,  861,    1, 49,     4,  4,    231, 5.7e-5
    - 28:   1, 12,  863,    1, 49,     4,  4,    231, 5.7e-5
    - 29:   1, 12,  873,    1, 49,     4,  4,    234, 6.1e-5
    - 30:   1, 12,  838,    2, 33,     5,  3,    330, 6.0e-5
    - 31:   1, 12,  838,    2, 33,     5,  3,    330, 6.0e-5

  - 7: # bits
    -ln2:   k,  N,    n, br_l,br_b, ks_l,ks_b,  cost, p_error
    - 0 :   1, 13,  890,    1, 49,     6,  3,    532, 6.2e-5
    - 1 :   1, 13,  890,    1, 49,     6,  3,    532, 6.2e-5
    - 2 :   1, 13,  890,    1, 49,     6,  3,    532, 6.2e-5
    - 3 :   1, 13,  890,    1, 49,     6,  3,    532, 6.2e-5
    - 4 :   1, 13,  890,    1, 49,     6,  3,    532, 6.2e-5
    - 5 :   1, 13,  890,    1, 49,     6,  3,    532, 6.2e-5
    - 6 :   1, 13,  890,    1, 49,     6,  3,    532, 6.2e-5
    - 7 :   1, 13,  890,    1, 49,     6,  3,    532, 6.2e-5
    - 8 :   1, 13,  890,    1, 49,     6,  3,    532, 6.2e-5
    - 9 :   1, 13,  890,    1, 49,     6,  3,    532, 6.2e-5
    - 10:   1, 13,  890,    1, 49,     6,  3,    532, 6.2e-5
    - 11:   1, 13,  890,    1, 49,     6,  3,    532, 6.2e-5
    - 12:   1, 13,  890,    1, 49,     6,  3,    532, 6.2e-5
    - 13:   1, 13,  890,    1, 49,     6,  3,    532, 6.2e-5
    - 14:   1, 13,  890,    1, 49,     6,  3,    532, 6.2e-5
    - 15:   1, 13,  890,    1, 49,     6,  3,    532, 6.2e-5
    - 16:   1, 13,  890,    1, 49,     6,  3,    532, 6.2e-5
    - 17:   1, 13,  890,    1, 49,     6,  3,    532, 6.2e-5
    - 18:   1, 13,  890,    1, 49,     6,  3,    532, 6.2e-5
    - 19:   1, 13,  890,    1, 49,     6,  3,    532, 6.2e-5
    - 20:   1, 13,  890,    1, 49,     6,  3,    532, 6.2e-5
    - 21:   1, 13,  890,    1, 49,     6,  3,    532, 6.2e-5
    - 22:   1, 13,  890,    1, 49,     6,  3,    532, 6.2e-5
    - 23:   1, 13,  890,    1, 49,     6,  3,    532, 6.2e-5
    - 24:   1, 13,  890,    1, 49,     6,  3,    532, 6.2e-5
    - 25:   1, 13,  891,    1, 49,     6,  3,    533, 5.8e-5
    - 26:   1, 13,  892,    1, 49,     6,  3,    533, 6.2e-5
    - 27:   1, 13,  900,    1, 49,     6,  3,    538, 5.9e-5
    - 28:   1, 13,  890,    2, 33,     6,  3,    755, 6.2e-5
    - 29:   1, 13,  890,    2, 33,     6,  3,    755, 6.2e-5
    - 30:   1, 13,  890,    2, 33,     6,  3,    755, 6.2e-5
    - 31:   1, 13,  890,    2, 33,     6,  3,    755, 6.2e-5

  - 8: # bits
    -ln2:   k,  N,    n, br_l,br_b, ks_l,ks_b,  cost, p_error
    - 0 :   1, 14,  982,    1, 48,     5,  4,   1199, 6.2e-5
    - 1 :   1, 14,  982,    1, 48,     5,  4,   1199, 6.2e-5
    - 2 :   1, 14,  982,    1, 48,     5,  4,   1199, 6.2e-5
    - 3 :   1, 14,  982,    1, 48,     5,  4,   1199, 6.2e-5
    - 4 :   1, 14,  982,    1, 48,     5,  4,   1199, 6.2e-5
    - 5 :   1, 14,  982,    1, 48,     5,  4,   1199, 6.2e-5
    - 6 :   1, 14,  982,    1, 48,     5,  4,   1199, 6.2e-5
    - 7 :   1, 14,  982,    1, 48,     5,  4,   1199, 6.2e-5
    - 8 :   1, 14,  982,    1, 48,     5,  4,   1199, 6.2e-5
    - 9 :   1, 14,  982,    1, 48,     5,  4,   1199, 6.2e-5
    - 10:   1, 14,  982,    1, 48,     5,  4,   1199, 6.2e-5
    - 11:   1, 14,  982,    1, 48,     5,  4,   1199, 6.2e-5
    - 12:   1, 14,  982,    1, 48,     5,  4,   1199, 6.2e-5
    - 13:   1, 14,  982,    1, 48,     5,  4,   1199, 6.2e-5
    - 14:   1, 14,  982,    1, 48,     5,  4,   1199, 6.2e-5
    - 15:   1, 14,  982,    1, 48,     5,  4,   1199, 6.2e-5
    - 16:   1, 14,  982,    1, 48,     5,  4,   1199, 6.2e-5
    - 17:   1, 14,  982,    1, 48,     5,  4,   1199, 6.2e-5
    - 18:   1, 14,  982,    1, 48,     5,  4,   1199, 6.2e-5
    - 19:   1, 14,  982,    1, 48,     5,  4,   1199, 6.2e-5
    - 20:   1, 14,  982,    1, 48,     5,  4,   1199, 6.2e-5
    - 21:   1, 14,  982,    1, 48,     5,  4,   1199, 6.2e-5
    - 22:   1, 14,  982,    1, 48,     5,  4,   1199, 6.3e-5
    - 23:   1, 14,  983,    1, 48,     5,  4,   1200, 5.9e-5
    - 24:   1, 14,  984,    1, 48,     5,  4,   1201, 6.3e-5
    - 25:   1, 14,  992,    1, 48,     5,  4,   1211, 6.2e-5
    - 26:   1, 14,  982,    2, 32,     5,  4,   1721, 6.2e-5
    - 27:   1, 14,  982,    2, 32,     5,  4,   1721, 6.2e-5
    - 28:   1, 14,  982,    2, 32,     5,  4,   1721, 6.2e-5
    - 29:   1, 14,  982,    2, 32,     5,  4,   1721, 6.2e-5
    - 30:   1, 14,  982,    2, 32,     5,  4,   1721, 6.2e-5
    - 31:   1, 14,  982,    2, 32,     5,  4,   1721, 6.2e-5

  - 9: # bits
    -ln2:   k,  N,    n, br_l,br_b, ks_l,ks_b,  cost, p_error
    - 0 :   1, 15, 1050,    1, 48,     5,  4,   2687, 6.0e-5
    - 1 :   1, 15, 1050,    1, 48,     5,  4,   2687, 6.0e-5
    - 2 :   1, 15, 1050,    1, 48,     5,  4,   2687, 6.0e-5
    - 3 :   1, 15, 1050,    1, 48,     5,  4,   2687, 6.0e-5
    - 4 :   1, 15, 1050,    1, 48,     5,  4,   2687, 6.0e-5
    - 5 :   1, 15, 1050,    1, 48,     5,  4,   2687, 6.0e-5
    - 6 :   1, 15, 1050,    1, 48,     5,  4,   2687, 6.0e-5
    - 7 :   1, 15, 1050,    1, 48,     5,  4,   2687, 6.0e-5
    - 8 :   1, 15, 1050,    1, 48,     5,  4,   2687, 6.0e-5
    - 9 :   1, 15, 1050,    1, 48,     5,  4,   2687, 6.0e-5
    - 10:   1, 15, 1050,    1, 48,     5,  4,   2687, 6.0e-5
    - 11:   1, 15, 1050,    1, 48,     5,  4,   2687, 6.0e-5
    - 12:   1, 15, 1050,    1, 48,     5,  4,   2687, 6.0e-5
    - 13:   1, 15, 1050,    1, 48,     5,  4,   2687, 6.0e-5
    - 14:   1, 15, 1050,    1, 48,     5,  4,   2687, 6.0e-5
    - 15:   1, 15, 1050,    1, 48,     5,  4,   2687, 6.0e-5
    - 16:   1, 15, 1050,    1, 48,     5,  4,   2687, 6.0e-5
    - 17:   1, 15, 1050,    1, 48,     5,  4,   2687, 6.0e-5
    - 18:   1, 15, 1050,    1, 48,     5,  4,   2687, 6.0e-5
    - 19:   1, 15, 1050,    1, 48,     5,  4,   2687, 6.0e-5
    - 20:   1, 15, 1050,    1, 48,     5,  4,   2687, 6.1e-5
    - 21:   1, 15, 1050,    1, 48,     5,  4,   2687, 6.2e-5
    - 22:   1, 15, 1052,    1, 48,     5,  4,   2692, 6.1e-5
    - 23:   1, 15, 1060,    1, 48,     5,  4,   2712, 6.1e-5
    - 24:   1, 15, 1079,    1, 48,     8,  3,   2961, 6.3e-5
    - 25:   1, 15, 1013,    2, 32,     7,  3,   3864, 6.2e-5
    - 26:   1, 15, 1013,    2, 32,     7,  3,   3864, 6.2e-5
    - 27:   1, 15, 1013,    2, 32,     7,  3,   3864, 6.2e-5
    - 28:   1, 15, 1013,    2, 32,     7,  3,   3864, 6.2e-5
    - 29:   1, 15, 1013,    2, 32,     7,  3,   3864, 6.2e-5
    - 30:   1, 15, 1013,    2, 32,     7,  3,   3864, 6.2e-5
    - 31:   1, 15, 1013,    2, 32,     7,  3,   3864, 6.2e-5

  - 10: # bits
    -ln2:   k,  N,    n, br_l,br_b, ks_l,ks_b,  cost, p_error
    - 0 :   1, 16, 1106,    1, 48,     6,  4,   6063, 6.3e-5
    - 1 :   1, 16, 1106,    1, 48,     6,  4,   6063, 6.3e-5
    - 2 :   1, 16, 1106,    1, 48,     6,  4,   6063, 6.3e-5
    - 3 :   1, 16, 1106,    1, 48,     6,  4,   6063, 6.3e-5
    - 4 :   1, 16, 1106,    1, 48,     6,  4,   6063, 6.3e-5
    - 5 :   1, 16, 1106,    1, 48,     6,  4,   6063, 6.3e-5
    - 6 :   1, 16, 1106,    1, 48,     6,  4,   6063, 6.3e-5
    - 7 :   1, 16, 1106,    1, 48,     6,  4,   6063, 6.3e-5
    - 8 :   1, 16, 1106,    1, 48,     6,  4,   6063, 6.3e-5
    - 9 :   1, 16, 1106,    1, 48,     6,  4,   6063, 6.3e-5
    - 10:   1, 16, 1106,    1, 48,     6,  4,   6063, 6.3e-5
    - 11:   1, 16, 1106,    1, 48,     6,  4,   6063, 6.3e-5
    - 12:   1, 16, 1106,    1, 48,     6,  4,   6063, 6.3e-5
    - 13:   1, 16, 1106,    1, 48,     6,  4,   6063, 6.3e-5
    - 14:   1, 16, 1106,    1, 48,     6,  4,   6063, 6.3e-5
    - 15:   1, 16, 1106,    1, 48,     6,  4,   6063, 6.3e-5
    - 16:   1, 16, 1106,    1, 48,     6,  4,   6063, 6.3e-5
    - 17:   1, 16, 1106,    1, 48,     6,  4,   6063, 6.3e-5
    - 18:   1, 16, 1106,    1, 48,     6,  4,   6063, 6.3e-5
    - 19:   1, 16, 1107,    1, 48,     6,  4,   6068, 5.9e-5
    - 20:   1, 16, 1108,    1, 48,     6,  4,   6074, 5.9e-5
    - 21:   1, 16, 1112,    1, 48,     6,  4,   6095, 6.0e-5
    - 22:   1, 16, 1146,    1, 48,     6,  4,   6273, 6.3e-5
    - 23:   1, 16, 1106,    2, 32,     6,  4,   8690, 6.3e-5
    - 24:   1, 16, 1106,    2, 32,     6,  4,   8690, 6.3e-5
    - 25:   1, 16, 1106,    2, 32,     6,  4,   8690, 6.3e-5
    - 26:   1, 16, 1106,    2, 32,     6,  4,   8690, 6.3e-5
    - 27:   1, 16, 1106,    2, 32,     6,  4,   8690, 6.3e-5
    - 28:   1, 16, 1106,    2, 32,     6,  4,   8690, 6.3e-5
    - 29:   1, 16, 1106,    2, 32,     6,  4,   8690, 6.3e-5
    - 30:   1, 16, 1106,    2, 32,     6,  4,   8690, 6.3e-5
    - 31:   1, 16, 1106,    2, 32,     6,  4,   8690, 6.3e-5
