security level: 192
target p_error: 6.3e-5
per precision and log norm2:

  - 1: # bits
    -ln2:   k,  N,    n, br_l,br_b, ks_l,ks_b,  cost, p_error
    - 0 :   4,  9,  907,    1, 17,     3,  3,     74, 6.3e-5
    - 1 :   4,  9,  909,    1, 17,     3,  3,     74, 6.0e-5
    - 2 :   4,  9,  917,    1, 17,     3,  3,     74, 5.8e-5
    - 3 :   4,  9, 1033,    1, 17,     2,  5,     79, 6.2e-5
    - 4 :   5,  9,  921,    1, 21,     3,  3,     93, 6.1e-5
    - 5 :   5,  9,  922,    1, 21,     3,  3,     93, 5.9e-5
    - 6 :   5,  9,  925,    1, 21,     3,  3,     94, 6.2e-5
    - 7 :   5,  9,  943,    1, 21,     3,  3,     95, 6.3e-5
    - 8 :   4,  9,  940,    2, 11,     3,  3,    110, 6.2e-5
    - 9 :   6,  9,  935,    1, 26,     3,  3,    114, 5.8e-5
    - 10:   6,  9,  936,    1, 26,     3,  3,    114, 6.0e-5
    - 11:   6,  9,  942,    1, 26,     3,  3,    115, 5.9e-5
    - 12:   6,  9, 1022,    1, 26,     2,  5,    118, 5.8e-5
    - 13:   5,  9,  926,    2, 14,     3,  3,    137, 6.2e-5
    - 14:   5,  9,  951,    2, 14,     3,  3,    140, 6.1e-5
    - 15:   4, 10,  959,    1, 36,     3,  3,    164, 6.0e-5
    - 16:   4, 10,  959,    1, 36,     3,  3,    164, 6.0e-5
    - 17:   4, 10,  959,    1, 36,     3,  3,    164, 6.1e-5
    - 18:   4, 10,  959,    1, 36,     3,  3,    164, 6.2e-5
    - 19:   4, 10,  960,    1, 36,     3,  3,    165, 6.1e-5
    - 20:   4, 10, 1014,    1, 36,     2,  5,    165, 6.3e-5
    - 21:   4, 10, 1021,    1, 36,     2,  5,    166, 6.2e-5
    - 22:   4, 10, 1014,    1, 36,     3,  4,    173, 6.0e-5
    - 23:   5, 10, 1023,    1, 46,     2,  5,    207, 5.7e-5
    - 24:   5, 10, 1023,    1, 46,     2,  5,    207, 5.7e-5
    - 25:   5, 10, 1023,    1, 46,     2,  5,    207, 5.7e-5
    - 26:   5, 10, 1023,    1, 46,     2,  5,    207, 5.8e-5
    - 27:   5, 10, 1023,    1, 46,     2,  5,    207, 5.8e-5
    - 28:   5, 10, 1023,    1, 46,     2,  5,    207, 6.0e-5
    - 29:   5, 10, 1024,    1, 46,     2,  5,    208, 5.9e-5
    - 30:   5, 10, 1028,    1, 46,     2,  5,    208, 5.6e-5
    - 31:   5, 10,  994,    1, 46,     3,  4,    212, 6.3e-5

  - 2: # bits
    -ln2:   k,  N,    n, br_l,br_b, ks_l,ks_b,  cost, p_error
    - 0 :   4,  9, 1004,    1, 17,     3,  4,     81, 5.7e-5
    - 1 :   4,  9, 1010,    1, 17,     3,  4,     81, 6.0e-5
    - 2 :   4,  9, 1067,    1, 17,     3,  4,     85, 6.2e-5
    - 3 :   5,  9, 1011,    1, 21,     3,  4,    101, 5.8e-5
    - 4 :   5,  9, 1012,    1, 21,     3,  4,    101, 5.4e-5
    - 5 :   5,  9, 1014,    1, 21,     3,  4,    102, 5.9e-5
    - 6 :   5,  9, 1026,    1, 21,     3,  4,    103, 6.0e-5
    - 7 :   4,  9,  985,    2, 11,     4,  3,    119, 6.0e-5
    - 8 :   6,  9, 1018,    1, 26,     3,  4,    123, 6.2e-5
    - 9 :   6,  9, 1019,    1, 26,     3,  4,    123, 6.0e-5
    - 10:   6,  9, 1023,    1, 26,     3,  4,    124, 5.4e-5
    - 11:   6,  9, 1041,    1, 26,     3,  4,    126, 5.9e-5
    - 12:   5,  9,  973,    2, 14,     4,  3,    148, 6.0e-5
    - 13:   5,  9,  988,    2, 14,     4,  3,    150, 5.8e-5
    - 14:   4, 10, 1024,    1, 36,     3,  4,    175, 5.7e-5
    - 15:   4, 10, 1024,    1, 36,     3,  4,    175, 5.7e-5
    - 16:   4, 10, 1024,    1, 36,     3,  4,    175, 5.8e-5
    - 17:   4, 10, 1024,    1, 36,     3,  4,    175, 5.9e-5
    - 18:   4, 10, 1024,    1, 36,     3,  4,    175, 6.3e-5
    - 19:   4, 10, 1026,    1, 36,     3,  4,    175, 5.6e-5
    - 20:   4, 10, 1032,    1, 36,     3,  4,    176, 5.8e-5
    - 21:   4, 10, 1085,    1, 36,     3,  4,    184, 6.1e-5
    - 22:   5, 10, 1033,    1, 46,     3,  4,    219, 5.7e-5
    - 23:   5, 10, 1033,    1, 46,     3,  4,    219, 5.7e-5
    - 24:   5, 10, 1033,    1, 46,     3,  4,    219, 5.7e-5
    - 25:   5, 10, 1033,    1, 46,     3,  4,    219, 5.7e-5
    - 26:   5, 10, 1033,    1, 46,     3,  4,    219, 5.8e-5
    - 27:   5, 10, 1033,    1, 46,     3,  4,    219, 6.0e-5
    - 28:   5, 10, 1034,    1, 46,     3,  4,    219, 5.7e-5
    - 29:   5, 10, 1037,    1, 46,     3,  4,    220, 5.9e-5
    - 30:   5, 10, 1054,    1, 46,     3,  4,    223, 5.7e-5
    - 31:   4, 10,  986,    2, 24,     4,  3,    253, 5.3e-5

  - 3: # bits
    -ln2:   k,  N,    n, br_l,br_b, ks_l,ks_b,  cost, p_error
    - 0 :   4,  9, 1097,    1, 17,     5,  3,     96, 6.3e-5
    - 1 :   5,  9, 1125,    1, 21,     3,  4,    112, 6.3e-5
    - 2 :   5,  9, 1126,    1, 21,     3,  4,    112, 6.3e-5
    - 3 :   5,  9, 1131,    1, 21,     3,  4,    112, 6.2e-5
    - 4 :   5,  9, 1099,    1, 21,     4,  3,    115, 6.3e-5
    - 5 :   4,  9, 1096,    2, 11,     4,  3,    132, 6.2e-5
    - 6 :   6,  9, 1141,    1, 26,     3,  4,    137, 6.2e-5
    - 7 :   6,  9, 1142,    1, 26,     3,  4,    137, 6.3e-5
    - 8 :   6,  9, 1150,    1, 26,     3,  4,    138, 6.3e-5
    - 9 :   3, 10, 1082,    1, 26,     3,  4,    140, 5.9e-5
    - 10:   3, 10, 1109,    1, 26,     3,  4,    144, 6.0e-5
    - 11:   5,  9, 1107,    2, 14,     4,  3,    167, 6.3e-5
    - 12:   4, 10, 1090,    1, 36,     3,  4,    185, 5.7e-5
    - 13:   4, 10, 1090,    1, 36,     3,  4,    185, 5.7e-5
    - 14:   4, 10, 1090,    1, 36,     3,  4,    185, 5.7e-5
    - 15:   4, 10, 1090,    1, 36,     3,  4,    185, 5.7e-5
    - 16:   4, 10, 1090,    1, 36,     3,  4,    185, 5.8e-5
    - 17:   4, 10, 1090,    1, 36,     3,  4,    185, 6.3e-5
    - 18:   4, 10, 1093,    1, 36,     3,  4,    185, 5.6e-5
    - 19:   4, 10, 1103,    1, 36,     3,  4,    187, 5.7e-5
    - 20:   4, 10, 1107,    1, 36,     7,  2,    222, 6.3e-5
    - 21:   5, 10, 1101,    1, 46,     3,  4,    232, 5.8e-5
    - 22:   5, 10, 1101,    1, 46,     3,  4,    232, 5.8e-5
    - 23:   5, 10, 1101,    1, 46,     3,  4,    232, 5.8e-5
    - 24:   5, 10, 1101,    1, 46,     3,  4,    232, 5.8e-5
    - 25:   5, 10, 1101,    1, 46,     3,  4,    232, 5.9e-5
    - 26:   5, 10, 1101,    1, 46,     3,  4,    232, 6.1e-5
    - 27:   5, 10, 1102,    1, 46,     3,  4,    233, 6.3e-5
    - 28:   5, 10, 1108,    1, 46,     3,  4,    234, 5.8e-5
    - 29:   5, 10, 1144,    1, 46,     3,  4,    241, 6.3e-5
    - 30:   4, 10, 1052,    2, 24,     4,  3,    269, 6.2e-5
    - 31:   4, 10, 1069,    2, 24,     4,  3,    273, 5.9e-5

  - 4: # bits
    -ln2:   k,  N,    n, br_l,br_b, ks_l,ks_b,  cost, p_error
    - 0 :   2, 10, 1118,    2, 11,     5,  3,    157, 6.2e-5
    - 1 :   2, 10, 1118,    2, 11,     5,  3,    157, 6.3e-5
    - 2 :   2, 10, 1119,    2, 11,     5,  3,    157, 6.3e-5
    - 3 :   2, 10, 1123,    2, 11,     5,  3,    158, 6.3e-5
    - 4 :   3, 10, 1232,    1, 26,     3,  5,    158, 6.2e-5
    - 5 :   3, 10, 1232,    1, 26,     3,  5,    158, 6.3e-5
    - 6 :   3, 10, 1233,    1, 26,     3,  5,    158, 6.3e-5
    - 7 :   3, 10, 1239,    1, 26,     3,  5,    159, 6.2e-5
    - 8 :   3, 10, 1160,    1, 26,     5,  3,    163, 6.3e-5
    - 9 :   4, 10, 1245,    1, 36,     3,  5,    209, 6.3e-5
    - 10:   4, 10, 1245,    1, 36,     3,  5,    209, 6.3e-5
    - 11:   4, 10, 1245,    1, 36,     3,  5,    209, 6.3e-5
    - 12:   4, 10, 1245,    1, 36,     3,  5,    209, 6.3e-5
    - 13:   4, 10, 1245,    1, 36,     3,  5,    209, 6.3e-5
    - 14:   4, 10, 1245,    1, 36,     3,  5,    209, 6.3e-5
    - 15:   4, 10, 1246,    1, 36,     3,  5,    209, 6.2e-5
    - 16:   4, 10, 1249,    1, 36,     3,  5,    209, 6.2e-5
    - 17:   4, 10, 1262,    1, 36,     3,  5,    211, 6.3e-5
    - 18:   2, 11, 1201,    1, 36,     3,  5,    234, 5.6e-5
    - 19:   5, 10, 1256,    1, 46,     3,  5,    262, 6.2e-5
    - 20:   5, 10, 1256,    1, 46,     3,  5,    262, 6.2e-5
    - 21:   5, 10, 1256,    1, 46,     3,  5,    262, 6.2e-5
    - 22:   5, 10, 1256,    1, 46,     3,  5,    262, 6.2e-5
    - 23:   5, 10, 1256,    1, 46,     3,  5,    262, 6.2e-5
    - 24:   5, 10, 1256,    1, 46,     3,  5,    262, 6.3e-5
    - 25:   5, 10, 1258,    1, 46,     3,  5,    263, 6.2e-5
    - 26:   5, 10, 1264,    1, 46,     3,  5,    264, 6.3e-5
    - 27:   5, 10, 1188,    1, 46,     5,  3,    272, 6.3e-5
    - 28:   4, 10, 1152,    2, 24,     5,  3,    302, 6.1e-5
    - 29:   4, 10, 1165,    2, 24,     5,  3,    306, 6.2e-5
    - 30:   6, 10, 1276,    1, 50,     3,  5,    321, 6.2e-5
    - 31:   3, 11, 1215,    1, 49,     3,  5,    332, 5.9e-5

  - 5: # bits
    -ln2:   k,  N,    n, br_l,br_b, ks_l,ks_b,  cost, p_error
    - 0 :   1, 11, 1181,    2, 11,     5,  3,    215, 6.1e-5
    - 1 :   1, 11, 1182,    2, 11,     5,  3,    215, 6.2e-5
    - 2 :   1, 11, 1189,    2, 11,     5,  3,    217, 6.3e-5
    - 3 :   1, 11, 1198,    2, 11,     8,  2,    232, 6.3e-5
    - 4 :   2, 11, 1258,    1, 36,     4,  4,    254, 6.3e-5
    - 5 :   2, 11, 1258,    1, 36,     4,  4,    254, 6.3e-5
    - 6 :   2, 11, 1258,    1, 36,     4,  4,    254, 6.3e-5
    - 7 :   2, 11, 1258,    1, 36,     4,  4,    254, 6.3e-5
    - 8 :   2, 11, 1258,    1, 36,     4,  4,    254, 6.3e-5
    - 9 :   2, 11, 1258,    1, 36,     4,  4,    254, 6.3e-5
    - 10:   2, 11, 1258,    1, 36,     4,  4,    254, 6.3e-5
    - 11:   2, 11, 1258,    1, 36,     4,  4,    254, 6.3e-5
    - 12:   2, 11, 1258,    1, 36,     4,  4,    254, 6.3e-5
    - 13:   2, 11, 1258,    1, 36,     4,  4,    254, 6.3e-5
    - 14:   2, 11, 1259,    1, 36,     4,  4,    254, 6.3e-5
    - 15:   2, 11, 1262,    1, 36,     4,  4,    255, 6.3e-5
    - 16:   2, 11, 1280,    1, 36,     4,  4,    258, 6.3e-5
    - 17:   1, 12, 1173,    1, 36,     5,  3,    318, 5.7e-5
    - 18:   2, 11, 1215,    2, 24,     5,  3,    362, 6.3e-5
    - 19:   2, 11, 1215,    2, 24,     5,  3,    362, 6.3e-5
    - 20:   2, 11, 1215,    2, 24,     5,  3,    362, 6.3e-5
    - 21:   2, 11, 1215,    2, 24,     5,  3,    362, 6.3e-5
    - 22:   2, 11, 1215,    2, 24,     5,  3,    362, 6.3e-5
    - 23:   2, 11, 1215,    2, 24,     5,  3,    362, 6.3e-5
    - 24:   2, 11, 1216,    2, 24,     5,  3,    362, 6.2e-5
    - 25:   2, 11, 1216,    2, 24,     5,  3,    362, 6.2e-5
    - 26:   2, 11, 1217,    2, 24,     5,  3,    363, 6.2e-5
    - 27:   3, 11, 1279,    1, 49,     4,  4,    363, 6.3e-5
    - 28:   3, 11, 1282,    1, 49,     4,  4,    364, 6.3e-5
    - 29:   3, 11, 1301,    1, 49,     4,  4,    369, 6.3e-5
    - 30:   2, 11, 1216,    3, 18,     5,  3,    469, 6.2e-5
    - 31:   2, 11, 1216,    3, 18,     5,  3,    469, 6.2e-5

  - 6: # bits
    -ln2:   k,  N,    n, br_l,br_b, ks_l,ks_b,  cost, p_error
    - 0 :   1, 12, 1337,    1, 36,     4,  4,    350, 6.2e-5
    - 1 :   1, 12, 1337,    1, 36,     4,  4,    350, 6.2e-5
    - 2 :   1, 12, 1337,    1, 36,     4,  4,    350, 6.2e-5
    - 3 :   1, 12, 1337,    1, 36,     4,  4,    350, 6.2e-5
    - 4 :   1, 12, 1337,    1, 36,     4,  4,    350, 6.2e-5
    - 5 :   1, 12, 1337,    1, 36,     4,  4,    350, 6.2e-5
    - 6 :   1, 12, 1337,    1, 36,     4,  4,    350, 6.2e-5
    - 7 :   1, 12, 1337,    1, 36,     4,  4,    350, 6.2e-5
    - 8 :   1, 12, 1337,    1, 36,     4,  4,    350, 6.2e-5
    - 9 :   1, 12, 1337,    1, 36,     4,  4,    350, 6.2e-5
    - 10:   1, 12, 1337,    1, 36,     4,  4,    350, 6.3e-5
    - 11:   1, 12, 1337,    1, 36,     4,  4,    350, 6.3e-5
    - 12:   1, 12, 1337,    1, 36,     4,  4,    350, 6.3e-5
    - 13:   1, 12, 1339,    1, 36,     4,  4,    350, 6.3e-5
    - 14:   1, 12, 1351,    1, 36,     4,  4,    353, 6.3e-5
    - 15:   1, 12, 1306,    1, 36,     6,  3,    362, 6.3e-5
    - 16:   1, 12, 1275,    2, 24,     6,  3,    504, 6.3e-5
    - 17:   1, 12, 1275,    2, 24,     6,  3,    504, 6.3e-5
    - 18:   1, 12, 1275,    2, 24,     6,  3,    504, 6.3e-5
    - 19:   1, 12, 1275,    2, 24,     6,  3,    504, 6.3e-5
    - 20:   1, 12, 1275,    2, 24,     6,  3,    504, 6.3e-5
    - 21:   1, 12, 1275,    2, 24,     6,  3,    504, 6.3e-5
    - 22:   1, 12, 1275,    2, 24,     6,  3,    504, 6.3e-5
    - 23:   1, 12, 1275,    2, 24,     6,  3,    504, 6.3e-5
    - 24:   1, 12, 1276,    2, 24,     6,  3,    504, 6.2e-5
    - 25:   1, 12, 1277,    2, 24,     6,  3,    504, 6.3e-5
    - 26:   1, 12, 1284,    2, 24,     6,  3,    507, 6.3e-5
    - 27:   2, 12, 1316,    1, 49,     6,  3,    602, 6.3e-5
    - 28:   1, 12, 1275,    3, 18,     6,  3,    653, 6.3e-5
    - 29:   1, 12, 1276,    3, 18,     6,  3,    654, 6.1e-5
    - 30:   1, 12, 1276,    3, 18,     6,  3,    654, 6.2e-5
    - 31:   1, 12, 1278,    3, 18,     6,  3,    655, 6.3e-5

  - 7: # bits
    -ln2:   k,  N,    n, br_l,br_b, ks_l,ks_b,  cost, p_error
    - 0 :   1, 13, 1384,    1, 49,     6,  3,    810, 6.3e-5
    - 1 :   1, 13, 1384,    1, 49,     6,  3,    810, 6.3e-5
    - 2 :   1, 13, 1384,    1, 49,     6,  3,    810, 6.3e-5
    - 3 :   1, 13, 1384,    1, 49,     6,  3,    810, 6.3e-5
    - 4 :   1, 13, 1384,    1, 49,     6,  3,    810, 6.3e-5
    - 5 :   1, 13, 1384,    1, 49,     6,  3,    810, 6.3e-5
    - 6 :   1, 13, 1384,    1, 49,     6,  3,    810, 6.3e-5
    - 7 :   1, 13, 1384,    1, 49,     6,  3,    810, 6.3e-5
    - 8 :   1, 13, 1384,    1, 49,     6,  3,    810, 6.3e-5
    - 9 :   1, 13, 1384,    1, 49,     6,  3,    810, 6.3e-5
    - 10:   1, 13, 1384,    1, 49,     6,  3,    810, 6.3e-5
    - 11:   1, 13, 1384,    1, 49,     6,  3,    810, 6.3e-5
    - 12:   1, 13, 1384,    1, 49,     6,  3,    810, 6.3e-5
    - 13:   1, 13, 1384,    1, 49,     6,  3,    810, 6.3e-5
    - 14:   1, 13, 1384,    1, 49,     6,  3,    810, 6.3e-5
    - 15:   1, 13, 1384,    1, 49,     6,  3,    810, 6.3e-5
    - 16:   1, 13, 1384,    1, 49,     6,  3,    810, 6.3e-5
    - 17:   1, 13, 1384,    1, 49,     6,  3,    810, 6.3e-5
    - 18:   1, 13, 1384,    1, 49,     6,  3,    810, 6.3e-5
    - 19:   1, 13, 1384,    1, 49,     6,  3,    810, 6.3e-5
    - 20:   1, 13, 1384,    1, 49,     6,  3,    810, 6.3e-5
    - 21:   1, 13, 1384,    1, 49,     6,  3,    810, 6.3e-5
    - 22:   1, 13, 1384,    1, 49,     6,  3,    810, 6.3e-5
    - 23:   1, 13, 1385,    1, 49,     6,  3,    811, 6.3e-5
    - 24:   1, 13, 1386,    1, 49,     6,  3,    811, 6.3e-5
    - 25:   1, 13, 1393,    1, 49,     6,  3,    815, 6.3e-5
    - 26:   1, 13, 1373,    1, 49,     9,  2,    868, 6.3e-5
    - 27:   1, 13, 1384,    2, 33,     6,  3,   1156, 6.3e-5
    - 28:   1, 13, 1384,    2, 33,     6,  3,   1156, 6.3e-5
    - 29:   1, 13, 1384,    2, 33,     6,  3,   1156, 6.3e-5
    - 30:   1, 13, 1384,    2, 33,     6,  3,   1156, 6.3e-5
    - 31:   1, 13, 1384,    2, 33,     6,  3,   1156, 6.3e-5

  - 8: # bits
    -ln2:   k,  N,    n, br_l,br_b, ks_l,ks_b,  cost, p_error
    - 0 :   1, 14, 1461,    1, 48,    10,  2,   1982, 6.3e-5
    - 1 :   1, 14, 1461,    1, 48,    10,  2,   1982, 6.3e-5
    - 2 :   1, 14, 1461,    1, 48,    10,  2,   1982, 6.3e-5
    - 3 :   1, 14, 1461,    1, 48,    10,  2,   1982, 6.3e-5
    - 4 :   1, 14, 1461,    1, 48,    10,  2,   1982, 6.3e-5
    - 5 :   1, 14, 1461,    1, 48,    10,  2,   1982, 6.3e-5
    - 6 :   1, 14, 1461,    1, 48,    10,  2,   1982, 6.3e-5
    - 7 :   1, 14, 1461,    1, 48,    10,  2,   1982, 6.3e-5
    - 8 :   1, 14, 1461,    1, 48,    10,  2,   1982, 6.3e-5
    - 9 :   1, 14, 1461,    1, 48,    10,  2,   1982, 6.3e-5
    - 10:   1, 14, 1461,    1, 48,    10,  2,   1982, 6.3e-5
    - 11:   1, 14, 1461,    1, 48,    10,  2,   1982, 6.3e-5
    - 12:   1, 14, 1461,    1, 48,    10,  2,   1982, 6.3e-5
    - 13:   1, 14, 1461,    1, 48,    10,  2,   1982, 6.3e-5
    - 14:   1, 14, 1461,    1, 48,    10,  2,   1982, 6.3e-5
    - 15:   1, 14, 1461,    1, 48,    10,  2,   1982, 6.3e-5
    - 16:   1, 14, 1461,    1, 48,    10,  2,   1982, 6.3e-5
    - 17:   1, 14, 1461,    1, 48,    10,  2,   1982, 6.3e-5
    - 18:   1, 14, 1461,    1, 48,    10,  2,   1982, 6.3e-5
    - 19:   1, 14, 1461,    1, 48,    10,  2,   1982, 6.3e-5
    - 20:   1, 14, 1461,    1, 48,    10,  2,   1982, 6.3e-5
    - 21:   1, 14, 1463,    1, 48,    10,  2,   1984, 6.3e-5
    - 22:   1, 14, 1473,    1, 48,    10,  2,   1997, 6.3e-5
    - 23:   1, 14, 1473,    1, 48,    11,  2,   2043, 6.3e-5
    - 24:   1, 14, 1461,    2, 32,    10,  2,   2758, 6.3e-5
    - 25:   1, 14, 1461,    2, 32,    10,  2,   2758, 6.3e-5
    - 26:   1, 14, 1461,    2, 32,    10,  2,   2758, 6.3e-5
    - 27:   1, 14, 1461,    2, 32,    10,  2,   2758, 6.3e-5
    - 28:   1, 14, 1461,    2, 32,    10,  2,   2758, 6.3e-5
    - 29:   1, 14, 1461,    2, 32,    10,  2,   2758, 6.3e-5
    - 30:   1, 14, 1461,    2, 32,    10,  2,   2758, 6.3e-5
    - 31:   1, 14, 1461,    2, 32,    10,  2,   2758, 6.3e-5

  - 9: # bits
    -ln2:   k,  N,    n, br_l,br_b, ks_l,ks_b,  cost, p_error
    - 0 :   1, 16, 1537,    1, 48,     5,  4,   8134, 6.0e-5
    - 1 :   1, 16, 1537,    1, 48,     5,  4,   8134, 6.0e-5
    - 2 :   1, 16, 1537,    1, 48,     5,  4,   8134, 6.0e-5
    - 3 :   1, 16, 1537,    1, 48,     5,  4,   8134, 6.0e-5
    - 4 :   1, 16, 1537,    1, 48,     5,  4,   8134, 6.0e-5
    - 5 :   1, 16, 1537,    1, 48,     5,  4,   8134, 6.0e-5
    - 6 :   1, 16, 1537,    1, 48,     5,  4,   8134, 6.0e-5
    - 7 :   1, 16, 1537,    1, 48,     5,  4,   8134, 6.0e-5
    - 8 :   1, 16, 1537,    1, 48,     5,  4,   8134, 6.0e-5
    - 9 :   1, 16, 1537,    1, 48,     5,  4,   8134, 6.0e-5
    - 10:   1, 16, 1537,    1, 48,     5,  4,   8134, 6.0e-5
    - 11:   1, 16, 1537,    1, 48,     5,  4,   8134, 6.0e-5
    - 12:   1, 16, 1537,    1, 48,     5,  4,   8134, 6.0e-5
    - 13:   1, 16, 1537,    1, 48,     5,  4,   8134, 6.0e-5
    - 14:   1, 16, 1537,    1, 48,     5,  4,   8134, 6.0e-5
    - 15:   1, 16, 1537,    1, 48,     5,  4,   8134, 6.0e-5
    - 16:   1, 16, 1537,    1, 48,     5,  4,   8134, 6.0e-5
    - 17:   1, 16, 1537,    1, 48,     5,  4,   8134, 6.1e-5
    - 18:   1, 16, 1537,    1, 48,     5,  4,   8134, 6.1e-5
    - 19:   1, 16, 1537,    1, 48,     5,  4,   8134, 6.1e-5
    - 20:   1, 16, 1537,    1, 48,     5,  4,   8134, 6.3e-5
    - 21:   1, 16, 1538,    1, 48,     5,  4,   8139, 6.1e-5
    - 22:   1, 16, 1542,    1, 48,     5,  4,   8159, 5.7e-5
    - 23:   1, 16, 1559,    1, 48,     5,  4,   8246, 6.3e-5
    - 24:   1, 16, 1537,    2, 32,     5,  4,  11784, 6.0e-5
    - 25:   1, 16, 1537,    2, 32,     5,  4,  11784, 6.0e-5
    - 26:   1, 16, 1537,    2, 32,     5,  4,  11784, 6.0e-5
    - 27:   1, 16, 1537,    2, 32,     5,  4,  11784, 6.0e-5
    - 28:   1, 16, 1537,    2, 32,     5,  4,  11784, 6.0e-5
    - 29:   1, 16, 1537,    2, 32,     5,  4,  11784, 6.0e-5
    - 30:   1, 16, 1537,    2, 32,     5,  4,  11784, 6.0e-5
    - 31:   1, 16, 1537,    2, 32,     5,  4,  11784, 6.0e-5

  - 10: # bits
    -ln2:   k,  N,    n, br_l,br_b, ks_l,ks_b,  cost, p_error
    - 0 :   1, 17, 1615,    1, 48,     6,  4,  18279, 5.7e-5
    - 1 :   1, 17, 1615,    1, 48,     6,  4,  18279, 5.7e-5
    - 2 :   1, 17, 1615,    1, 48,     6,  4,  18279, 5.7e-5
    - 3 :   1, 17, 1615,    1, 48,     6,  4,  18279, 5.7e-5
    - 4 :   1, 17, 1615,    1, 48,     6,  4,  18279, 5.7e-5
    - 5 :   1, 17, 1615,    1, 48,     6,  4,  18279, 5.7e-5
    - 6 :   1, 17, 1615,    1, 48,     6,  4,  18279, 5.7e-5
    - 7 :   1, 17, 1615,    1, 48,     6,  4,  18279, 5.7e-5
    - 8 :   1, 17, 1615,    1, 48,     6,  4,  18279, 5.7e-5
    - 9 :   1, 17, 1615,    1, 48,     6,  4,  18279, 5.7e-5
    - 10:   1, 17, 1615,    1, 48,     6,  4,  18279, 5.7e-5
    - 11:   1, 17, 1615,    1, 48,     6,  4,  18279, 5.7e-5
    - 12:   1, 17, 1615,    1, 48,     6,  4,  18279, 5.7e-5
    - 13:   1, 17, 1615,    1, 48,     6,  4,  18279, 5.7e-5
    - 14:   1, 17, 1615,    1, 48,     6,  4,  18279, 5.7e-5
    - 15:   1, 17, 1615,    1, 48,     6,  4,  18279, 5.7e-5
    - 16:   1, 17, 1615,    1, 48,     6,  4,  18279, 5.7e-5
    - 17:   1, 17, 1615,    1, 48,     6,  4,  18279, 5.7e-5
    - 18:   1, 17, 1615,    1, 48,     6,  4,  18279, 5.8e-5
    - 19:   1, 17, 1615,    1, 48,     6,  4,  18279, 6.3e-5
    - 20:   1, 17, 1618,    1, 48,     6,  4,  18312, 5.5e-5
    - 21:   1, 17, 1627,    1, 48,     6,  4,  18411, 6.0e-5
    - 22:   1, 17, 1615,    2, 32,     6,  4,  26354, 5.7e-5
    - 23:   1, 17, 1615,    2, 32,     6,  4,  26354, 5.7e-5
    - 24:   1, 17, 1615,    2, 32,     6,  4,  26354, 5.7e-5
    - 25:   1, 17, 1615,    2, 32,     6,  4,  26354, 5.7e-5
    - 26:   1, 17, 1615,    2, 32,     6,  4,  26354, 5.7e-5
    - 27:   1, 17, 1615,    2, 32,     6,  4,  26354, 5.7e-5
    - 28:   1, 17, 1615,    2, 32,     6,  4,  26354, 5.7e-5
    - 29:   1, 17, 1615,    2, 32,     6,  4,  26354, 5.7e-5
    - 30:   1, 17, 1615,    2, 32,     6,  4,  26354, 5.7e-5
    - 31:   1, 17, 1615,    2, 32,     6,  4,  26354, 5.7e-5
