security level: 112
target p_error: 6.3e-5
per precision and log norm2:

  - 1: # bits
    -ln2:   k,  N,    n, br_l,br_b, ks_l,ks_b,  cost, p_error
    - 0 :   4,  8,  512,    1, 13,     3,  3,     21, 2.4e-5
    - 1 :   5,  8,  512,    1, 17,     3,  3,     26, 1.0e-5
    - 2 :   5,  8,  512,    1, 17,     3,  3,     26, 1.3e-5
    - 3 :   5,  8,  512,    1, 17,     3,  3,     26, 2.4e-5
    - 4 :   5,  8,  520,    1, 17,     3,  3,     27, 6.1e-5
    - 5 :   4,  8,  530,    2,  9,     4,  3,     32, 6.0e-5
    - 6 :   6,  8,  512,    1, 21,     3,  3,     32, 6.1e-5
    - 7 :   6,  8,  516,    1, 21,     3,  3,     32, 5.6e-5
    - 8 :   6,  8,  543,    1, 21,     3,  3,     33, 6.3e-5
    - 9 :   5,  8,  515,    2, 12,     3,  3,     38, 5.9e-5
    - 10:   4,  9,  519,    1, 29,     3,  3,     45, 5.6e-5
    - 11:   4,  9,  519,    1, 29,     3,  3,     45, 5.6e-5
    - 12:   4,  9,  519,    1, 29,     3,  3,     45, 5.8e-5
    - 13:   4,  9,  520,    1, 29,     3,  3,     45, 5.2e-5
    - 14:   4,  9,  522,    1, 29,     3,  3,     45, 5.5e-5
    - 15:   4,  9,  533,    1, 29,     3,  3,     46, 6.3e-5
    - 16:   5,  9,  528,    1, 36,     3,  3,     57, 5.4e-5
    - 17:   5,  9,  528,    1, 36,     3,  3,     57, 5.4e-5
    - 18:   5,  9,  528,    1, 36,     3,  3,     57, 5.4e-5
    - 19:   5,  9,  528,    1, 36,     3,  3,     57, 5.5e-5
    - 20:   5,  9,  528,    1, 36,     3,  3,     57, 5.8e-5
    - 21:   5,  9,  529,    1, 36,     3,  3,     58, 6.1e-5
    - 22:   5,  9,  535,    1, 36,     3,  3,     58, 6.0e-5
    - 23:   5,  9,  573,    1, 36,     3,  4,     62, 6.3e-5
    - 24:   4,  9,  527,    2, 19,     3,  3,     65, 6.1e-5
    - 25:   6,  9,  536,    1, 44,     3,  3,     70, 5.8e-5
    - 26:   6,  9,  536,    1, 44,     3,  3,     70, 5.9e-5
    - 27:   6,  9,  536,    1, 44,     3,  3,     70, 6.0e-5
    - 28:   6,  9,  537,    1, 44,     3,  3,     71, 5.7e-5
    - 29:   6,  9,  539,    1, 44,     3,  3,     71, 6.3e-5
    - 30:   6,  9,  556,    1, 44,     3,  3,     73, 6.0e-5
    - 31:   5,  9,  528,    2, 24,     3,  3,     82, 5.5e-5

  - 2: # bits
    -ln2:   k,  N,    n, br_l,br_b, ks_l,ks_b,  cost, p_error
    - 0 :   5,  8,  610,    1, 17,     2,  5,     29, 5.8e-5
    - 1 :   5,  8,  611,    1, 17,     2,  5,     29, 6.0e-5
    - 2 :   5,  8,  579,    1, 17,     3,  4,     29, 6.1e-5
    - 3 :   5,  8,  600,    1, 17,     3,  4,     30, 6.0e-5
    - 4 :   6,  8,  580,    1, 21,     3,  4,     35, 6.0e-5
    - 5 :   6,  8,  581,    1, 21,     3,  4,     35, 6.1e-5
    - 6 :   6,  8,  586,    1, 21,     3,  4,     36, 5.8e-5
    - 7 :   3,  9,  595,    1, 21,     3,  4,     39, 6.2e-5
    - 8 :   5,  8,  562,    2, 12,     4,  3,     42, 5.8e-5
    - 9 :   4,  9,  578,    1, 29,     3,  4,     50, 5.0e-5
    - 10:   4,  9,  578,    1, 29,     3,  4,     50, 5.0e-5
    - 11:   4,  9,  578,    1, 29,     3,  4,     50, 5.2e-5
    - 12:   4,  9,  578,    1, 29,     3,  4,     50, 5.9e-5
    - 13:   4,  9,  580,    1, 29,     3,  4,     50, 5.5e-5
    - 14:   4,  9,  589,    1, 29,     3,  4,     50, 5.4e-5
    - 15:   5,  9,  583,    1, 36,     3,  4,     62, 5.9e-5
    - 16:   5,  9,  583,    1, 36,     3,  4,     62, 5.9e-5
    - 17:   5,  9,  583,    1, 36,     3,  4,     62, 5.9e-5
    - 18:   5,  9,  583,    1, 36,     3,  4,     62, 6.0e-5
    - 19:   5,  9,  584,    1, 36,     3,  4,     63, 4.7e-5
    - 20:   5,  9,  584,    1, 36,     3,  4,     63, 6.2e-5
    - 21:   5,  9,  588,    1, 36,     3,  4,     63, 6.0e-5
    - 22:   5,  9,  622,    1, 36,     3,  4,     66, 6.1e-5
    - 23:   4,  9,  558,    2, 19,     4,  3,     71, 5.3e-5
    - 24:   6,  9,  588,    1, 44,     3,  4,     76, 5.2e-5
    - 25:   6,  9,  588,    1, 44,     3,  4,     76, 5.2e-5
    - 26:   6,  9,  588,    1, 44,     3,  4,     76, 5.4e-5
    - 27:   6,  9,  588,    1, 44,     3,  4,     76, 6.0e-5
    - 28:   6,  9,  590,    1, 44,     3,  4,     76, 5.3e-5
    - 29:   6,  9,  597,    1, 44,     3,  4,     77, 6.3e-5
    - 30:   5,  9,  557,    2, 24,     4,  3,     89, 5.9e-5
    - 31:   5,  9,  558,    2, 24,     4,  3,     89, 4.7e-5

  - 3: # bits
    -ln2:   k,  N,    n, br_l,br_b, ks_l,ks_b,  cost, p_error
    - 0 :   2,  9,  579,    2,  9,     4,  3,     39, 6.0e-5
    - 1 :   2,  9,  581,    2,  9,     4,  3,     39, 5.7e-5
    - 2 :   2,  9,  590,    2,  9,     4,  3,     39, 5.6e-5
    - 3 :   3,  9,  617,    1, 21,     3,  4,     40, 5.6e-5
    - 4 :   3,  9,  618,    1, 21,     3,  4,     40, 6.0e-5
    - 5 :   3,  9,  625,    1, 21,     3,  4,     40, 5.6e-5
    - 6 :   4,  9,  625,    1, 29,     3,  4,     53, 5.3e-5
    - 7 :   4,  9,  625,    1, 29,     3,  4,     53, 5.4e-5
    - 8 :   4,  9,  625,    1, 29,     3,  4,     53, 5.4e-5
    - 9 :   4,  9,  625,    1, 29,     3,  4,     53, 5.4e-5
    - 10:   4,  9,  625,    1, 29,     3,  4,     53, 5.6e-5
    - 11:   4,  9,  626,    1, 29,     3,  4,     53, 5.5e-5
    - 12:   4,  9,  629,    1, 29,     3,  4,     53, 6.0e-5
    - 13:   4,  9,  658,    1, 29,     3,  4,     55, 6.2e-5
    - 14:   5,  9,  631,    1, 36,     3,  4,     67, 6.0e-5
    - 15:   5,  9,  631,    1, 36,     3,  4,     67, 6.0e-5
    - 16:   5,  9,  631,    1, 36,     3,  4,     67, 6.0e-5
    - 17:   5,  9,  631,    1, 36,     3,  4,     67, 6.1e-5
    - 18:   5,  9,  632,    1, 36,     3,  4,     67, 5.6e-5
    - 19:   5,  9,  634,    1, 36,     3,  4,     67, 5.5e-5
    - 20:   5,  9,  643,    1, 36,     3,  4,     68, 6.0e-5
    - 21:   4,  9,  600,    2, 19,     4,  3,     75, 6.2e-5
    - 22:   4,  9,  611,    2, 19,     4,  3,     77, 6.2e-5
    - 23:   6,  9,  637,    1, 44,     3,  4,     82, 5.7e-5
    - 24:   6,  9,  637,    1, 44,     3,  4,     82, 5.7e-5
    - 25:   6,  9,  637,    1, 44,     3,  4,     82, 5.9e-5
    - 26:   6,  9,  638,    1, 44,     3,  4,     82, 5.7e-5
    - 27:   6,  9,  641,    1, 44,     3,  4,     82, 6.2e-5
    - 28:   6,  9,  670,    1, 44,     3,  4,     85, 6.2e-5
    - 29:   5,  9,  604,    2, 24,     4,  3,     96, 6.3e-5
    - 30:   5,  9,  605,    2, 24,     4,  3,     96, 5.8e-5
    - 31:   5,  9,  607,    2, 24,     4,  3,     96, 6.0e-5

  - 4: # bits
    -ln2:   k,  N,    n, br_l,br_b, ks_l,ks_b,  cost, p_error
    - 0 :   1, 10,  624,    2,  9,     4,  3,     53, 5.8e-5
    - 1 :   1, 10,  648,    2,  9,     4,  3,     55, 6.3e-5
    - 2 :   2, 10,  678,    1, 29,     3,  4,     65, 6.0e-5
    - 3 :   2, 10,  678,    1, 29,     3,  4,     65, 6.0e-5
    - 4 :   2, 10,  678,    1, 29,     3,  4,     65, 6.0e-5
    - 5 :   2, 10,  678,    1, 29,     3,  4,     65, 6.0e-5
    - 6 :   2, 10,  678,    1, 29,     3,  4,     65, 6.0e-5
    - 7 :   2, 10,  678,    1, 29,     3,  4,     65, 6.0e-5
    - 8 :   2, 10,  678,    1, 29,     3,  4,     65, 6.1e-5
    - 9 :   2, 10,  679,    1, 29,     3,  4,     65, 5.9e-5
    - 10:   2, 10,  681,    1, 29,     3,  4,     65, 6.2e-5
    - 11:   2, 10,  695,    1, 29,     3,  5,     67, 6.1e-5
    - 12:   2, 10,  668,    1, 29,     5,  3,     70, 6.2e-5
    - 13:   2, 10,  650,    2, 19,     4,  3,     92, 6.0e-5
    - 14:   2, 10,  650,    2, 19,     4,  3,     92, 6.0e-5
    - 15:   2, 10,  650,    2, 19,     4,  3,     92, 6.1e-5
    - 16:   2, 10,  650,    2, 19,     4,  3,     92, 6.1e-5
    - 17:   2, 10,  650,    2, 19,     4,  3,     92, 6.1e-5
    - 18:   2, 10,  650,    2, 19,     4,  3,     92, 6.3e-5
    - 19:   2, 10,  652,    2, 19,     4,  3,     92, 6.0e-5
    - 20:   2, 10,  637,    2, 19,     5,  3,     93, 5.9e-5
    - 21:   2, 10,  649,    2, 19,     5,  3,     94, 5.9e-5
    - 22:   3, 10,  700,    1, 44,     3,  5,     95, 5.7e-5
    - 23:   3, 10,  700,    1, 44,     3,  5,     95, 5.7e-5
    - 24:   3, 10,  700,    1, 44,     3,  5,     95, 5.9e-5
    - 25:   3, 10,  701,    1, 44,     3,  5,     95, 5.7e-5
    - 26:   3, 10,  704,    1, 44,     3,  5,     95, 6.3e-5
    - 27:   3, 10,  732,    1, 44,     3,  5,     99, 6.3e-5
    - 28:   4, 10,  707,    1, 50,     3,  5,    125, 6.0e-5
    - 29:   4, 10,  707,    1, 50,     3,  5,    125, 6.1e-5
    - 30:   4, 10,  708,    1, 50,     3,  5,    125, 5.6e-5
    - 31:   4, 10,  710,    1, 50,     3,  5,    126, 5.5e-5

  - 5: # bits
    -ln2:   k,  N,    n, br_l,br_b, ks_l,ks_b,  cost, p_error
    - 0 :   1, 11,  669,    1, 29,     5,  3,     89, 6.2e-5
    - 1 :   1, 11,  669,    1, 29,     5,  3,     89, 6.2e-5
    - 2 :   1, 11,  669,    1, 29,     5,  3,     89, 6.2e-5
    - 3 :   1, 11,  669,    1, 29,     5,  3,     89, 6.2e-5
    - 4 :   1, 11,  669,    1, 29,     5,  3,     89, 6.2e-5
    - 5 :   1, 11,  669,    1, 29,     5,  3,     89, 6.2e-5
    - 6 :   1, 11,  669,    1, 29,     5,  3,     89, 6.2e-5
    - 7 :   1, 11,  669,    1, 29,     5,  3,     89, 6.3e-5
    - 8 :   1, 11,  670,    1, 29,     5,  3,     89, 5.5e-5
    - 9 :   1, 11,  671,    1, 29,     5,  3,     89, 5.7e-5
    - 10:   1, 11,  676,    1, 29,     5,  3,     89, 6.2e-5
    - 11:   1, 11,  669,    2, 19,     5,  3,    125, 6.2e-5
    - 12:   1, 11,  669,    2, 19,     5,  3,    125, 6.2e-5
    - 13:   1, 11,  669,    2, 19,     5,  3,    125, 6.2e-5
    - 14:   1, 11,  669,    2, 19,     5,  3,    125, 6.2e-5
    - 15:   1, 11,  669,    2, 19,     5,  3,    125, 6.2e-5
    - 16:   1, 11,  669,    2, 19,     5,  3,    125, 6.2e-5
    - 17:   1, 11,  670,    2, 19,     5,  3,    125, 5.3e-5
    - 18:   1, 11,  670,    2, 19,     5,  3,    125, 6.1e-5
    - 19:   1, 11,  673,    2, 19,     5,  3,    126, 6.1e-5
    - 20:   1, 11,  693,    2, 19,     5,  3,    129, 6.2e-5
    - 21:   2, 11,  743,    1, 49,     3,  5,    150, 6.1e-5
    - 22:   2, 11,  743,    1, 49,     3,  5,    150, 6.1e-5
    - 23:   2, 11,  743,    1, 49,     3,  5,    150, 6.1e-5
    - 24:   2, 11,  743,    1, 49,     3,  5,    150, 6.1e-5
    - 25:   2, 11,  743,    1, 49,     3,  5,    150, 6.1e-5
    - 26:   2, 11,  743,    1, 49,     3,  5,    150, 6.1e-5
    - 27:   2, 11,  743,    1, 49,     3,  5,    150, 6.2e-5
    - 28:   2, 11,  744,    1, 49,     3,  5,    151, 5.4e-5
    - 29:   2, 11,  744,    1, 49,     3,  5,    151, 6.2e-5
    - 30:   2, 11,  748,    1, 49,     3,  5,    151, 6.1e-5
    - 31:   2, 11,  741,    1, 49,     4,  4,    156, 6.2e-5

  - 6: # bits
    -ln2:   k,  N,    n, br_l,br_b, ks_l,ks_b,  cost, p_error
    - 0 :   1, 12,  751,    1, 49,     4,  4,    203, 5.5e-5
    - 1 :   1, 12,  751,    1, 49,     4,  4,    203, 5.5e-5
    - 2 :   1, 12,  751,    1, 49,     4,  4,    203, 5.5e-5
    - 3 :   1, 12,  751,    1, 49,     4,  4,    203, 5.5e-5
    - 4 :   1, 12,  751,    1, 49,     4,  4,    203, 5.5e-5
    - 5 :   1, 12,  751,    1, 49,     4,  4,    203, 5.5e-5
    - 6 :   1, 12,  751,    1, 49,     4,  4,    203, 5.5e-5
    - 7 :   1, 12,  751,    1, 49,     4,  4,    203, 5.5e-5
    - 8 :   1, 12,  751,    1, 49,     4,  4,    203, 5.5e-5
    - 9 :   1, 12,  751,    1, 49,     4,  4,    203, 5.5e-5
    - 10:   1, 12,  751,    1, 49,     4,  4,    203, 5.5e-5
    - 11:   1, 12,  751,    1, 49,     4,  4,    203, 5.5e-5
    - 12:   1, 12,  751,    1, 49,     4,  4,    203, 5.5e-5
    - 13:   1, 12,  751,    1, 49,     4,  4,    203, 5.5e-5
    - 14:   1, 12,  751,    1, 49,     4,  4,    203, 5.5e-5
    - 15:   1, 12,  751,    1, 49,     4,  4,    203, 5.5e-5
    - 16:   1, 12,  751,    1, 49,     4,  4,    203, 5.5e-5
    - 17:   1, 12,  751,    1, 49,     4,  4,    203, 5.5e-5
    - 18:   1, 12,  751,    1, 49,     4,  4,    203, 5.5e-5
    - 19:   1, 12,  751,    1, 49,     4,  4,    203, 5.5e-5
    - 20:   1, 12,  751,    1, 49,     4,  4,    203, 5.5e-5
    - 21:   1, 12,  751,    1, 49,     4,  4,    203, 5.5e-5
    - 22:   1, 12,  751,    1, 49,     4,  4,    203, 5.5e-5
    - 23:   1, 12,  751,    1, 49,     4,  4,    203, 5.5e-5
    - 24:   1, 12,  751,    1, 49,     4,  4,    203, 5.5e-5
    - 25:   1, 12,  751,    1, 49,     4,  4,    203, 5.5e-5
    - 26:   1, 12,  751,    1, 49,     4,  4,    203, 5.6e-5
    - 27:   1, 12,  751,    1, 49,     4,  4,    203, 5.9e-5
    - 28:   1, 12,  752,    1, 49,     4,  4,    204, 6.1e-5
    - 29:   1, 12,  758,    1, 49,     4,  4,    205, 6.2e-5
    - 30:   1, 12,  730,    2, 33,     5,  3,    289, 5.7e-5
    - 31:   1, 12,  730,    2, 33,     5,  3,    289, 5.7e-5

  - 7: # bits
    -ln2:   k,  N,    n, br_l,br_b, ks_l,ks_b,  cost, p_error
    - 0 :   1, 13,  777,    1, 49,     6,  3,    469, 6.3e-5
    - 1 :   1, 13,  777,    1, 49,     6,  3,    469, 6.3e-5
    - 2 :   1, 13,  777,    1, 49,     6,  3,    469, 6.3e-5
    - 3 :   1, 13,  777,    1, 49,     6,  3,    469, 6.3e-5
    - 4 :   1, 13,  777,    1, 49,     6,  3,    469, 6.3e-5
    - 5 :   1, 13,  777,    1, 49,     6,  3,    469, 6.3e-5
    - 6 :   1, 13,  777,    1, 49,     6,  3,    469, 6.3e-5
    - 7 :   1, 13,  777,    1, 49,     6,  3,    469, 6.3e-5
    - 8 :   1, 13,  777,    1, 49,     6,  3,    469, 6.3e-5
    - 9 :   1, 13,  777,    1, 49,     6,  3,    469, 6.3e-5
    - 10:   1, 13,  777,    1, 49,     6,  3,    469, 6.3e-5
    - 11:   1, 13,  777,    1, 49,     6,  3,    469, 6.3e-5
    - 12:   1, 13,  777,    1, 49,     6,  3,    469, 6.3e-5
    - 13:   1, 13,  777,    1, 49,     6,  3,    469, 6.3e-5
    - 14:   1, 13,  777,    1, 49,     6,  3,    469, 6.3e-5
    - 15:   1, 13,  777,    1, 49,     6,  3,    469, 6.3e-5
    - 16:   1, 13,  777,    1, 49,     6,  3,    469, 6.3e-5
    - 17:   1, 13,  777,    1, 49,     6,  3,    469, 6.3e-5
    - 18:   1, 13,  777,    1, 49,     6,  3,    469, 6.3e-5
    - 19:   1, 13,  777,    1, 49,     6,  3,    469, 6.3e-5
    - 20:   1, 13,  777,    1, 49,     6,  3,    469, 6.3e-5
    - 21:   1, 13,  777,    1, 49,     6,  3,    469, 6.3e-5
    - 22:   1, 13,  778,    1, 49,     6,  3,    469, 5.4e-5
    - 23:   1, 13,  778,    1, 49,     6,  3,    469, 5.4e-5
    - 24:   1, 13,  778,    1, 49,     6,  3,    469, 5.5e-5
    - 25:   1, 13,  778,    1, 49,     6,  3,    469, 5.7e-5
    - 26:   1, 13,  779,    1, 49,     6,  3,    470, 5.7e-5
    - 27:   1, 13,  783,    1, 49,     6,  3,    472, 6.1e-5
    - 28:   1, 13,  842,    1, 49,     7,  3,    518, 6.3e-5
    - 29:   1, 13,  777,    2, 33,     6,  3,    663, 6.3e-5
    - 30:   1, 13,  777,    2, 33,     6,  3,    663, 6.3e-5
    - 31:   1, 13,  777,    2, 33,     6,  3,    663, 6.3e-5

  - 8: # bits
    -ln2:   k,  N,    n, br_l,br_b, ks_l,ks_b,  cost, p_error
    - 0 :   1, 14,  858,    1, 48,     5,  4,   1056, 6.3e-5
    - 1 :   1, 14,  858,    1, 48,     5,  4,   1056, 6.3e-5
    - 2 :   1, 14,  858,    1, 48,     5,  4,   1056, 6.3e-5
    - 3 :   1, 14,  858,    1, 48,     5,  4,   1056, 6.3e-5
    - 4 :   1, 14,  858,    1, 48,     5,  4,   1056, 6.3e-5
    - 5 :   1, 14,  858,    1, 48,     5,  4,   1056, 6.3e-5
    - 6 :   1, 14,  858,    1, 48,     5,  4,   1056, 6.3e-5
    - 7 :   1, 14,  858,    1, 48,     5,  4,   1056, 6.3e-5
    - 8 :   1, 14,  858,    1, 48,     5,  4,   1056, 6.3e-5
    - 9 :   1, 14,  858,    1, 48,     5,  4,   1056, 6.3e-5
    - 10:   1, 14,  858,    1, 48,     5,  4,   1056, 6.3e-5
    - 11:   1, 14,  858,    1, 48,     5,  4,   1056, 6.3e-5
    - 12:   1, 14,  858,    1, 48,     5,  4,   1056, 6.3e-5
    - 13:   1, 14,  858,    1, 48,     5,  4,   1056, 6.3e-5
    - 14:   1, 14,  858,    1, 48,     5,  4,   1056, 6.3e-5
    - 15:   1, 14,  858,    1, 48,     5,  4,   1056, 6.3e-5
    - 16:   1, 14,  858,    1, 48,     5,  4,   1056, 6.3e-5
    - 17:   1, 14,  858,    1, 48,     5,  4,   1056, 6.3e-5
    - 18:   1, 14,  858,    1, 48,     5,  4,   1056, 6.3e-5
    - 19:   1, 14,  858,    1, 48,     5,  4,   1056, 6.3e-5
    - 20:   1, 14,  858,    1, 48,     5,  4,   1056, 6.3e-5
    - 21:   1, 14,  858,    1, 48,     5,  4,   1056, 6.3e-5
    - 22:   1, 14,  859,    1, 48,     5,  4,   1057, 5.5e-5
    - 23:   1, 14,  859,    1, 48,     5,  4,   1057, 5.7e-5
    - 24:   1, 14,  860,    1, 48,     5,  4,   1058, 5.7e-5
    - 25:   1, 14,  864,    1, 48,     5,  4,   1063, 6.2e-5
    - 26:   1, 14,  879,    1, 48,     7,  3,   1135, 6.3e-5
    - 27:   1, 14,  840,    2, 32,     6,  3,   1508, 5.9e-5
    - 28:   1, 14,  840,    2, 32,     6,  3,   1508, 5.9e-5
    - 29:   1, 14,  840,    2, 32,     6,  3,   1508, 5.9e-5
    - 30:   1, 14,  840,    2, 32,     6,  3,   1508, 5.9e-5
    - 31:   1, 14,  840,    2, 32,     6,  3,   1508, 5.9e-5

  - 9: # bits
    -ln2:   k,  N,    n, br_l,br_b, ks_l,ks_b,  cost, p_error
    - 0 :   1, 15,  916,    1, 48,     5,  4,   2361, 5.9e-5
    - 1 :   1, 15,  916,    1, 48,     5,  4,   2361, 5.9e-5
    - 2 :   1, 15,  916,    1, 48,     5,  4,   2361, 5.9e-5
    - 3 :   1, 15,  916,    1, 48,     5,  4,   2361, 5.9e-5
    - 4 :   1, 15,  916,    1, 48,     5,  4,   2361, 5.9e-5
    - 5 :   1, 15,  916,    1, 48,     5,  4,   2361, 5.9e-5
    - 6 :   1, 15,  916,    1, 48,     5,  4,   2361, 5.9e-5
    - 7 :   1, 15,  916,    1, 48,     5,  4,   2361, 5.9e-5
    - 8 :   1, 15,  916,    1, 48,     5,  4,   2361, 5.9e-5
    - 9 :   1, 15,  916,    1, 48,     5,  4,   2361, 5.9e-5
    - 10:   1, 15,  916,    1, 48,     5,  4,   2361, 5.9e-5
    - 11:   1, 15,  916,    1, 48,     5,  4,   2361, 5.9e-5
    - 12:   1, 15,  916,    1, 48,     5,  4,   2361, 5.9e-5
    - 13:   1, 15,  916,    1, 48,     5,  4,   2361, 5.9e-5
    - 14:   1, 15,  916,    1, 48,     5,  4,   2361, 5.9e-5
    - 15:   1, 15,  916,    1, 48,     5,  4,   2361, 5.9e-5
    - 16:   1, 15,  916,    1, 48,     5,  4,   2361, 5.9e-5
    - 17:   1, 15,  916,    1, 48,     5,  4,   2361, 5.9e-5
    - 18:   1, 15,  916,    1, 48,     5,  4,   2361, 5.9e-5
    - 19:   1, 15,  916,    1, 48,     5,  4,   2361, 5.9e-5
    - 20:   1, 15,  916,    1, 48,     5,  4,   2361, 5.9e-5
    - 21:   1, 15,  916,    1, 48,     5,  4,   2361, 6.1e-5
    - 22:   1, 15,  917,    1, 48,     5,  4,   2363, 6.0e-5
    - 23:   1, 15,  921,    1, 48,     5,  4,   2373, 6.0e-5
    - 24:   1, 15,  907,    1, 48,     7,  3,   2452, 6.1e-5
    - 25:   1, 15,  916,    2, 32,     5,  4,   3391, 5.9e-5
    - 26:   1, 15,  916,    2, 32,     5,  4,   3391, 5.9e-5
    - 27:   1, 15,  916,    2, 32,     5,  4,   3391, 5.9e-5
    - 28:   1, 15,  916,    2, 32,     5,  4,   3391, 5.9e-5
    - 29:   1, 15,  916,    2, 32,     5,  4,   3391, 5.9e-5
    - 30:   1, 15,  916,    2, 32,     5,  4,   3391, 5.9e-5
    - 31:   1, 15,  916,    2, 32,     5,  4,   3391, 5.9e-5

  - 10: # bits
    -ln2:   k,  N,    n, br_l,br_b, ks_l,ks_b,  cost, p_error
    - 0 :   1, 16,  967,    1, 48,     6,  4,   5333, 6.0e-5
    - 1 :   1, 16,  967,    1, 48,     6,  4,   5333, 6.0e-5
    - 2 :   1, 16,  967,    1, 48,     6,  4,   5333, 6.0e-5
    - 3 :   1, 16,  967,    1, 48,     6,  4,   5333, 6.0e-5
    - 4 :   1, 16,  967,    1, 48,     6,  4,   5333, 6.0e-5
    - 5 :   1, 16,  967,    1, 48,     6,  4,   5333, 6.0e-5
    - 6 :   1, 16,  967,    1, 48,     6,  4,   5333, 6.0e-5
    - 7 :   1, 16,  967,    1, 48,     6,  4,   5333, 6.0e-5
    - 8 :   1, 16,  967,    1, 48,     6,  4,   5333, 6.0e-5
    - 9 :   1, 16,  967,    1, 48,     6,  4,   5333, 6.0e-5
    - 10:   1, 16,  967,    1, 48,     6,  4,   5333, 6.0e-5
    - 11:   1, 16,  967,    1, 48,     6,  4,   5333, 6.0e-5
    - 12:   1, 16,  967,    1, 48,     6,  4,   5333, 6.0e-5
    - 13:   1, 16,  967,    1, 48,     6,  4,   5333, 6.0e-5
    - 14:   1, 16,  967,    1, 48,     6,  4,   5333, 6.0e-5
    - 15:   1, 16,  967,    1, 48,     6,  4,   5333, 6.0e-5
    - 16:   1, 16,  967,    1, 48,     6,  4,   5333, 6.0e-5
    - 17:   1, 16,  967,    1, 48,     6,  4,   5333, 6.0e-5
    - 18:   1, 16,  967,    1, 48,     6,  4,   5333, 6.1e-5
    - 19:   1, 16,  967,    1, 48,     6,  4,   5333, 6.2e-5
    - 20:   1, 16,  968,    1, 48,     6,  4,   5339, 5.8e-5
    - 21:   1, 16,  970,    1, 48,     6,  4,   5349, 6.0e-5
    - 22:   1, 16,  982,    1, 48,     6,  4,   5412, 6.2e-5
    - 23:   1, 16,  951,    2, 32,     7,  3,   7627, 6.1e-5
    - 24:   1, 16,  951,    2, 32,     7,  3,   7627, 6.1e-5
    - 25:   1, 16,  951,    2, 32,     7,  3,   7627, 6.1e-5
    - 26:   1, 16,  951,    2, 32,     7,  3,   7627, 6.1e-5
    - 27:   1, 16,  951,    2, 32,     7,  3,   7627, 6.1e-5
    - 28:   1, 16,  951,    2, 32,     7,  3,   7627, 6.1e-5
    - 29:   1, 16,  951,    2, 32,     7,  3,   7627, 6.1e-5
    - 30:   1, 16,  951,    2, 32,     7,  3,   7627, 6.1e-5
    - 31:   1, 16,  951,    2, 32,     7,  3,   7627, 6.1e-5
