security level: 112
target p_error: 8.3e-25
per precision and log norm2:

  - 1: # bits
    -ln2:   k,  N,    n, br_l,br_b, ks_l,ks_b,  cost, p_error
    - 0 :   5,  8,  603,    1, 17,     3,  4,     30, 6.7e-25
    - 1 :   5,  8,  606,    1, 17,     3,  4,     30, 5.4e-25
    - 2 :   5,  8,  622,    1, 17,     3,  4,     31, 6.6e-25
    - 3 :   6,  8,  608,    1, 21,     3,  4,     37, 5.4e-25
    - 4 :   6,  8,  609,    1, 21,     3,  4,     37, 5.2e-25
    - 5 :   6,  8,  613,    1, 21,     3,  4,     37, 5.8e-25
    - 6 :   3,  9,  593,    1, 21,     3,  4,     39, 4.8e-25
    - 7 :   5,  8,  584,    2, 12,     4,  3,     44, 7.0e-25
    - 8 :   4,  9,  600,    1, 23,     3,  4,     51, 2.4e-25
    - 9 :   6,  8,  579,    2, 14,     4,  3,     53, 8.1e-25
    - 10:   6,  8,  580,    2, 14,     4,  3,     53, 4.9e-25
    - 11:   6,  8,  581,    2, 14,     4,  3,     53, 5.5e-25
    - 12:   6,  8,  586,    2, 14,     4,  3,     53, 7.1e-25
    - 13:   3,  9,  571,    2, 14,     4,  3,     55, 7.6e-25
    - 14:   3,  9,  559,    3, 11,     4,  3,     69, 5.6e-25
    - 15:   3,  9,  561,    3, 11,     4,  3,     69, 5.4e-25
    - 16:   3,  9,  572,    3, 11,     4,  3,     70, 3.0e-25
    - 17:   3,  9,  562,    4,  9,     4,  3,     85, 4.4e-25
    - 18:   3,  9,  578,    4,  9,     4,  3,     87, 4.8e-25
    - 19:   4,  9,  571,    3, 12,     4,  3,     93, 4.3e-25
    - 20:   4,  9,  607,    3, 12,     4,  3,     99, 8.2e-25
    - 21:   4,  9,  573,    4, 10,     4,  3,    114, 2.4e-25
    - 22:   4,  9,  546,    5,  8,     6,  2,    134, 3.7e-25
    - 23:   4,  9,  553,    5,  8,     6,  2,    135, 3.3e-25
    - 24:   4,  9,  555,    6,  7,     6,  2,    156, 2.8e-25
    - 25:   4,  9,  557,    7,  6,     6,  2,    177, 6.3e-25
    - 26:   4,  9,  562,    9,  5,     6,  2,    220, 7.2e-25
    - 27:   4,  9,  571,   11,  4,     6,  2,    265, 5.6e-25
    - 28:   4,  9,  599,   15,  3,    13,  1,    382, 8.0e-25
    - 29:   4,  9,  564,   45,  1,    12,  1,    977, 6.7e-25
    # no solution starting from log norm2 = 30

  - 2: # bits
    -ln2:   k,  N,    n, br_l,br_b, ks_l,ks_b,  cost, p_error
    - 0 :   2,  9,  611,    2,  9,     4,  3,     41, 6.8e-25
    - 1 :   2,  9,  620,    2,  9,     4,  3,     41, 6.7e-25
    - 2 :   3,  9,  654,    1, 21,     3,  4,     42, 6.5e-25
    - 3 :   3,  9,  656,    1, 21,     3,  4,     42, 6.4e-25
    - 4 :   3,  9,  666,    1, 21,     3,  4,     43, 7.6e-25
    - 5 :   3,  9,  645,    1, 21,     7,  2,     49, 8.2e-25
    - 6 :   4,  9,  649,    1, 23,     4,  3,     57, 7.3e-25
    - 7 :   3,  9,  624,    2, 14,     4,  3,     59, 5.6e-25
    - 8 :   3,  9,  624,    2, 14,     4,  3,     59, 5.9e-25
    - 9 :   3,  9,  624,    2, 14,     4,  3,     59, 7.4e-25
    - 10:   3,  9,  627,    2, 14,     4,  3,     59, 5.8e-25
    - 11:   3,  9,  640,    2, 14,     4,  3,     61, 7.8e-25
    - 12:   3,  9,  624,    3, 11,     4,  3,     76, 7.4e-25
    - 13:   3,  9,  627,    3, 11,     4,  3,     77, 5.8e-25
    - 14:   3,  9,  640,    3, 11,     4,  3,     78, 8.0e-25
    - 15:   3,  9,  628,    4,  9,     4,  3,     94, 6.0e-25
    - 16:   3,  9,  606,    4,  9,     7,  2,     96, 6.1e-25
    - 17:   4,  9,  645,    3, 12,     4,  3,    104, 7.4e-25
    - 18:   4,  9,  651,    3, 12,     5,  3,    108, 7.5e-25
    - 19:   4,  9,  607,    4, 10,     7,  2,    128, 5.5e-25
    - 20:   4,  9,  634,    4, 10,     7,  2,    133, 7.6e-25
    - 21:   4,  9,  608,    5,  8,     7,  2,    150, 7.3e-25
    - 22:   2, 10,  617,    5,  8,     7,  2,    171, 6.1e-25
    - 23:   4,  9,  611,    7,  6,     7,  2,    196, 6.7e-25
    - 24:   2, 10,  602,    8,  5,     6,  2,    239, 7.7e-25
    - 25:   4,  9,  618,   11,  4,     7,  2,    288, 7.3e-25
    - 26:   4,  9,  630,   15,  3,     7,  2,    386, 7.4e-25
    - 27:   2, 10,  628,   22,  2,    14,  1,    629, 7.6e-25
    # no solution starting from log norm2 = 28

  - 3: # bits
    -ln2:   k,  N,    n, br_l,br_b, ks_l,ks_b,  cost, p_error
    - 0 :   1, 10,  660,    2,  9,     5,  3,     58, 6.8e-25
    - 1 :   2, 10,  725,    1, 23,     3,  5,     69, 6.4e-25
    - 2 :   2, 10,  725,    1, 23,     3,  5,     69, 6.8e-25
    - 3 :   2, 10,  726,    1, 23,     3,  5,     69, 5.7e-25
    - 4 :   2, 10,  666,    1, 23,     5,  3,     69, 7.9e-25
    - 5 :   2, 10,  674,    1, 23,     5,  3,     70, 6.9e-25
    - 6 :   1, 11,  664,    1, 23,     5,  3,     88, 8.1e-25
    - 7 :   2, 10,  664,    2, 15,     5,  3,     96, 7.9e-25
    - 8 :   2, 10,  664,    2, 15,     5,  3,     96, 8.0e-25
    - 9 :   2, 10,  665,    2, 15,     5,  3,     96, 4.8e-25
    - 10:   2, 10,  665,    2, 15,     5,  3,     96, 5.6e-25
    - 11:   2, 10,  666,    2, 15,     5,  3,     97, 6.3e-25
    - 12:   2, 10,  671,    2, 15,     5,  3,     97, 8.2e-25
    - 13:   1, 11,  652,    2, 15,     5,  3,    122, 4.0e-25
    - 14:   2, 10,  665,    3, 12,     5,  3,    124, 6.5e-25
    - 15:   2, 10,  667,    3, 12,     5,  3,    124, 6.8e-25
    - 16:   2, 10,  678,    3, 12,     5,  3,    126, 8.1e-25
    - 17:   2, 10,  666,    4,  9,     5,  3,    151, 7.9e-25
    - 18:   2, 10,  650,    4,  9,     7,  2,    153, 8.0e-25
    - 19:   2, 10,  646,    5,  8,     7,  2,    179, 5.9e-25
    - 20:   2, 10,  667,    5,  8,     8,  2,    187, 8.0e-25
    - 21:   2, 10,  686,    6,  7,     8,  2,    220, 8.2e-25
    - 22:   2, 10,  656,    8,  5,     7,  2,    262, 7.7e-25
    - 23:   2, 10,  653,   11,  4,     7,  2,    341, 6.6e-25
    - 24:   2, 10,  665,   14,  3,     8,  2,    432, 7.1e-25
    - 25:   2, 10,  679,   22,  2,     8,  2,    663, 8.2e-25
    # no solution starting from log norm2 = 26

  - 4: # bits
    -ln2:   k,  N,    n, br_l,br_b, ks_l,ks_b,  cost, p_error
    - 0 :   1, 11,  705,    1, 23,     5,  3,     93, 6.7e-25
    - 1 :   1, 11,  705,    1, 23,     5,  3,     93, 7.4e-25
    - 2 :   1, 11,  706,    1, 23,     5,  3,     93, 7.2e-25
    - 3 :   1, 11,  710,    1, 23,     5,  3,     94, 8.0e-25
    - 4 :   1, 11,  747,    1, 23,     6,  3,    101, 8.3e-25
    - 5 :   1, 11,  705,    2, 15,     5,  3,    131, 6.5e-25
    - 6 :   1, 11,  705,    2, 15,     5,  3,    131, 6.6e-25
    - 7 :   1, 11,  705,    2, 15,     5,  3,    131, 6.7e-25
    - 8 :   1, 11,  705,    2, 15,     5,  3,    131, 7.1e-25
    - 9 :   1, 11,  706,    2, 15,     5,  3,    132, 6.2e-25
    - 10:   1, 11,  708,    2, 15,     5,  3,    132, 8.0e-25
    - 11:   1, 11,  726,    2, 15,     5,  3,    135, 8.1e-25
    - 12:   1, 11,  705,    3, 11,     5,  3,    170, 8.1e-25
    - 13:   1, 11,  707,    3, 11,     5,  3,    170, 7.5e-25
    - 14:   1, 11,  717,    3, 11,     5,  3,    173, 6.8e-25
    - 15:   1, 11,  706,    4,  9,     5,  3,    209, 7.2e-25
    - 16:   1, 11,  710,    4,  9,     5,  3,    210, 8.0e-25
    - 17:   1, 11,  705,    4,  9,     8,  2,    217, 8.1e-25
    - 18:   1, 11,  698,    5,  8,     8,  2,    253, 7.2e-25
    - 19:   1, 11,  705,    6,  7,     8,  2,    294, 8.3e-25
    - 20:   1, 11,  722,    7,  6,     9,  2,    343, 8.2e-25
    - 21:   1, 11,  695,   10,  4,     8,  2,    442, 6.8e-25
    - 22:   1, 11,  692,   14,  3,     8,  2,    591, 7.7e-25
    - 23:   1, 11,  706,   21,  2,    16,  1,    896, 7.9e-25
    # no solution starting from log norm2 = 24

  - 5: # bits
    -ln2:   k,  N,    n, br_l,br_b, ks_l,ks_b,  cost, p_error
    - 0 :   1, 12,  765,    1, 22,     6,  3,    219, 7.4e-25
    - 1 :   1, 12,  770,    1, 22,     6,  3,    220, 7.3e-25
    - 2 :   1, 12,  771,    1, 22,    18,  1,    293, 8.2e-25
    - 3 :   1, 12,  764,    2, 15,     6,  3,    308, 6.5e-25
    - 4 :   1, 12,  764,    2, 15,     6,  3,    308, 6.5e-25
    - 5 :   1, 12,  764,    2, 15,     6,  3,    308, 6.6e-25
    - 6 :   1, 12,  764,    2, 15,     6,  3,    308, 7.0e-25
    - 7 :   1, 12,  765,    2, 15,     6,  3,    308, 6.2e-25
    - 8 :   1, 12,  767,    2, 15,     6,  3,    309, 7.7e-25
    - 9 :   1, 12,  786,    2, 15,     6,  3,    316, 7.8e-25
    - 10:   1, 12,  764,    3, 11,     6,  3,    398, 7.6e-25
    - 11:   1, 12,  766,    3, 11,     6,  3,    399, 6.6e-25
    - 12:   1, 12,  773,    3, 11,     6,  3,    402, 7.8e-25
    - 13:   1, 12,  765,    4,  9,     6,  3,    488, 7.4e-25
    - 14:   1, 12,  770,    4,  9,     6,  3,    491, 7.3e-25
    - 15:   1, 12,  769,    4,  9,    19,  1,    568, 8.1e-25
    - 16:   1, 12,  770,    5,  8,    19,  1,    659, 8.2e-25
    - 17:   1, 12,  746,    7,  6,     9,  2,    756, 7.2e-25
    - 18:   1, 12,  749,    8,  5,     9,  2,    847, 6.9e-25
    - 19:   1, 12,  758,   10,  4,     9,  2,   1034, 7.9e-25
    - 20:   1, 12,  761,   14,  3,     9,  2,   1395, 7.9e-25
    - 21:   1, 12,  745,   42,  1,    18,  1,   3863, 8.0e-25
    # no solution starting from log norm2 = 22

  - 6: # bits
    -ln2:   k,  N,    n, br_l,br_b, ks_l,ks_b,  cost, p_error
    - 0 :   1, 13,  839,    2, 15,     6,  3,    713, 7.9e-25
    - 1 :   1, 13,  839,    2, 15,     6,  3,    713, 7.9e-25
    - 2 :   1, 13,  839,    2, 15,     6,  3,    713, 7.9e-25
    - 3 :   1, 13,  839,    2, 15,     6,  3,    713, 8.0e-25
    - 4 :   1, 13,  840,    2, 15,     6,  3,    714, 7.8e-25
    - 5 :   1, 13,  842,    2, 15,     6,  3,    716, 8.2e-25
    - 6 :   1, 13,  836,    2, 15,     7,  3,    724, 7.8e-25
    - 7 :   1, 13,  821,    2, 15,    19,  1,    866, 8.2e-25
    - 8 :   1, 13,  840,    3, 11,     6,  3,    924, 8.3e-25
    - 9 :   1, 13,  832,    3, 11,     7,  3,    929, 8.2e-25
    - 10:   1, 13,  811,    3, 11,    10,  2,    944, 7.4e-25
    - 11:   1, 13,  809,    4,  9,     9,  2,   1131, 8.0e-25
    - 12:   1, 13,  809,    4,  9,    10,  2,   1144, 8.1e-25
    - 13:   1, 13,  811,    5,  8,    10,  2,   1350, 7.4e-25
    - 14:   1, 13,  814,    6,  7,    10,  2,   1558, 7.4e-25
    - 15:   1, 13,  817,    7,  6,    10,  2,   1768, 8.0e-25
    - 16:   1, 13,  825,    8,  5,    10,  2,   1991, 8.2e-25
    - 17:   1, 13,  807,   14,  3,    10,  2,   3159, 8.1e-25
    - 18:   1, 13,  813,   21,  2,    10,  2,   4605, 7.6e-25
    - 19:   1, 14,  811,   21,  2,    10,  2,   9745, 8.0e-25
    # no solution starting from log norm2 = 20

  - 7: # bits
    -ln2:   k,  N,    n, br_l,br_b, ks_l,ks_b,  cost, p_error
    - 0 :   1, 14,  874,    2, 15,    11,  2,   1703, 8.2e-25
    - 1 :   1, 14,  874,    2, 15,    11,  2,   1703, 8.3e-25
    - 2 :   1, 14,  875,    2, 15,    11,  2,   1705, 8.1e-25
    - 3 :   1, 14,  878,    2, 15,    11,  2,   1710, 8.1e-25
    - 4 :   1, 14,  873,    2, 15,    21,  1,   1974, 8.1e-25
    - 5 :   1, 14,  875,    3, 11,    11,  2,   2169, 7.8e-25
    - 6 :   1, 14,  876,    3, 11,    11,  2,   2172, 8.0e-25
    - 7 :   1, 14,  882,    3, 11,    11,  2,   2186, 8.3e-25
    - 8 :   1, 14,  876,    4,  9,    11,  2,   2637, 8.0e-25
    - 9 :   1, 14,  883,    4,  9,    11,  2,   2658, 8.2e-25
    - 10:   1, 14,  887,    5,  8,    11,  2,   3141, 8.2e-25
    - 11:   1, 14,  891,    6,  6,    11,  2,   3628, 8.3e-25
    - 12:   1, 14,  867,    7,  6,    21,  1,   4264, 8.2e-25
    - 13:   1, 14,  870,    8,  5,    21,  1,   4741, 8.2e-25
    - 14:   1, 14,  879,   10,  4,    22,  1,   5751, 8.2e-25
    - 15:   1, 14,  870,   20,  2,    22,  1,  10314, 8.3e-25
    - 16:   1, 15,  868,   13,  3,    11,  2,  14288, 6.3e-25
    - 17:   1, 15,  871,   21,  2,    11,  2,  22176, 7.1e-25
    # no solution starting from log norm2 = 18

  - 8: # bits
    -ln2:   k,  N,    n, br_l,br_b, ks_l,ks_b,  cost, p_error
    - 0 :   1, 16,  901,    2, 14,     7,  3,   7240, 7.9e-25
    - 1 :   1, 16,  902,    2, 14,     7,  3,   7247, 2.8e-25
    - 2 :   1, 16,  903,    2, 14,     7,  3,   7255, 4.3e-25
    - 3 :   1, 16,  909,    2, 14,     7,  3,   7302, 4.6e-25
    - 4 :   1, 16,  902,    3, 11,     7,  3,   9390, 2.1e-25
    - 5 :   1, 16,  902,    3, 11,     7,  3,   9390, 5.9e-25
    - 6 :   1, 16,  905,    3, 11,     7,  3,   9420, 5.5e-25
    - 7 :   1, 16,  923,    3, 11,     7,  3,   9602, 7.6e-25
    - 8 :   1, 16,  906,    4,  9,     7,  3,  11582, 6.0e-25
    - 9 :   1, 16,  936,    4,  9,     7,  3,  11957, 6.6e-25
    - 10:   1, 16,  914,    5,  7,     7,  3,  13853, 5.4e-25
    - 11:   1, 16,  916,    6,  6,     7,  3,  16058, 5.5e-25
    - 12:   1, 16,  889,    8,  5,    11,  2,  20260, 3.0e-25
    - 13:   1, 16,  892,   10,  4,    11,  2,  24565, 5.6e-25
    - 14:   1, 16,  909,   13,  3,    11,  2,  31504, 6.2e-25
    - 15:   1, 16,  937,   21,  2,    12,  2,  50387, 7.7e-25
    # no solution starting from log norm2 = 16

  - 9: # bits
    -ln2:   k,  N,    n, br_l,br_b, ks_l,ks_b,  cost, p_error
    - 0 :   1, 17,  981,    2, 14,     6,  4,  16210, 1.9e-25
    - 1 :   1, 17,  984,    2, 14,     6,  4,  16258, 6.7e-25
    - 2 :   1, 17, 1014,    2, 14,     6,  4,  16738, 7.8e-25
    - 3 :   1, 17,  954,    3, 11,     8,  3,  21025, 4.2e-25
    - 4 :   1, 17,  957,    3, 11,     8,  3,  21090, 3.3e-25
    - 5 :   1, 17,  973,    3, 11,     8,  3,  21434, 7.9e-25
    - 6 :   1, 17,  958,    4,  9,     8,  3,  25901, 4.2e-25
    - 7 :   1, 17,  986,    4,  9,     8,  3,  26643, 7.0e-25
    - 8 :   1, 17,  962,    5,  7,     8,  3,  30817, 6.4e-25
    - 9 :   1, 17,  964,    6,  6,     8,  3,  35700, 4.6e-25
    - 10:   1, 17,  942,    8,  5,    12,  2,  45261, 4.0e-25
    - 11:   1, 17,  946,   10,  4,    12,  2,  54911, 3.5e-25
    - 12:   1, 17,  958,   13,  3,    12,  2,  69971, 5.9e-25
    - 13:   1, 17,  970,   39,  1,    12,  2, 196941, 7.3e-25
    # no solution starting from log norm2 = 14

  - 10: # bits
    # no solution at all
