security level: 192
target p_error: 8.3e-25
per precision and log norm2:

  - 1: # bits
    -ln2:   k,  N,    n, br_l,br_b, ks_l,ks_b,  cost, p_error
    - 0 :   4,  9, 1032,    1, 17,     3,  4,     83, 3.6e-25
    - 1 :   4,  9, 1047,    1, 17,     3,  4,     84, 5.3e-25
    - 2 :   5,  9, 1037,    1, 21,     3,  4,    104, 4.6e-25
    - 3 :   5,  9, 1037,    1, 21,     3,  4,    104, 6.1e-25
    - 4 :   5,  9, 1038,    1, 21,     3,  4,    104, 7.5e-25
    - 5 :   5,  9, 1044,    1, 21,     3,  4,    104, 4.6e-25
    - 6 :   5,  9, 1082,    1, 21,     3,  4,    108, 7.8e-25
    - 7 :   6,  9, 1053,    1, 23,     3,  4,    127, 7.3e-25
    - 8 :   6,  9, 1077,    1, 23,     4,  3,    136, 8.1e-25
    - 9 :   5,  9,  995,    2, 14,     4,  3,    151, 6.2e-25
    - 10:   5,  9,  996,    2, 14,     4,  3,    152, 3.4e-25
    - 11:   5,  9,  997,    2, 14,     4,  3,    152, 5.0e-25
    - 12:   5,  9, 1003,    2, 14,     4,  3,    153, 6.2e-25
    - 13:   5,  9, 1059,    2, 14,     4,  3,    161, 8.0e-25
    - 14:   6,  9, 1007,    2, 16,     4,  3,    187, 3.9e-25
    - 15:   6,  9, 1022,    2, 16,     4,  3,    189, 7.4e-25
    - 16:   5,  9, 1017,    3, 11,     4,  3,    202, 5.1e-25
    - 17:   6,  9, 1004,    3, 12,     4,  3,    244, 5.4e-25
    - 18:   6,  9, 1009,    3, 12,     4,  3,    246, 3.9e-25
    - 19:   6,  9, 1037,    3, 12,     4,  3,    252, 7.3e-25
    - 20:   6,  9, 1010,    4, 10,     4,  3,    304, 6.7e-25
    - 21:   6,  9, 1057,    4, 10,     4,  3,    318, 8.2e-25
    - 22:   6,  9,  978,    5,  8,     6,  2,    363, 4.4e-25
    - 23:   6,  9,  979,    6,  7,     6,  2,    421, 8.1e-25
    - 24:   6,  9,  982,    7,  6,     6,  2,    479, 6.8e-25
    - 25:   6,  9,  987,    9,  5,     6,  2,    596, 5.8e-25
    - 26:   6,  9,  994,   11,  4,     6,  2,    716, 5.6e-25
    - 27:   6,  9, 1011,   15,  3,     6,  2,    963, 8.0e-25
    - 28:   6,  9,  987,   44,  1,    13,  1,   2644, 7.4e-25
    # no solution starting from log norm2 = 29

  - 2: # bits
    -ln2:   k,  N,    n, br_l,br_b, ks_l,ks_b,  cost, p_error
    - 0 :   2, 10, 1122,    1, 17,     3,  4,    103, 6.8e-25
    - 1 :   2, 10, 1046,    2, 11,     4,  3,    143, 5.9e-25
    - 2 :   2, 10, 1046,    2, 11,     4,  3,    143, 6.7e-25
    - 3 :   2, 10, 1047,    2, 11,     4,  3,    144, 4.9e-25
    - 4 :   2, 10, 1049,    2, 11,     4,  3,    144, 7.3e-25
    - 5 :   3, 10, 1113,    1, 23,     3,  4,    144, 4.7e-25
    - 6 :   3, 10, 1128,    1, 23,     3,  4,    146, 6.4e-25
    - 7 :   2, 10, 1055,    3,  8,     4,  3,    188, 4.9e-25
    - 8 :   2, 10, 1090,    3,  8,     5,  3,    198, 7.7e-25
    - 9 :   3, 10, 1067,    2, 15,     4,  3,    207, 5.1e-25
    - 10:   3, 10, 1067,    2, 15,     4,  3,    207, 5.6e-25
    - 11:   3, 10, 1067,    2, 15,     4,  3,    207, 8.0e-25
    - 12:   3, 10, 1070,    2, 15,     4,  3,    208, 4.8e-25
    - 13:   3, 10, 1080,    2, 15,     4,  3,    210, 6.8e-25
    - 14:   3, 10, 1154,    2, 15,     5,  3,    230, 8.1e-25
    - 15:   3, 10, 1068,    3, 12,     4,  3,    270, 5.3e-25
    - 16:   3, 10, 1071,    3, 12,     4,  3,    271, 7.5e-25
    - 17:   3, 10, 1091,    3, 12,     4,  3,    276, 5.8e-25
    - 18:   3, 10, 1070,    4,  9,     4,  3,    333, 7.8e-25
    - 19:   3, 10, 1084,    4,  9,     4,  3,    338, 8.0e-25
    - 20:   3, 10, 1039,    5,  8,     6,  2,    397, 7.7e-25
    - 21:   3, 10, 1054,    5,  8,     7,  2,    409, 5.7e-25
    - 22:   3, 10, 1063,    6,  7,     7,  2,    475, 6.5e-25
    - 23:   3, 10, 1078,    7,  6,     7,  2,    544, 7.5e-25
    - 24:   3, 10, 1038,   11,  4,     7,  2,    768, 5.9e-25
    - 25:   3, 10, 1053,   14,  3,     7,  2,    964, 6.0e-25
    - 26:   3, 10, 1061,   22,  2,     7,  2,   1468, 7.2e-25
    # no solution starting from log norm2 = 27

  - 3: # bits
    -ln2:   k,  N,    n, br_l,br_b, ks_l,ks_b,  cost, p_error
    - 0 :   1, 11, 1101,    2, 11,     5,  3,    201, 3.7e-25
    - 1 :   1, 11, 1101,    2, 11,     5,  3,    201, 4.3e-25
    - 2 :   1, 11, 1101,    2, 11,     5,  3,    201, 7.9e-25
    - 3 :   1, 11, 1104,    2, 11,     5,  3,    202, 5.8e-25
    - 4 :   1, 11, 1117,    2, 11,     5,  3,    204, 7.4e-25
    - 5 :   2, 11, 1256,    1, 23,     3,  5,    244, 7.4e-25
    - 6 :   1, 11, 1109,    3,  8,     5,  3,    263, 6.2e-25
    - 7 :   1, 11, 1177,    3,  8,     5,  3,    279, 7.8e-25
    - 8 :   1, 11, 1091,    4,  7,     7,  2,    327, 6.5e-25
    - 9 :   2, 11, 1128,    2, 15,     5,  3,    337, 6.3e-25
    - 10:   2, 11, 1129,    2, 15,     5,  3,    337, 4.9e-25
    - 11:   2, 11, 1132,    2, 15,     5,  3,    338, 5.3e-25
    - 12:   2, 11, 1148,    2, 15,     5,  3,    343, 6.0e-25
    - 13:   2, 11, 1129,    3, 12,     5,  3,    437, 3.6e-25
    - 14:   2, 11, 1131,    3, 12,     5,  3,    437, 3.6e-25
    - 15:   2, 11, 1140,    3, 12,     5,  3,    441, 4.6e-25
    - 16:   2, 11, 1129,    4,  9,     5,  3,    536, 7.2e-25
    - 17:   2, 11, 1134,    4,  9,     5,  3,    538, 5.0e-25
    - 18:   2, 11, 1162,    4,  9,     5,  3,    551, 7.1e-25
    - 19:   2, 11, 1117,    5,  8,     7,  2,    646, 6.8e-25
    - 20:   2, 11, 1124,    6,  7,     7,  2,    749, 7.5e-25
    - 21:   2, 11, 1134,    7,  6,     7,  2,    855, 7.3e-25
    - 22:   2, 11, 1151,    9,  5,     8,  2,   1079, 8.2e-25
    - 23:   2, 11, 1112,   14,  3,     7,  2,   1523, 5.4e-25
    - 24:   2, 11, 1137,   21,  2,     8,  2,   2265, 7.1e-25
    # no solution starting from log norm2 = 25

  - 4: # bits
    -ln2:   k,  N,    n, br_l,br_b, ks_l,ks_b,  cost, p_error
    - 0 :   1, 12, 1185,    1, 22,     5,  3,    321, 5.7e-25
    - 1 :   1, 12, 1186,    1, 22,     5,  3,    321, 4.1e-25
    - 2 :   1, 12, 1188,    1, 22,     5,  3,    322, 6.4e-25
    - 3 :   1, 12, 1201,    1, 22,     5,  3,    325, 4.9e-25
    - 4 :   1, 12, 1185,    2, 15,     5,  3,    460, 4.8e-25
    - 5 :   1, 12, 1185,    2, 15,     5,  3,    460, 4.8e-25
    - 6 :   1, 12, 1185,    2, 15,     5,  3,    460, 4.9e-25
    - 7 :   1, 12, 1185,    2, 15,     5,  3,    460, 5.3e-25
    - 8 :   1, 12, 1185,    2, 15,     5,  3,    460, 7.2e-25
    - 9 :   1, 12, 1187,    2, 15,     5,  3,    461, 4.8e-25
    - 10:   1, 12, 1193,    2, 15,     5,  3,    463, 7.9e-25
    - 11:   1, 12, 1263,    2, 15,     5,  3,    489, 7.7e-25
    - 12:   1, 12, 1186,    3, 11,     5,  3,    599, 5.4e-25
    - 13:   1, 12, 1190,    3, 11,     5,  3,    601, 4.2e-25
    - 14:   1, 12, 1210,    3, 11,     5,  3,    611, 5.7e-25
    - 15:   1, 12, 1188,    4,  9,     5,  3,    739, 6.4e-25
    - 16:   1, 12, 1201,    4,  9,     5,  3,    747, 5.1e-25
    - 17:   1, 12, 1163,    5,  8,     8,  2,    888, 6.3e-25
    - 18:   1, 12, 1166,    6,  7,     8,  2,   1027, 8.2e-25
    - 19:   1, 12, 1170,    7,  6,     8,  2,   1167, 7.8e-25
    - 20:   1, 12, 1180,    8,  5,     8,  2,   1315, 5.8e-25
    - 21:   1, 12, 1240,   10,  4,     8,  2,   1672, 8.1e-25
    - 22:   1, 12, 1167,   21,  2,     8,  2,   3079, 7.7e-25
    - 23:   1, 12, 1181,   43,  1,    16,  1,   6234, 7.7e-25
    # no solution starting from log norm2 = 24

  - 5: # bits
    -ln2:   k,  N,    n, br_l,br_b, ks_l,ks_b,  cost, p_error
    - 0 :   1, 13, 1318,    1, 22,     4,  4,    732, 4.4e-25
    - 1 :   1, 13, 1327,    1, 22,     4,  4,    737, 6.1e-25
    - 2 :   1, 13, 1347,    1, 22,     6,  3,    789, 7.8e-25
    - 3 :   1, 13, 1315,    2, 15,     4,  4,   1059, 5.4e-25
    - 4 :   1, 13, 1315,    2, 15,     4,  4,   1059, 5.5e-25
    - 5 :   1, 13, 1315,    2, 15,     4,  4,   1059, 5.9e-25
    - 6 :   1, 13, 1315,    2, 15,     4,  4,   1059, 7.7e-25
    - 7 :   1, 13, 1317,    2, 15,     4,  4,   1060, 6.2e-25
    - 8 :   1, 13, 1325,    2, 15,     4,  4,   1067, 5.2e-25
    - 9 :   1, 13, 1315,    2, 15,     6,  3,   1100, 7.7e-25
    - 10:   1, 13, 1270,    3, 11,     6,  3,   1381, 4.2e-25
    - 11:   1, 13, 1272,    3, 11,     6,  3,   1383, 6.9e-25
    - 12:   1, 13, 1285,    3, 11,     6,  3,   1397, 5.5e-25
    - 13:   1, 13, 1242,    4,  9,     8,  2,   1701, 5.2e-25
    - 14:   1, 13, 1283,    4,  9,     6,  3,   1716, 5.6e-25
    - 15:   1, 13, 1259,    5,  8,     8,  2,   2038, 5.5e-25
    - 16:   1, 13, 1253,    6,  7,     9,  2,   2362, 7.6e-25
    - 17:   1, 13, 1258,    7,  6,     9,  2,   2685, 6.2e-25
    - 18:   1, 13, 1266,    8,  5,     9,  2,   3019, 6.9e-25
    - 19:   1, 13, 1301,   10,  4,     9,  2,   3752, 8.1e-25
    - 20:   1, 13, 1252,   21,  2,     9,  2,   7055, 7.4e-25
    - 21:   1, 13, 1291,   42,  1,    18,  1,  14233, 8.1e-25
    # no solution starting from log norm2 = 22

  - 6: # bits
    -ln2:   k,  N,    n, br_l,br_b, ks_l,ks_b,  cost, p_error
    - 0 :   1, 14, 1434,    1, 22,     5,  4,   1722, 7.7e-25
    - 1 :   1, 14, 1354,    2, 15,     6,  3,   2391, 3.9e-25
    - 2 :   1, 14, 1354,    2, 15,     6,  3,   2391, 4.0e-25
    - 3 :   1, 14, 1354,    2, 15,     6,  3,   2391, 4.3e-25
    - 4 :   1, 14, 1354,    2, 15,     6,  3,   2391, 5.5e-25
    - 5 :   1, 14, 1355,    2, 15,     6,  3,   2393, 7.4e-25
    - 6 :   1, 14, 1361,    2, 15,     6,  3,   2403, 7.8e-25
    - 7 :   1, 14, 1412,    2, 15,     6,  3,   2491, 8.0e-25
    - 8 :   1, 14, 1354,    3, 11,     6,  3,   3110, 7.2e-25
    - 9 :   1, 14, 1357,    3, 11,     6,  3,   3117, 5.1e-25
    - 10:   1, 14, 1369,    3, 11,     6,  3,   3144, 6.5e-25
    - 11:   1, 14, 1357,    4,  9,     6,  3,   3838, 5.9e-25
    - 12:   1, 14, 1370,    4,  9,     6,  3,   3874, 7.4e-25
    - 13:   1, 14, 1374,    5,  8,     6,  3,   4615, 7.7e-25
    - 14:   1, 14, 1341,    6,  6,     9,  2,   5344, 6.7e-25
    - 15:   1, 14, 1351,    7,  6,     9,  2,   6101, 7.1e-25
    - 16:   1, 14, 1362,    8,  5,     9,  2,   6874, 7.8e-25
    - 17:   1, 14, 1387,   10,  4,    10,  2,   8516, 7.9e-25
    - 18:   1, 14, 1360,   20,  2,    10,  2,  15576, 7.5e-25
    - 19:   1, 14, 1379,   42,  1,    20,  1,  32342, 7.7e-25
    # no solution starting from log norm2 = 20

  - 7: # bits
    -ln2:   k,  N,    n, br_l,br_b, ks_l,ks_b,  cost, p_error
    - 0 :   1, 15, 1478,    2, 15,     5,  4,   5393, 5.5e-25
    - 1 :   1, 15, 1478,    2, 15,     5,  4,   5393, 5.9e-25
    - 2 :   1, 15, 1478,    2, 15,     5,  4,   5393, 7.7e-25
    - 3 :   1, 15, 1480,    2, 15,     5,  4,   5400, 5.0e-25
    - 4 :   1, 15, 1486,    2, 15,     5,  4,   5422, 6.3e-25
    - 5 :   1, 15, 1486,    2, 15,     7,  3,   5608, 7.5e-25
    - 6 :   1, 15, 1437,    3, 11,     7,  3,   7044, 5.6e-25
    - 7 :   1, 15, 1439,    3, 11,     7,  3,   7053, 6.4e-25
    - 8 :   1, 15, 1449,    3, 11,     7,  3,   7101, 7.6e-25
    - 9 :   1, 15, 1440,    4,  9,     7,  3,   8678, 4.5e-25
    - 10:   1, 15, 1452,    4,  9,     7,  3,   8749, 7.4e-25
    - 11:   1, 15, 1448,    5,  7,     7,  3,  10355, 7.0e-25
    - 12:   1, 15, 1414,    6,  6,    10,  2,  11971, 8.0e-25
    - 13:   1, 15, 1436,    7,  6,    10,  2,  13770, 6.6e-25
    - 14:   1, 15, 1447,    8,  5,    10,  2,  15503, 7.2e-25
    - 15:   1, 15, 1486,   10,  4,    11,  2,  19354, 8.0e-25
    - 16:   1, 15, 1436,   20,  2,    10,  2,  34772, 6.3e-25
    - 17:   1, 15, 1489,   42,  1,    22,  1,  74021, 8.1e-25
    # no solution starting from log norm2 = 18

  - 8: # bits
    -ln2:   k,  N,    n, br_l,br_b, ks_l,ks_b,  cost, p_error
    - 0 :   1, 16, 1522,    2, 14,     7,  3,  12052, 4.8e-25
    - 1 :   1, 16, 1523,    2, 14,     7,  3,  12060, 5.2e-25
    - 2 :   1, 16, 1528,    2, 14,     7,  3,  12099, 4.9e-25
    - 3 :   1, 16, 1559,    2, 14,     7,  3,  12339, 6.6e-25
    - 4 :   1, 16, 1522,    3, 11,     7,  3,  15667, 6.5e-25
    - 5 :   1, 16, 1525,    3, 11,     7,  3,  15697, 4.7e-25
    - 6 :   1, 16, 1537,    3, 11,     7,  3,  15819, 5.8e-25
    - 7 :   1, 16, 1525,    4,  9,     7,  3,  19319, 8.2e-25
    - 8 :   1, 16, 1542,    4,  9,     7,  3,  19532, 6.6e-25
    - 9 :   1, 16, 1531,    5,  7,     7,  3,  23030, 7.2e-25
    - 10:   1, 16, 1555,    5,  7,    11,  2,  24166, 8.0e-25
    - 11:   1, 16, 1570,    6,  6,    23,  1,  30482, 8.2e-25
    - 12:   1, 16, 1536,    8,  5,    11,  2,  34818, 8.2e-25
    - 13:   1, 16, 1503,   13,  3,    11,  2,  51923, 6.2e-25
    - 14:   1, 16, 1514,   20,  2,    11,  2,  77472, 8.0e-25
    # no solution starting from log norm2 = 15

  - 9: # bits
    -ln2:   k,  N,    n, br_l,br_b, ks_l,ks_b,  cost, p_error
    - 0 :   1, 17, 1649,    2, 14,     6,  4,  26898, 6.6e-25
    - 1 :   1, 17, 1666,    2, 14,     6,  4,  27170, 6.1e-25
    - 2 :   1, 17, 1604,    3, 11,     8,  3,  35000, 5.2e-25
    - 3 :   1, 17, 1606,    3, 11,     8,  3,  35043, 6.8e-25
    - 4 :   1, 17, 1617,    3, 11,     8,  3,  35280, 8.0e-25
    - 5 :   1, 17, 1607,    4,  9,     8,  3,  43100, 6.6e-25
    - 6 :   1, 17, 1623,    4,  9,     8,  3,  43524, 6.5e-25
    - 7 :   1, 17, 1610,    5,  7,     8,  3,  51229, 7.9e-25
    - 8 :   1, 17, 1652,    5,  7,     8,  3,  52552, 7.2e-25
    - 9 :   1, 17, 1673,    6,  6,     8,  3,  61579, 8.1e-25
    - 10:   1, 17, 1631,    8,  5,    12,  2,  77988, 8.1e-25
    - 11:   1, 17, 1585,   13,  3,    12,  2, 115428, 8.2e-25
    - 12:   1, 17, 1598,   20,  2,    12,  2, 172301, 6.2e-25
    # no solution starting from log norm2 = 13

  - 10: # bits
    # no solution at all
