security level: 80
target p_error: 9.1e-13
per precision and log norm2:

  - 1: # bits
    -ln2:   k,  N,    n, br_l,br_b, ks_l,ks_b,  cost, p_error
    - 0 :   3,  8,  518,    1, 14,     1,  9,     14, 8.0e-13
    - 1 :   3,  8,  512,    1, 14,     3,  5,     16, 7.9e-13
    - 2 :   4,  8,  518,    1, 19,     1,  9,     19, 8.1e-13
    - 3 :   4,  8,  519,    1, 19,     1,  9,     19, 7.9e-13
    - 4 :   4,  8,  523,    1, 19,     1,  9,     19, 8.7e-13
    - 5 :   4,  8,  531,    1, 19,     1, 10,     19, 5.4e-13
    - 6 :   2,  9,  512,    1, 19,     2,  6,     23, 7.8e-14
    - 7 :   5,  8,  528,    1, 24,     1, 10,     24, 8.1e-13
    - 8 :   5,  8,  529,    1, 24,     1, 10,     24, 8.2e-13
    - 9 :   5,  8,  534,    1, 24,     1, 10,     25, 7.6e-13
    - 10:   5,  8,  512,    1, 24,     2,  6,     25, 5.1e-14
    - 11:   4,  8,  529,    2, 13,     1, 10,     28, 5.8e-13
    - 12:   4,  8,  512,    2, 13,     2,  6,     29, 7.6e-14
    - 13:   5,  8,  528,    2, 16,     1, 10,     36, 6.4e-13
    - 14:   5,  8,  528,    2, 16,     1, 10,     36, 7.0e-13
    - 15:   5,  8,  529,    2, 16,     1, 10,     36, 4.5e-13
    - 16:   5,  8,  530,    2, 16,     1, 10,     36, 8.5e-13
    - 17:   5,  8,  512,    2, 16,     2,  6,     36, 7.1e-22
    - 18:   5,  8,  512,    3, 12,     2,  6,     48, 1.1e-39
    - 19:   5,  8,  512,    3, 12,     2,  6,     48, 1.5e-37
    - 20:   5,  8,  512,    3, 12,     2,  6,     48, 6.4e-31
    - 21:   5,  8,  512,    3, 12,     2,  6,     48, 1.8e-18
    - 22:   5,  8,  512,    4, 10,     2,  6,     59, 1.4e-29
    - 23:   5,  8,  512,    4, 10,     2,  6,     59, 8.5e-17
    - 24:   5,  8,  512,    5,  8,     2,  6,     70, 3.4e-27
    - 25:   5,  8,  512,    5,  8,     2,  6,     70, 3.3e-14
    - 26:   5,  8,  512,    6,  7,     2,  6,     81, 3.8e-13
    - 27:   5,  8,  512,    9,  5,     2,  6,    115, 2.3e-22
    - 28:   5,  8,  512,   11,  4,     2,  6,    138, 4.2e-20
    - 29:   5,  8,  512,   15,  3,     2,  6,    183, 3.4e-17
    - 30:   5,  8,  512,   23,  2,     2,  6,    273, 2.2e-13
    # no solution starting from log norm2 = 31

  - 2: # bits
    -ln2:   k,  N,    n, br_l,br_b, ks_l,ks_b,  cost, p_error
    - 0 :   2,  9,  512,    1, 19,     2,  6,     23, 4.5e-35
    - 1 :   2,  9,  512,    1, 19,     2,  6,     23, 7.9e-35
    - 2 :   2,  9,  512,    1, 19,     2,  6,     23, 6.7e-34
    - 3 :   2,  9,  512,    1, 19,     2,  6,     23, 1.2e-30
    - 4 :   2,  9,  512,    1, 19,     2,  6,     23, 2.7e-22
    - 5 :   2,  9,  512,    2, 13,     2,  6,     33, 3.9e-35
    - 6 :   2,  9,  512,    2, 13,     2,  6,     33, 4.4e-35
    - 7 :   2,  9,  512,    2, 13,     2,  6,     33, 7.2e-35
    - 8 :   2,  9,  512,    2, 13,     2,  6,     33, 4.8e-34
    - 9 :   2,  9,  512,    2, 13,     2,  6,     33, 3.9e-31
    - 10:   2,  9,  512,    2, 13,     2,  6,     33, 2.6e-23
    - 11:   2,  9,  512,    2, 13,     4,  4,     35, 9.0e-13
    - 12:   2,  9,  512,    3, 10,     2,  6,     42, 3.4e-30
    - 13:   2,  9,  512,    3, 10,     2,  6,     42, 2.0e-21
    - 14:   3,  9,  512,    2, 16,     2,  6,     47, 2.4e-29
    - 15:   3,  9,  512,    2, 16,     2,  6,     47, 2.0e-23
    - 16:   3,  9,  512,    2, 16,     2,  6,     47, 2.4e-13
    - 17:   3,  9,  512,    3, 12,     2,  6,     61, 4.8e-31
    - 18:   3,  9,  512,    3, 12,     2,  6,     61, 3.0e-28
    - 19:   3,  9,  512,    3, 12,     2,  6,     61, 6.4e-21
    - 20:   3,  9,  512,    4,  9,     2,  6,     75, 2.0e-27
    - 21:   3,  9,  512,    4,  9,     2,  6,     75, 2.8e-19
    - 22:   3,  9,  512,    5,  8,     2,  6,     89, 2.7e-26
    - 23:   3,  9,  512,    5,  8,     2,  6,     89, 2.7e-17
    - 24:   3,  9,  512,    6,  7,     2,  6,    103, 4.0e-16
    - 25:   3,  9,  512,    7,  6,     2,  6,    117, 8.3e-15
    - 26:   3,  9,  512,    9,  5,     2,  6,    145, 3.9e-13
    - 27:   3,  9,  512,   14,  3,     2,  6,    215, 1.4e-15
    - 28:   3,  9,  512,   22,  2,     2,  6,    327, 7.2e-16
    # no solution starting from log norm2 = 29

  - 3: # bits
    -ln2:   k,  N,    n, br_l,br_b, ks_l,ks_b,  cost, p_error
    - 0 :   1, 10,  512,    1, 19,     2,  6,     30, 1.9e-22
    - 1 :   1, 10,  512,    1, 19,     2,  6,     30, 4.9e-22
    - 2 :   1, 10,  512,    1, 19,     2,  6,     30, 1.6e-20
    - 3 :   1, 10,  512,    1, 19,     2,  6,     30, 3.3e-16
    - 4 :   1, 10,  512,    2, 13,     2,  6,     43, 1.4e-22
    - 5 :   1, 10,  512,    2, 13,     2,  6,     43, 1.5e-22
    - 6 :   1, 10,  512,    2, 13,     2,  6,     43, 1.9e-22
    - 7 :   1, 10,  512,    2, 13,     2,  6,     43, 4.9e-22
    - 8 :   1, 10,  512,    2, 13,     2,  6,     43, 1.5e-20
    - 9 :   1, 10,  512,    2, 13,     2,  6,     43, 3.2e-16
    - 10:   1, 10,  512,    3, 10,     2,  6,     56, 7.2e-22
    - 11:   1, 10,  512,    3, 10,     2,  6,     56, 5.8e-20
    - 12:   1, 10,  512,    3, 10,     2,  6,     56, 6.3e-15
    - 13:   1, 10,  512,    4,  8,     2,  6,     69, 3.0e-19
    - 14:   1, 10,  512,    4,  8,     2,  6,     69, 1.7e-13
    - 15:   1, 10,  512,    5,  7,     3,  5,     83, 2.6e-15
    - 16:   2, 10,  512,    3, 12,     2,  6,     91, 6.1e-15
    - 17:   2, 10,  512,    3, 12,     2,  6,     91, 2.6e-13
    - 18:   2, 10,  512,    3, 12,     3,  5,     93, 6.9e-13
    - 19:   2, 10,  512,    4,  9,     2,  6,    112, 8.5e-14
    - 20:   2, 10,  512,    4,  9,     3,  5,    114, 6.0e-15
    - 21:   2, 10,  517,    5,  8,     2,  6,    134, 7.8e-13
    - 22:   2, 10,  512,    6,  7,     3,  5,    156, 3.1e-18
    - 23:   2, 10,  512,    7,  6,     3,  5,    177, 5.2e-17
    - 24:   2, 10,  512,    8,  5,     4,  4,    200, 3.9e-13
    - 25:   2, 10,  512,   11,  4,     3,  5,    261, 1.2e-13
    - 26:   2, 10,  512,   21,  2,     3,  5,    471, 5.1e-14
    - 27:   2, 10,  512,   44,  1,     3,  5,    954, 6.8e-13
    # no solution starting from log norm2 = 28

  - 4: # bits
    -ln2:   k,  N,    n, br_l,br_b, ks_l,ks_b,  cost, p_error
    - 0 :   1, 11,  512,    1, 23,     3,  5,     66, 6.1e-18
    - 1 :   1, 11,  512,    1, 23,     3,  5,     66, 6.3e-18
    - 2 :   1, 11,  512,    1, 23,     3,  5,     66, 7.2e-18
    - 3 :   1, 11,  512,    1, 23,     3,  5,     66, 1.2e-17
    - 4 :   1, 11,  512,    1, 23,     3,  5,     66, 7.9e-17
    - 5 :   1, 11,  512,    1, 23,     3,  5,     66, 3.1e-14
    - 6 :   1, 11,  512,    2, 15,     3,  5,     94, 6.1e-18
    - 7 :   1, 11,  512,    2, 15,     3,  5,     94, 6.1e-18
    - 8 :   1, 11,  512,    2, 15,     3,  5,     94, 6.2e-18
    - 9 :   1, 11,  512,    2, 15,     3,  5,     94, 6.8e-18
    - 10:   1, 11,  512,    2, 15,     3,  5,     94, 9.5e-18
    - 11:   1, 11,  512,    2, 15,     3,  5,     94, 3.5e-17
    - 12:   1, 11,  512,    2, 15,     3,  5,     94, 2.9e-15
    - 13:   1, 11,  512,    2, 15,     4,  4,     96, 1.7e-13
    - 14:   1, 11,  512,    3, 11,     3,  5,    122, 2.1e-17
    - 15:   1, 11,  512,    3, 11,     3,  5,    122, 5.2e-16
    - 16:   1, 11,  515,    3, 11,     3,  5,    122, 7.5e-13
    - 17:   1, 11,  512,    4,  9,     3,  5,    150, 7.9e-17
    - 18:   1, 11,  512,    4,  9,     3,  5,    150, 3.1e-14
    - 19:   1, 11,  512,    5,  8,     3,  5,    178, 1.0e-14
    - 20:   1, 11,  512,    5,  8,     5,  3,    182, 8.8e-13
    - 21:   1, 11,  512,    7,  6,     3,  5,    234, 9.5e-14
    - 22:   1, 11,  513,    8,  5,     3,  5,    262, 8.6e-13
    - 23:   1, 11,  514,   10,  4,     4,  4,    321, 7.9e-13
    - 24:   1, 11,  512,   14,  3,     4,  4,    432, 1.7e-13
    - 25:   1, 11,  512,   42,  1,     5,  3,   1218, 1.9e-13
    # no solution starting from log norm2 = 26

  - 5: # bits
    -ln2:   k,  N,    n, br_l,br_b, ks_l,ks_b,  cost, p_error
    - 0 :   1, 12,  520,    1, 22,     4,  4,    146, 7.9e-13
    - 1 :   1, 12,  521,    1, 22,     4,  4,    146, 3.6e-13
    - 2 :   1, 12,  521,    1, 22,     4,  4,    146, 8.5e-13
    - 3 :   1, 12,  525,    1, 22,     4,  4,    147, 8.4e-13
    - 4 :   1, 12,  520,    2, 15,     4,  4,    206, 7.4e-13
    - 5 :   1, 12,  520,    2, 15,     4,  4,    206, 7.4e-13
    - 6 :   1, 12,  520,    2, 15,     4,  4,    206, 7.4e-13
    - 7 :   1, 12,  520,    2, 15,     4,  4,    206, 7.7e-13
    - 8 :   1, 12,  520,    2, 15,     4,  4,    206, 8.7e-13
    - 9 :   1, 12,  521,    2, 15,     4,  4,    207, 5.4e-13
    - 10:   1, 12,  512,    2, 15,     5,  3,    208, 7.5e-15
    - 11:   1, 12,  524,    2, 15,     5,  3,    212, 7.2e-13
    - 12:   1, 12,  512,    3, 11,     5,  3,    268, 2.4e-16
    - 13:   1, 12,  512,    3, 11,     5,  3,    268, 1.5e-15
    - 14:   1, 12,  512,    3, 11,     5,  3,    268, 5.0e-13
    - 15:   1, 12,  512,    4,  9,     5,  3,    328, 7.7e-16
    - 16:   1, 12,  512,    4,  9,     5,  3,    328, 7.2e-14
    - 17:   1, 12,  512,    5,  8,     5,  3,    388, 7.3e-14
    - 18:   1, 12,  512,    6,  7,     5,  3,    448, 2.0e-13
    - 19:   1, 12,  512,    7,  6,     5,  3,    508, 5.1e-13
    - 20:   1, 12,  515,    8,  5,     5,  3,    571, 7.9e-13
    - 21:   1, 12,  512,   10,  4,     8,  2,    700, 8.7e-14
    - 22:   1, 12,  512,   14,  3,     8,  2,    940, 2.4e-13
    - 23:   1, 12,  512,   42,  1,     8,  2,   2620, 1.5e-13
    # no solution starting from log norm2 = 24

  - 6: # bits
    -ln2:   k,  N,    n, br_l,br_b, ks_l,ks_b,  cost, p_error
    - 0 :   1, 13,  567,    1, 22,     4,  4,    333, 5.8e-13
    - 1 :   1, 13,  571,    1, 22,     4,  4,    335, 6.9e-13
    - 2 :   1, 13,  558,    1, 22,     6,  3,    346, 7.6e-13
    - 3 :   1, 13,  540,    2, 15,     6,  3,    470, 6.2e-13
    - 4 :   1, 13,  540,    2, 15,     6,  3,    470, 6.3e-13
    - 5 :   1, 13,  540,    2, 15,     6,  3,    470, 6.4e-13
    - 6 :   1, 13,  540,    2, 15,     6,  3,    470, 7.2e-13
    - 7 :   1, 13,  541,    2, 15,     6,  3,    471, 4.1e-13
    - 8 :   1, 13,  543,    2, 15,     6,  3,    473, 4.0e-13
    - 9 :   1, 13,  553,    2, 15,     6,  3,    481, 8.4e-13
    - 10:   1, 13,  540,    3, 11,     6,  3,    605, 8.3e-13
    - 11:   1, 13,  541,    3, 11,     6,  3,    606, 7.5e-13
    - 12:   1, 13,  545,    3, 11,     6,  3,    611, 8.5e-13
    - 13:   1, 13,  541,    4,  9,     6,  3,    742, 6.7e-13
    - 14:   1, 13,  545,    4,  9,     6,  3,    747, 5.3e-13
    - 15:   1, 13,  529,    5,  8,     9,  2,    883, 6.3e-13
    - 16:   1, 13,  530,    6,  7,     9,  2,   1017, 7.6e-13
    - 17:   1, 13,  532,    7,  6,     9,  2,   1154, 5.0e-13
    - 18:   1, 13,  534,    8,  5,     9,  2,   1292, 6.1e-13
    - 19:   1, 13,  541,   10,  4,     9,  2,   1579, 6.6e-13
    - 20:   1, 13,  548,   14,  3,     9,  2,   2147, 9.1e-13
    - 21:   1, 13,  534,   42,  1,    18,  1,   5906, 7.5e-13
    # no solution starting from log norm2 = 22

  - 7: # bits
    -ln2:   k,  N,    n, br_l,br_b, ks_l,ks_b,  cost, p_error
    - 0 :   1, 14,  610,    1, 22,     5,  4,    769, 8.4e-13
    - 1 :   1, 14,  581,    2, 15,     6,  3,   1062, 6.5e-13
    - 2 :   1, 14,  581,    2, 15,     6,  3,   1062, 6.6e-13
    - 3 :   1, 14,  581,    2, 15,     6,  3,   1062, 6.7e-13
    - 4 :   1, 14,  581,    2, 15,     6,  3,   1062, 7.5e-13
    - 5 :   1, 14,  582,    2, 15,     6,  3,   1064, 5.2e-13
    - 6 :   1, 14,  584,    2, 15,     6,  3,   1068, 6.8e-13
    - 7 :   1, 14,  599,    2, 15,     6,  3,   1093, 8.5e-13
    - 8 :   1, 14,  581,    3, 11,     6,  3,   1371, 8.3e-13
    - 9 :   1, 14,  582,    3, 11,     6,  3,   1373, 8.1e-13
    - 10:   1, 14,  587,    3, 11,     6,  3,   1385, 6.2e-13
    - 11:   1, 14,  582,    4,  9,     6,  3,   1682, 8.6e-13
    - 12:   1, 14,  587,    4,  9,     6,  3,   1696, 8.1e-13
    - 13:   1, 14,  572,    5,  8,     9,  2,   2012, 7.3e-13
    - 14:   1, 14,  573,    6,  6,     9,  2,   2320, 6.9e-13
    - 15:   1, 14,  576,    7,  6,     9,  2,   2638, 8.0e-13
    - 16:   1, 14,  574,    8,  5,    10,  2,   2952, 6.6e-13
    - 17:   1, 14,  580,   10,  4,    10,  2,   3598, 7.3e-13
    - 18:   1, 14,  593,   14,  3,    10,  2,   4938, 8.3e-13
    - 19:   1, 14,  584,   41,  1,    20,  1,  13423, 8.2e-13
    # no solution starting from log norm2 = 20

  - 8: # bits
    -ln2:   k,  N,    n, br_l,br_b, ks_l,ks_b,  cost, p_error
    - 0 :   1, 15,  638,    2, 15,     5,  4,   2401, 6.4e-13
    - 1 :   1, 15,  638,    2, 15,     5,  4,   2401, 6.6e-13
    - 2 :   1, 15,  638,    2, 15,     5,  4,   2401, 7.4e-13
    - 3 :   1, 15,  639,    2, 15,     5,  4,   2404, 4.9e-13
    - 4 :   1, 15,  641,    2, 15,     5,  4,   2412, 6.3e-13
    - 5 :   1, 15,  632,    2, 15,     7,  3,   2459, 7.2e-13
    - 6 :   1, 15,  618,    3, 11,     7,  3,   3102, 7.7e-13
    - 7 :   1, 15,  619,    3, 11,     7,  3,   3107, 6.2e-13
    - 8 :   1, 15,  622,    3, 11,     7,  3,   3122, 8.8e-13
    - 9 :   1, 15,  641,    3, 11,    11,  2,   3374, 8.9e-13
    - 10:   1, 15,  623,    4,  9,     7,  3,   3827, 8.4e-13
    - 11:   1, 15,  622,    5,  7,     7,  3,   4521, 6.7e-13
    - 12:   1, 15,  653,    5,  7,     7,  3,   4740, 9.0e-13
    - 13:   1, 15,  641,    6,  6,    11,  2,   5537, 8.6e-13
    - 14:   1, 15,  616,    8,  5,    10,  2,   6673, 8.1e-13
    - 15:   1, 15,  620,   10,  4,    11,  2,   8150, 8.9e-13
    - 16:   1, 15,  643,   14,  3,    11,  2,  11341, 9.0e-13
    - 17:   1, 15,  627,   41,  1,    11,  2,  30107, 8.8e-13
    # no solution starting from log norm2 = 18

  - 9: # bits
    -ln2:   k,  N,    n, br_l,br_b, ks_l,ks_b,  cost, p_error
    - 0 :   1, 16,  659,    2, 14,     7,  3,   5364, 8.8e-13
    - 1 :   1, 16,  660,    2, 14,     7,  3,   5372, 5.8e-13
    - 2 :   1, 16,  662,    2, 14,     7,  3,   5387, 5.4e-13
    - 3 :   1, 16,  672,    2, 14,     7,  3,   5465, 8.0e-13
    - 4 :   1, 16,  660,    3, 11,     7,  3,   6939, 4.8e-13
    - 5 :   1, 16,  661,    3, 11,     7,  3,   6949, 4.8e-13
    - 6 :   1, 16,  665,    3, 11,     7,  3,   6990, 7.1e-13
    - 7 :   1, 16,  683,    3, 11,    12,  2,   7600, 9.0e-13
    - 8 :   1, 16,  667,    4,  9,     7,  3,   8594, 6.6e-13
    - 9 :   1, 16,  663,    5,  7,     7,  3,  10119, 6.9e-13
    - 10:   1, 16,  658,    5,  7,    11,  2,  10374, 8.3e-13
    - 11:   1, 16,  662,    6,  6,    11,  2,  12008, 8.4e-13
    - 12:   1, 16,  655,    8,  5,    11,  2,  14995, 8.4e-13
    - 13:   1, 16,  663,   10,  4,    11,  2,  18324, 8.9e-13
    - 14:   1, 16,  650,   20,  2,    11,  2,  33408, 7.8e-13
    - 15:   1, 16,  658,   41,  1,    23,  1,  67623, 8.5e-13
    # no solution starting from log norm2 = 16

  - 10: # bits
    -ln2:   k,  N,    n, br_l,br_b, ks_l,ks_b,  cost, p_error
    - 0 :   1, 17,  717,    2, 14,     6,  4,  11986, 4.5e-13
    - 1 :   1, 17,  722,    2, 14,     6,  4,  12066, 6.3e-13
    - 2 :   1, 17,  696,    3, 11,     8,  3,  15478, 5.8e-13
    - 3 :   1, 17,  697,    3, 11,     8,  3,  15500, 5.0e-13
    - 4 :   1, 17,  700,    3, 11,     8,  3,  15564, 8.9e-13
    - 5 :   1, 17,  697,    4,  9,     8,  3,  18985, 6.6e-13
    - 6 :   1, 17,  702,    4,  9,     8,  3,  19117, 7.3e-13
    - 7 :   1, 17,  698,    5,  7,     8,  3,  22501, 7.3e-13
    - 8 :   1, 17,  709,    5,  7,     8,  3,  22848, 8.2e-13
    - 9 :   1, 17,  713,    6,  6,     8,  3,  26539, 6.8e-13
    - 10:   1, 17,  696,    8,  5,    12,  2,  33576, 6.5e-13
    - 11:   1, 17,  705,   10,  4,    12,  2,  41053, 8.2e-13
    - 12:   1, 17,  689,   20,  2,    12,  2,  74583, 5.8e-13
    - 13:   1, 17,  713,   40,  1,    25,  1, 150786, 8.7e-13
    # no solution starting from log norm2 = 14
