security level: 128
target p_error: 9.1e-13
per precision and log norm2:

  - 1: # bits
    -ln2:   k,  N,    n, br_l,br_b, ks_l,ks_b,  cost, p_error
    - 0 :   5,  8,  694,    1, 15,     2,  5,     32, 6.7e-13
    - 1 :   5,  8,  688,    1, 15,     3,  4,     34, 8.6e-13
    - 2 :   6,  8,  694,    1, 18,     2,  5,     39, 8.0e-13
    - 3 :   6,  8,  699,    1, 18,     2,  5,     39, 8.5e-13
    - 4 :   6,  8,  679,    1, 18,     3,  4,     40, 7.4e-13
    - 5 :   5,  8,  629,    2, 10,     4,  3,     47, 6.2e-13
    - 6 :   4,  9,  690,    1, 23,     2,  5,     55, 8.8e-13
    - 7 :   4,  9,  691,    1, 23,     2,  5,     55, 8.7e-13
    - 8 :   4,  9,  658,    1, 23,     3,  4,     55, 8.1e-13
    - 9 :   4,  9,  674,    1, 23,     3,  4,     57, 8.6e-13
    - 10:   6,  8,  657,    2, 12,     4,  3,     59, 8.0e-13
    - 11:   6,  8,  607,    3,  9,     5,  2,     74, 7.4e-13
    - 12:   6,  8,  613,    3,  9,     5,  2,     74, 8.7e-13
    - 13:   3,  9,  643,    3,  9,     4,  3,     78, 7.3e-13
    - 14:   4,  9,  605,    2, 16,     5,  2,     78, 8.9e-13
    - 15:   4,  9,  627,    2, 16,     4,  3,     79, 7.0e-13
    - 16:   4,  9,  633,    2, 16,     4,  3,     79, 8.4e-13
    - 17:   4,  9,  605,    3, 12,     5,  2,    101, 7.1e-13
    - 18:   4,  9,  606,    3, 12,     5,  2,    101, 5.7e-13
    - 19:   4,  9,  608,    3, 12,     5,  2,    101, 8.7e-13
    - 20:   4,  9,  638,    3, 12,     4,  3,    103, 7.3e-13
    - 21:   4,  9,  609,    4, 10,     5,  2,    124, 8.7e-13
    - 22:   4,  9,  617,    4, 10,     6,  2,    127, 8.6e-13
    - 23:   4,  9,  611,    5,  8,     5,  2,    146, 6.9e-13
    - 24:   4,  9,  625,    5,  8,     6,  2,    152, 9.0e-13
    - 25:   4,  9,  634,    6,  7,     6,  2,    177, 7.7e-13
    - 26:   4,  9,  655,    7,  6,     6,  2,    207, 8.7e-13
    - 27:   4,  9,  611,   11,  4,     6,  2,    283, 7.7e-13
    - 28:   4,  9,  642,   14,  3,     6,  2,    367, 9.0e-13
    - 29:   4,  9,  637,   22,  2,     6,  2,    551, 8.0e-13
    # no solution starting from log norm2 = 30

  - 2: # bits
    -ln2:   k,  N,    n, br_l,br_b, ks_l,ks_b,  cost, p_error
    - 0 :   3,  9,  696,    1, 18,     3,  4,     44, 8.0e-13
    - 1 :   3,  9,  697,    1, 18,     3,  4,     44, 7.4e-13
    - 2 :   3,  9,  701,    1, 18,     3,  4,     45, 7.0e-13
    - 3 :   3,  9,  729,    1, 18,     3,  4,     46, 8.4e-13
    - 4 :   4,  9,  705,    1, 23,     3,  4,     59, 6.5e-13
    - 5 :   4,  9,  705,    1, 23,     3,  4,     59, 7.5e-13
    - 6 :   4,  9,  706,    1, 23,     3,  4,     59, 8.2e-13
    - 7 :   4,  9,  712,    1, 23,     3,  4,     59, 6.1e-13
    - 8 :   3,  9,  672,    2, 12,     4,  3,     63, 7.7e-13
    - 9 :   3,  9,  726,    2, 12,     4,  3,     68, 9.1e-13
    - 10:   3,  9,  668,    3,  9,     4,  3,     81, 6.2e-13
    - 11:   3,  9,  674,    3,  9,     4,  3,     82, 6.5e-13
    - 12:   4,  9,  675,    2, 16,     4,  3,     84, 7.1e-13
    - 13:   4,  9,  676,    2, 16,     4,  3,     84, 5.7e-13
    - 14:   4,  9,  678,    2, 16,     4,  3,     84, 7.0e-13
    - 15:   4,  9,  691,    2, 16,     4,  3,     86, 7.2e-13
    - 16:   4,  9,  675,    3, 12,     4,  3,    109, 7.5e-13
    - 17:   4,  9,  676,    3, 12,     4,  3,    109, 6.8e-13
    - 18:   4,  9,  680,    3, 12,     4,  3,    109, 5.8e-13
    - 19:   4,  9,  704,    3, 12,     4,  3,    113, 8.7e-13
    - 20:   4,  9,  681,    4, 10,     4,  3,    135, 6.9e-13
    - 21:   4,  9,  695,    4, 10,     6,  2,    143, 8.6e-13
    - 22:   4,  9,  658,    5,  8,     6,  2,    160, 6.2e-13
    - 23:   4,  9,  659,    6,  7,     6,  2,    184, 7.6e-13
    - 24:   4,  9,  661,    7,  6,     6,  2,    209, 8.2e-13
    - 25:   4,  9,  665,    9,  5,     6,  2,    259, 8.1e-13
    - 26:   4,  9,  671,   11,  4,     6,  2,    310, 7.8e-13
    - 27:   4,  9,  682,   15,  3,     7,  2,    417, 8.0e-13
    - 28:   4,  9,  665,   44,  1,    13,  1,   1129, 7.8e-13
    # no solution starting from log norm2 = 29

  - 3: # bits
    -ln2:   k,  N,    n, br_l,br_b, ks_l,ks_b,  cost, p_error
    - 0 :   2, 10,  756,    1, 23,     3,  4,     72, 8.2e-13
    - 1 :   2, 10,  756,    1, 23,     3,  4,     72, 8.2e-13
    - 2 :   2, 10,  756,    1, 23,     3,  4,     72, 8.3e-13
    - 3 :   2, 10,  756,    1, 23,     3,  4,     72, 8.8e-13
    - 4 :   2, 10,  757,    1, 23,     3,  4,     72, 8.0e-13
    - 5 :   2, 10,  760,    1, 23,     3,  4,     72, 8.0e-13
    - 6 :   2, 10,  778,    1, 23,     3,  4,     74, 8.6e-13
    - 7 :   2, 10,  726,    2, 15,     4,  3,    102, 7.1e-13
    - 8 :   2, 10,  726,    2, 15,     4,  3,    102, 7.2e-13
    - 9 :   2, 10,  726,    2, 15,     4,  3,    102, 7.2e-13
    - 10:   2, 10,  726,    2, 15,     4,  3,    102, 7.5e-13
    - 11:   2, 10,  726,    2, 15,     4,  3,    102, 8.8e-13
    - 12:   2, 10,  728,    2, 15,     4,  3,    102, 9.0e-13
    - 13:   2, 10,  739,    2, 15,     4,  3,    104, 8.6e-13
    - 14:   2, 10,  755,    2, 15,     8,  2,    117, 9.0e-13
    - 15:   2, 10,  727,    3, 12,     4,  3,    132, 7.5e-13
    - 16:   2, 10,  731,    3, 12,     4,  3,    132, 7.0e-13
    - 17:   2, 10,  729,    3, 12,     5,  3,    135, 7.5e-13
    - 18:   2, 10,  729,    4,  9,     4,  3,    162, 8.5e-13
    - 19:   2, 10,  699,    4,  9,     7,  2,    164, 6.7e-13
    - 20:   2, 10,  695,    5,  8,     7,  2,    191, 6.1e-13
    - 21:   2, 10,  715,    5,  8,     7,  2,    197, 7.8e-13
    - 22:   2, 10,  725,    6,  7,     7,  2,    229, 7.9e-13
    - 23:   2, 10,  748,    7,  6,     7,  2,    267, 9.1e-13
    - 24:   2, 10,  701,   11,  4,     7,  2,    366, 6.8e-13
    - 25:   2, 10,  713,   14,  3,     7,  2,    459, 7.6e-13
    - 26:   2, 10,  722,   22,  2,     7,  2,    702, 8.7e-13
    # no solution starting from log norm2 = 27

  - 4: # bits
    -ln2:   k,  N,    n, br_l,br_b, ks_l,ks_b,  cost, p_error
    - 0 :   1, 11,  756,    1, 23,     5,  3,     99, 6.0e-13
    - 1 :   1, 11,  756,    1, 23,     5,  3,     99, 6.2e-13
    - 2 :   1, 11,  756,    1, 23,     5,  3,     99, 6.8e-13
    - 3 :   1, 11,  757,    1, 23,     5,  3,     99, 5.7e-13
    - 4 :   1, 11,  759,    1, 23,     5,  3,     99, 9.1e-13
    - 5 :   1, 11,  776,    1, 23,     5,  3,    101, 8.8e-13
    - 6 :   1, 11,  756,    2, 15,     5,  3,    140, 6.0e-13
    - 7 :   1, 11,  756,    2, 15,     5,  3,    140, 6.0e-13
    - 8 :   1, 11,  756,    2, 15,     5,  3,    140, 6.1e-13
    - 9 :   1, 11,  756,    2, 15,     5,  3,    140, 6.5e-13
    - 10:   1, 11,  756,    2, 15,     5,  3,    140, 8.3e-13
    - 11:   1, 11,  758,    2, 15,     5,  3,    141, 7.7e-13
    - 12:   1, 11,  767,    2, 15,     5,  3,    142, 8.7e-13
    - 13:   1, 11,  756,    3, 11,     5,  3,    182, 7.5e-13
    - 14:   1, 11,  757,    3, 11,     5,  3,    182, 8.6e-13
    - 15:   1, 11,  763,    3, 11,     5,  3,    183, 7.7e-13
    - 16:   1, 11,  732,    4,  9,     7,  2,    222, 8.3e-13
    - 17:   1, 11,  735,    4,  9,     7,  2,    223, 8.3e-13
    - 18:   1, 11,  753,    4,  9,     7,  2,    228, 8.6e-13
    - 19:   1, 11,  748,    5,  8,     7,  2,    268, 8.2e-13
    - 20:   1, 11,  753,    6,  7,     7,  2,    311, 8.8e-13
    - 21:   1, 11,  761,    7,  6,     7,  2,    355, 7.9e-13
    - 22:   1, 11,  792,    8,  5,     8,  2,    416, 9.0e-13
    - 23:   1, 11,  744,   14,  3,     7,  2,    632, 6.9e-13
    - 24:   1, 11,  757,   21,  2,     8,  2,    936, 8.6e-13
    # no solution starting from log norm2 = 25

  - 5: # bits
    -ln2:   k,  N,    n, br_l,br_b, ks_l,ks_b,  cost, p_error
    - 0 :   1, 12,  820,    1, 22,     5,  3,    227, 8.5e-13
    - 1 :   1, 12,  821,    1, 22,     5,  3,    227, 7.9e-13
    - 2 :   1, 12,  850,    1, 22,     4,  4,    228, 7.6e-13
    - 3 :   1, 12,  868,    1, 22,     4,  4,    233, 8.6e-13
    - 4 :   1, 12,  820,    2, 15,     5,  3,    323, 7.6e-13
    - 5 :   1, 12,  820,    2, 15,     5,  3,    323, 7.7e-13
    - 6 :   1, 12,  820,    2, 15,     5,  3,    323, 7.7e-13
    - 7 :   1, 12,  820,    2, 15,     5,  3,    323, 8.1e-13
    - 8 :   1, 12,  821,    2, 15,     5,  3,    323, 6.6e-13
    - 9 :   1, 12,  823,    2, 15,     5,  3,    324, 6.9e-13
    - 10:   1, 12,  833,    2, 15,     5,  3,    328, 8.5e-13
    - 11:   1, 12,  820,    3, 11,     5,  3,    419, 8.9e-13
    - 12:   1, 12,  822,    3, 11,     5,  3,    420, 6.4e-13
    - 13:   1, 12,  827,    3, 11,     5,  3,    423, 7.4e-13
    - 14:   1, 12,  825,    3, 11,     8,  2,    441, 8.1e-13
    - 15:   1, 12,  825,    4,  9,     5,  3,    518, 7.0e-13
    - 16:   1, 12,  810,    4,  9,     8,  2,    528, 7.4e-13
    - 17:   1, 12,  810,    5,  8,     8,  2,    623, 7.6e-13
    - 18:   1, 12,  816,    6,  7,     8,  2,    723, 8.4e-13
    - 19:   1, 12,  825,    7,  6,     8,  2,    828, 8.5e-13
    - 20:   1, 12,  866,    8,  5,     9,  2,    976, 9.1e-13
    - 21:   1, 12,  804,   14,  3,     8,  2,   1467, 6.9e-13
    - 22:   1, 12,  818,   21,  2,     8,  2,   2163, 8.2e-13
    # no solution starting from log norm2 = 23

  - 6: # bits
    -ln2:   k,  N,    n, br_l,br_b, ks_l,ks_b,  cost, p_error
    - 0 :   1, 13,  928,    1, 22,     4,  4,    525, 8.2e-13
    - 1 :   1, 13,  888,    1, 22,     6,  3,    531, 7.2e-13
    - 2 :   1, 13,  877,    2, 15,     6,  3,    744, 5.6e-13
    - 3 :   1, 13,  877,    2, 15,     6,  3,    744, 5.6e-13
    - 4 :   1, 13,  877,    2, 15,     6,  3,    744, 5.7e-13
    - 5 :   1, 13,  877,    2, 15,     6,  3,    744, 6.0e-13
    - 6 :   1, 13,  877,    2, 15,     6,  3,    744, 7.1e-13
    - 7 :   1, 13,  878,    2, 15,     6,  3,    745, 9.0e-13
    - 8 :   1, 13,  886,    2, 15,     6,  3,    752, 6.5e-13
    - 9 :   1, 13,  877,    3, 11,     6,  3,    963, 6.3e-13
    - 10:   1, 13,  877,    3, 11,     6,  3,    963, 9.0e-13
    - 11:   1, 13,  881,    3, 11,     6,  3,    968, 6.2e-13
    - 12:   1, 13,  900,    3, 11,     6,  3,    988, 8.1e-13
    - 13:   1, 13,  880,    4,  9,     6,  3,   1187, 7.9e-13
    - 14:   1, 13,  896,    4,  9,     6,  3,   1208, 8.7e-13
    - 15:   1, 13,  873,    5,  8,     9,  2,   1437, 8.5e-13
    - 16:   1, 13,  881,    6,  7,     9,  2,   1670, 9.0e-13
    - 17:   1, 13,  895,    7,  6,     9,  2,   1920, 8.8e-13
    - 18:   1, 13,  862,   10,  4,     9,  2,   2496, 8.1e-13
    - 19:   1, 13,  865,   14,  3,     9,  2,   3370, 8.0e-13
    - 20:   1, 13,  879,   21,  2,     9,  2,   4962, 8.4e-13
    # no solution starting from log norm2 = 21

  - 7: # bits
    -ln2:   k,  N,    n, br_l,br_b, ks_l,ks_b,  cost, p_error
    - 0 :   1, 14,  942,    2, 15,     6,  3,   1683, 7.7e-13
    - 1 :   1, 14,  942,    2, 15,     6,  3,   1683, 7.7e-13
    - 2 :   1, 14,  942,    2, 15,     6,  3,   1683, 7.8e-13
    - 3 :   1, 14,  942,    2, 15,     6,  3,   1683, 8.1e-13
    - 4 :   1, 14,  943,    2, 15,     6,  3,   1685, 6.8e-13
    - 5 :   1, 14,  945,    2, 15,     6,  3,   1688, 7.1e-13
    - 6 :   1, 14,  955,    2, 15,     6,  3,   1705, 8.9e-13
    - 7 :   1, 14,  942,    3, 11,     6,  3,   2183, 8.5e-13
    - 8 :   1, 14,  943,    3, 11,     6,  3,   2186, 8.2e-13
    - 9 :   1, 14,  947,    3, 11,     6,  3,   2195, 8.0e-13
    - 10:   1, 14,  957,    3, 11,     7,  3,   2247, 8.6e-13
    - 11:   1, 14,  947,    4,  9,     6,  3,   2698, 8.9e-13
    - 12:   1, 14,  959,    4,  9,     7,  3,   2761, 8.6e-13
    - 13:   1, 14,  938,    5,  8,    10,  2,   3288, 8.5e-13
    - 14:   1, 14,  943,    6,  6,    10,  2,   3806, 8.7e-13
    - 15:   1, 14,  988,    7,  6,    11,  2,   4541, 9.1e-13
    - 16:   1, 14,  923,   10,  4,    10,  2,   5688, 7.6e-13
    - 17:   1, 14,  927,   14,  3,    10,  2,   7683, 8.8e-13
    - 18:   1, 14,  943,   21,  2,    10,  2,  11321, 9.0e-13
    # no solution starting from log norm2 = 19

  - 8: # bits
    -ln2:   k,  N,    n, br_l,br_b, ks_l,ks_b,  cost, p_error
    - 0 :   1, 15, 1029,    2, 15,     5,  4,   3794, 7.5e-13
    - 1 :   1, 15, 1029,    2, 15,     5,  4,   3794, 7.8e-13
    - 2 :   1, 15, 1030,    2, 15,     5,  4,   3797, 6.5e-13
    - 3 :   1, 15, 1032,    2, 15,     5,  4,   3804, 6.7e-13
    - 4 :   1, 15, 1042,    2, 15,     5,  4,   3840, 7.9e-13
    - 5 :   1, 15,  997,    3, 11,     7,  3,   4926, 7.7e-13
    - 6 :   1, 15,  998,    3, 11,     7,  3,   4931, 6.7e-13
    - 7 :   1, 15, 1001,    3, 11,     7,  3,   4945, 6.4e-13
    - 8 :   1, 15, 1017,    3, 11,     7,  3,   5022, 8.0e-13
    - 9 :   1, 15, 1001,    4,  9,     7,  3,   6072, 8.5e-13
    - 10:   1, 15, 1023,    4,  9,     7,  3,   6202, 8.7e-13
    - 11:   1, 15, 1015,    5,  7,     7,  3,   7297, 7.6e-13
    - 12:   1, 15, 1017,    6,  6,     7,  3,   8455, 7.9e-13
    - 13:   1, 15,  984,    8,  5,    10,  2,  10583, 8.0e-13
    - 14:   1, 15,  988,   10,  4,    10,  2,  12849, 8.3e-13
    - 15:   1, 15, 1009,   13,  3,    11,  2,  16588, 8.9e-13
    - 16:   1, 15, 1012,   21,  2,    11,  2,  25745, 8.5e-13
    # no solution starting from log norm2 = 17

  - 9: # bits
    -ln2:   k,  N,    n, br_l,br_b, ks_l,ks_b,  cost, p_error
    - 0 :   1, 16, 1065,    2, 14,     7,  3,   8511, 7.0e-13
    - 1 :   1, 16, 1066,    2, 14,     7,  3,   8518, 8.9e-13
    - 2 :   1, 16, 1076,    2, 14,     7,  3,   8596, 8.0e-13
    - 3 :   1, 16, 1064,    3, 11,     7,  3,  11030, 8.5e-13
    - 4 :   1, 16, 1065,    3, 11,     7,  3,  11040, 8.5e-13
    - 5 :   1, 16, 1070,    3, 11,     7,  3,  11091, 7.5e-13
    - 6 :   1, 16, 1079,    3, 11,     8,  3,  11317, 7.8e-13
    - 7 :   1, 16, 1071,    4,  9,     7,  3,  13644, 8.8e-13
    - 8 :   1, 16, 1089,    4,  9,     8,  3,  14006, 8.4e-13
    - 9 :   1, 16, 1070,    5,  7,     8,  3,  16307, 8.4e-13
    - 10:   1, 16, 1047,    6,  6,    11,  2,  18842, 8.0e-13
    - 11:   1, 16, 1043,    8,  5,    11,  2,  23725, 8.8e-13
    - 12:   1, 16, 1047,   10,  4,    11,  2,  28788, 9.0e-13
    - 13:   1, 16, 1063,   13,  3,    12,  2,  36931, 8.8e-13
    - 14:   1, 16, 1092,   21,  2,    12,  2,  58680, 9.0e-13
    # no solution starting from log norm2 = 15

  - 10: # bits
    -ln2:   k,  N,    n, br_l,br_b, ks_l,ks_b,  cost, p_error
    - 0 :   1, 17, 1154,    2, 14,     6,  4,  18978, 7.1e-13
    - 1 :   1, 17, 1162,    2, 14,     8,  3,  19687, 8.9e-13
    - 2 :   1, 17, 1118,    3, 11,     8,  3,  24551, 8.3e-13
    - 3 :   1, 17, 1122,    3, 11,     8,  3,  24637, 6.7e-13
    - 4 :   1, 17, 1143,    3, 11,     8,  3,  25089, 8.4e-13
    - 5 :   1, 17, 1123,    4,  9,     8,  3,  30274, 7.7e-13
    - 6 :   1, 17, 1164,    4,  9,     8,  3,  31360, 8.7e-13
    - 7 :   1, 17, 1128,    5,  7,     8,  3,  36046, 8.5e-13
    - 8 :   1, 17, 1130,    6,  6,     8,  3,  41759, 8.7e-13
    - 9 :   1, 17, 1104,    8,  5,    12,  2,  52956, 8.8e-13
    - 10:   1, 17, 1109,   10,  4,    12,  2,  64283, 8.1e-13
    - 11:   1, 17, 1125,   13,  3,    12,  2,  82078, 8.6e-13
    - 12:   1, 17, 1140,   39,  1,    13,  2, 231651, 8.8e-13
    # no solution starting from log norm2 = 13
