security level: 112
target p_error: 6.3e-5
per precision and log norm2:

  - 1: # bits
    -ln2:   k,  N,    n, br_l,br_b, ks_l,ks_b, cb_l,cb_b,  cost, p_error
    - 0 :   2, 10,  630,    3, 12,     5,  3,     1, 13,    182, 5.8e-5
    - 1 :   2, 10,  605,    4,  9,     7,  2,     1, 14,    231, 5.5e-5
    - 2 :   2, 10,  617,    2, 15,     7,  2,     2,  7,    254, 6.2e-5
    - 3 :   2, 10,  629,    6,  7,     7,  2,     1, 15,    336, 6.1e-5
    - 4 :   2, 10,  611,    3, 12,     7,  2,     2,  8,    350, 5.7e-5
    - 5 :   2, 10,  602,    4,  9,     7,  2,     2,  9,    445, 6.2e-5
    - 6 :   2, 10,  621,    4,  9,     7,  2,     2,  9,    453, 6.3e-5
    - 7 :   2, 10,  636,    5,  8,     7,  2,     2, 10,    559, 6.2e-5
    - 8 :   2, 10,  617,    4,  9,     7,  2,     3,  7,    668, 6.3e-5
    - 9 :   2, 10,  618,    5,  8,     7,  2,     3,  7,    817, 6.0e-5
    - 10:   2, 10,  609,    5,  8,     7,  2,     4,  6,   1075, 5.9e-5
    - 11:   2, 10,  614,    6,  7,     7,  2,     4,  6,   1277, 6.0e-5
    - 12:   2, 10,  637,    7,  6,     7,  2,     4,  6,   1504, 6.3e-5
    - 13:   2, 10,  650,    7,  6,    15,  1,     5,  5,   1917, 6.3e-5
    - 14:   2, 10,  640,    7,  6,    15,  1,     7,  4,   2646, 6.3e-5
    - 15:   2, 10,  629,    8,  5,    15,  1,     9,  3,   3807, 6.2e-5
    - 16:   2, 10,  640,   14,  3,    15,  1,     7,  4,   5109, 6.3e-5
    - 17:   2, 10,  619,   15,  3,    15,  1,    10,  3,   7648, 6.2e-5
    - 18:   2, 10,  617,   22,  2,    15,  1,    15,  2,  16613, 6.3e-5
    - 19:   2, 10,  654,   44,  1,    16,  1,    31,  1,  70046, 6.3e-5
    # no solution starting from log norm2 = 20

  - 2: # bits
    -ln2:   k,  N,    n, br_l,br_b, ks_l,ks_b, cb_l,cb_b,  cost, p_error
    - 0 :   2, 10,  606,    2, 15,     7,  2,     2,  7,    572, 5.9e-5
    - 1 :   2, 10,  635,    5,  8,     7,  2,     1, 14,    727, 6.1e-5
    - 2 :   2, 10,  604,    3, 12,     7,  2,     2,  8,    790, 5.6e-5
    - 3 :   2, 10,  640,    3, 12,     7,  2,     2,  8,    820, 6.2e-5
    - 4 :   2, 10,  607,    4,  9,     7,  2,     2,  9,   1013, 6.0e-5
    - 5 :   2, 10,  666,    3, 12,     8,  2,     3,  6,   1198, 6.3e-5
    - 6 :   2, 10,  606,    4,  9,     7,  2,     3,  7,   1443, 5.8e-5
    - 7 :   2, 10,  606,    5,  8,     7,  2,     3,  7,   1761, 6.0e-5
    - 8 :   2, 10,  622,    6,  7,     7,  2,     3,  8,   2111, 6.1e-5
    - 9 :   2, 10,  631,    5,  8,     7,  2,     4,  6,   2344, 6.3e-5
    - 10:   2, 10,  610,    7,  6,     7,  2,     4,  6,   3132, 6.0e-5
    - 11:   2, 10,  602,    7,  6,    14,  1,     5,  5,   3863, 6.0e-5
    - 12:   2, 10,  615,    8,  5,    14,  1,     6,  5,   5255, 6.1e-5
    - 13:   2, 10,  632,    8,  5,    15,  1,     7,  4,   6182, 6.2e-5
    - 14:   2, 10,  628,   11,  4,    15,  1,     7,  4,   8327, 6.2e-5
    - 15:   2, 10,  602,   14,  3,    14,  1,    10,  3,  14460, 6.2e-5
    - 16:   2, 10,  633,   14,  3,    15,  1,    15,  2,  22066, 6.2e-5
    - 17:   2, 10,  618,   22,  2,    15,  1,    31,  1,  69227, 6.2e-5
    # no solution starting from log norm2 = 18

  - 3: # bits
    -ln2:   k,  N,    n, br_l,br_b, ks_l,ks_b, cb_l,cb_b,  cost, p_error
    - 0 :   2, 10,  600,    3, 12,     7,  2,     2,  8,   1227, 6.1e-5
    - 1 :   2, 10,  607,    3, 12,     7,  2,     2,  8,   1237, 5.9e-5
    - 2 :   2, 10,  601,    4,  9,     7,  2,     2,  9,   1570, 6.1e-5
    - 3 :   2, 10,  613,    4,  9,     7,  2,     2,  9,   1590, 6.1e-5
    - 4 :   2, 10,  619,    5,  8,     7,  2,     2, 10,   1947, 6.0e-5
    - 5 :   2, 10,  611,    4,  9,     7,  2,     3,  7,   2235, 5.9e-5
    - 6 :   2, 10,  611,    5,  8,     7,  2,     3,  7,   2727, 6.1e-5
    - 7 :   2, 10,  606,    5,  8,     7,  2,     4,  6,   3505, 5.8e-5
    - 8 :   2, 10,  609,    6,  7,     7,  2,     4,  6,   4153, 5.9e-5
    - 9 :   2, 10,  619,    7,  6,     7,  2,     4,  6,   4837, 6.3e-5
    - 10:   2, 10,  615,    7,  6,    14,  1,     5,  5,   5963, 6.0e-5
    - 11:   2, 10,  613,    7,  6,    14,  1,     7,  4,   8136, 6.0e-5
    - 12:   2, 10,  639,    9,  5,    15,  1,     7,  4,  10553, 6.3e-5
    - 13:   2, 10,  613,   14,  3,    14,  1,     7,  4,  15715, 6.2e-5
    - 14:   2, 10,  615,   14,  3,    15,  1,    10,  3,  22134, 6.3e-5
    - 15:   2, 10,  644,   15,  3,    15,  1,    16,  2,  38260, 6.3e-5
    - 16:   2, 10,  622,   44,  1,    15,  1,    16,  2, 107969, 6.1e-5
    # no solution starting from log norm2 = 17

  - 4: # bits
    -ln2:   k,  N,    n, br_l,br_b, ks_l,ks_b, cb_l,cb_b,  cost, p_error
    - 0 :   2, 10,  602,    3, 12,     7,  2,     2,  8,   2367, 6.1e-5
    - 1 :   2, 10,  621,    3, 12,     7,  2,     2,  8,   2414, 6.0e-5
    - 2 :   2, 10,  605,    4,  9,     7,  2,     2,  9,   3035, 5.5e-5
    - 3 :   2, 10,  663,    4,  9,    16,  1,     2,  9,   3355, 6.3e-5
    - 4 :   2, 10,  604,    4,  9,     7,  2,     3,  7,   4320, 5.7e-5
    - 5 :   2, 10,  648,    4,  9,     7,  2,     3,  7,   4509, 6.3e-5
    - 6 :   2, 10,  644,    5,  8,     8,  2,     3,  7,   5494, 6.3e-5
    - 7 :   2, 10,  617,    5,  8,     7,  2,     4,  6,   6940, 6.2e-5
    - 8 :   2, 10,  631,    6,  7,     7,  2,     4,  6,   8307, 6.1e-5
    - 9 :   2, 10,  643,    6,  7,    15,  1,     5,  5,  10459, 6.3e-5
    - 10:   2, 10,  638,    8,  5,    15,  1,     5,  5,  13580, 6.2e-5
    - 11:   2, 10,  611,    8,  5,    14,  1,     7,  4,  18184, 6.1e-5
    - 12:   2, 10,  610,   11,  4,    14,  1,     7,  4,  24571, 6.1e-5
    - 13:   2, 10,  621,   11,  4,    15,  1,    10,  3,  34990, 6.2e-5
    - 14:   2, 10,  611,   14,  3,    14,  1,    15,  2,  64935, 6.2e-5
    - 15:   2, 10,  616,   22,  2,    14,  1,    16,  2, 107934, 6.2e-5
    # no solution starting from log norm2 = 16

  - 5: # bits
    -ln2:   k,  N,    n, br_l,br_b, ks_l,ks_b, cb_l,cb_b,  cost, p_error
    - 0 :   2, 10,  602,    3, 12,     7,  2,     2,  8,   2367, 6.1e-5
    - 1 :   2, 10,  621,    3, 12,     7,  2,     2,  8,   2414, 6.0e-5
    - 2 :   2, 10,  605,    4,  9,     7,  2,     2,  9,   3035, 5.5e-5
    - 3 :   2, 10,  663,    4,  9,    16,  1,     2,  9,   3355, 6.3e-5
    - 4 :   2, 10,  604,    4,  9,     7,  2,     3,  7,   4320, 5.7e-5
    - 5 :   2, 10,  648,    4,  9,     7,  2,     3,  7,   4509, 6.3e-5
    - 6 :   2, 10,  644,    5,  8,     8,  2,     3,  7,   5494, 6.3e-5
    - 7 :   2, 10,  617,    5,  8,     7,  2,     4,  6,   6940, 6.2e-5
    - 8 :   2, 10,  631,    6,  7,     7,  2,     4,  6,   8307, 6.1e-5
    - 9 :   2, 10,  643,    6,  7,    15,  1,     5,  5,  10459, 6.3e-5
    - 10:   2, 10,  638,    8,  5,    15,  1,     5,  5,  13580, 6.2e-5
    - 11:   2, 10,  611,    8,  5,    14,  1,     7,  4,  18184, 6.1e-5
    - 12:   2, 10,  610,   11,  4,    14,  1,     7,  4,  24571, 6.1e-5
    - 13:   2, 10,  621,   11,  4,    15,  1,    10,  3,  34990, 6.2e-5
    - 14:   2, 10,  611,   14,  3,    14,  1,    15,  2,  64935, 6.2e-5
    - 15:   2, 10,  616,   22,  2,    14,  1,    16,  2, 107934, 6.2e-5
    # no solution starting from log norm2 = 16

  - 6: # bits
    -ln2:   k,  N,    n, br_l,br_b, ks_l,ks_b, cb_l,cb_b,  cost, p_error
    - 0 :   2, 10,  603,    3, 12,     7,  2,     2,  8,   2811, 5.8e-5
    - 1 :   2, 10,  628,    3, 12,     7,  2,     2,  8,   2886, 6.2e-5
    - 2 :   2, 10,  606,    4,  9,     7,  2,     2,  9,   3604, 5.7e-5
    - 3 :   2, 10,  639,    3, 12,     7,  2,     3,  6,   4119, 6.2e-5
    - 4 :   2, 10,  605,    4,  9,     7,  2,     3,  7,   5105, 5.7e-5
    - 5 :   2, 10,  605,    5,  8,     7,  2,     3,  7,   6230, 5.9e-5
    - 6 :   2, 10,  617,    6,  7,     7,  2,     3,  8,   7440, 6.1e-5
    - 7 :   2, 10,  623,    5,  8,     7,  2,     4,  6,   8216, 6.1e-5
    - 8 :   2, 10,  634,    6,  7,    15,  1,     4,  6,   9946, 6.2e-5
    - 9 :   2, 10,  653,    8,  5,    16,  1,     4,  6,  13200, 6.3e-5
    - 10:   2, 10,  634,    9,  5,    15,  1,     5,  5,  17755, 6.3e-5
    - 11:   2, 10,  619,    8,  5,    14,  1,     7,  4,  21481, 6.3e-5
    - 12:   2, 10,  617,   11,  4,    14,  1,     7,  4,  28996, 6.3e-5
    - 13:   2, 10,  646,   11,  4,    15,  1,    10,  3,  41876, 6.3e-5
    - 14:   2, 10,  619,   14,  3,    15,  1,    15,  2,  76491, 6.2e-5
    - 15:   2, 10,  628,   22,  2,    15,  1,    16,  2, 127534, 6.2e-5
    # no solution starting from log norm2 = 16

  - 7: # bits
    -ln2:   k,  N,    n, br_l,br_b, ks_l,ks_b, cb_l,cb_b,  cost, p_error
    - 0 :   2, 10,  604,    3, 12,     7,  2,     2,  8,   3257, 5.6e-5
    - 1 :   2, 10,  640,    3, 12,     7,  2,     2,  8,   3382, 6.2e-5
    - 2 :   2, 10,  607,    4,  9,     7,  2,     2,  9,   4174, 6.0e-5
    - 3 :   2, 10,  666,    3, 12,     8,  2,     3,  6,   4898, 6.3e-5
    - 4 :   2, 10,  606,    4,  9,     7,  2,     3,  7,   5891, 5.8e-5
    - 5 :   2, 10,  606,    5,  8,     7,  2,     3,  7,   7188, 6.0e-5
    - 6 :   2, 10,  622,    6,  7,     7,  2,     3,  8,   8618, 6.1e-5
    - 7 :   2, 10,  631,    5,  8,     7,  2,     4,  6,   9525, 6.3e-5
    - 8 :   2, 10,  610,    7,  6,     7,  2,     4,  6,  12725, 6.0e-5
    - 9 :   2, 10,  602,    7,  6,    14,  1,     5,  5,  15645, 6.0e-5
    - 10:   2, 10,  615,    8,  5,    14,  1,     6,  5,  21244, 6.1e-5
    - 11:   2, 10,  632,    8,  5,    15,  1,     7,  4,  24956, 6.2e-5
    - 12:   2, 10,  628,   11,  4,    15,  1,     7,  4,  33615, 6.2e-5
    - 13:   2, 10,  602,   14,  3,    14,  1,    10,  3,  58206, 6.2e-5
    - 14:   2, 10,  633,   14,  3,    15,  1,    15,  2,  88648, 6.2e-5
    - 15:   2, 10,  618,   22,  2,    15,  1,    31,  1, 277487, 6.2e-5
    # no solution starting from log norm2 = 16

  - 8: # bits
    -ln2:   k,  N,    n, br_l,br_b, ks_l,ks_b, cb_l,cb_b,  cost, p_error
    - 0 :   2, 10,  605,    3, 12,     7,  2,     2,  8,   3703, 5.4e-5
    - 1 :   2, 10,  661,    3, 12,     8,  2,     2,  8,   3949, 6.3e-5
    - 2 :   2, 10,  608,    4,  9,     7,  2,     2,  9,   4746, 6.3e-5
    - 3 :   2, 10,  612,    5,  8,     7,  2,     2, 10,   5800, 5.8e-5
    - 4 :   2, 10,  607,    4,  9,     7,  2,     3,  7,   6679, 6.0e-5
    - 5 :   2, 10,  607,    5,  8,     7,  2,     3,  7,   8149, 6.2e-5
    - 6 :   2, 10,  628,    6,  7,     7,  2,     3,  8,   9817, 6.3e-5
    - 7 :   2, 10,  644,    5,  8,     8,  2,     4,  6,  10928, 6.3e-5
    - 8 :   2, 10,  612,    7,  6,     7,  2,     4,  6,  14416, 6.0e-5
    - 9 :   2, 10,  604,    7,  6,    14,  1,     5,  5,  17706, 6.3e-5
    - 10:   2, 10,  622,    8,  5,    15,  1,     6,  5,  24160, 6.2e-5
    - 11:   2, 10,  612,    9,  5,    14,  1,     7,  4,  30877, 6.3e-5
    - 12:   2, 10,  636,   11,  4,    15,  1,     8,  4,  43348, 6.3e-5
    - 13:   2, 10,  605,   14,  3,    14,  1,    10,  3,  65795, 6.0e-5
    - 14:   2, 10,  620,   22,  2,    14,  1,    10,  3, 103498, 6.3e-5
    - 15:   2, 10,  628,   22,  2,    15,  1,    31,  1, 315058, 6.3e-5
    # no solution starting from log norm2 = 16

  - 9: # bits
    -ln2:   k,  N,    n, br_l,br_b, ks_l,ks_b, cb_l,cb_b,  cost, p_error
    - 0 :   2, 10,  601,    4,  9,     7,  2,     2,  9,   5274, 5.6e-5
    - 1 :   2, 10,  610,    4,  9,     7,  2,     2,  9,   5324, 5.9e-5
    - 2 :   2, 10,  614,    5,  8,     7,  2,     2, 10,   6507, 5.9e-5
    - 3 :   2, 10,  608,    4,  9,     7,  2,     3,  7,   7468, 6.1e-5
    - 4 :   2, 10,  609,    5,  8,     7,  2,     3,  7,   9121, 5.6e-5
    - 5 :   2, 10,  638,    6,  7,     7,  2,     3,  8,  11072, 6.3e-5
    - 6 :   2, 10,  607,    6,  7,     7,  2,     4,  6,  13876, 5.8e-5
    - 7 :   2, 10,  614,    7,  6,     7,  2,     4,  6,  16114, 6.2e-5
    - 8 :   2, 10,  607,    7,  6,    14,  1,     5,  5,  19794, 6.3e-5
    - 9 :   2, 10,  606,    7,  6,    14,  1,     7,  4,  27011, 6.1e-5
    - 10:   2, 10,  618,    9,  5,    14,  1,     7,  4,  34578, 6.3e-5
    - 11:   2, 10,  607,   14,  3,    14,  1,     7,  4,  52224, 5.8e-5
    - 12:   2, 10,  608,   14,  3,    14,  1,    10,  3,  73424, 6.0e-5
    - 13:   2, 10,  630,   22,  2,    15,  1,    10,  3, 116221, 6.2e-5
    - 14:   2, 10,  628,   43,  1,    15,  1,    16,  2, 353977, 6.3e-5
    # no solution starting from log norm2 = 15

  - 10: # bits
    -ln2:   k,  N,    n, br_l,br_b, ks_l,ks_b, cb_l,cb_b,  cost, p_error
    - 0 :   2, 10,  601,    4,  9,     7,  2,     2,  9,   5837, 5.8e-5
    - 1 :   2, 10,  611,    4,  9,     7,  2,     2,  9,   5899, 6.3e-5
    - 2 :   2, 10,  616,    5,  8,     7,  2,     2, 10,   7216, 6.1e-5
    - 3 :   2, 10,  610,    4,  9,     7,  2,     3,  7,   8268, 5.6e-5
    - 4 :   2, 10,  610,    5,  8,     7,  2,     3,  7,  10086, 5.8e-5
    - 5 :   2, 10,  637,    6,  7,    15,  1,     3,  8,  12440, 6.2e-5
    - 6 :   2, 10,  608,    6,  7,     7,  2,     4,  6,  15329, 5.8e-5
    - 7 :   2, 10,  606,    7,  6,    14,  1,     4,  6,  17831, 6.0e-5
    - 8 :   2, 10,  611,    7,  6,    14,  1,     5,  5,  21915, 5.9e-5
    - 9 :   2, 10,  609,    7,  6,    14,  1,     7,  4,  29853, 6.1e-5
    - 10:   2, 10,  625,    9,  5,    15,  1,     7,  4,  38381, 6.3e-5
    - 11:   2, 10,  610,   14,  3,    14,  1,     7,  4,  57713, 5.9e-5
    - 12:   2, 10,  611,   14,  3,    14,  1,    10,  3,  81093, 6.3e-5
    - 13:   2, 10,  652,   23,  2,    16,  1,    10,  3, 136286, 6.3e-5
    - 14:   2, 10,  616,   44,  1,    14,  1,    16,  2, 394590, 6.3e-5
    # no solution starting from log norm2 = 15

  - 11: # bits
    -ln2:   k,  N,    n, br_l,br_b, ks_l,ks_b, cb_l,cb_b,  cost, p_error
    - 0 :   2, 10,  601,    4,  9,     7,  2,     2,  9,   6399, 6.1e-5
    - 1 :   2, 10,  613,    4,  9,     7,  2,     2,  9,   6481, 6.1e-5
    - 2 :   2, 10,  619,    5,  8,     7,  2,     2, 10,   7936, 6.0e-5
    - 3 :   2, 10,  611,    4,  9,     7,  2,     3,  7,   9061, 5.9e-5
    - 4 :   2, 10,  611,    5,  8,     7,  2,     3,  7,  11053, 6.1e-5
    - 5 :   2, 10,  606,    5,  8,     7,  2,     4,  6,  14167, 5.8e-5
    - 6 :   2, 10,  609,    6,  7,     7,  2,     4,  6,  16785, 5.9e-5
    - 7 :   2, 10,  619,    7,  6,     7,  2,     4,  6,  19547, 6.3e-5
    - 8 :   2, 10,  615,    7,  6,    14,  1,     5,  5,  24051, 6.0e-5
    - 9 :   2, 10,  613,    7,  6,    14,  1,     7,  4,  32742, 6.0e-5
    - 10:   2, 10,  639,    9,  5,    15,  1,     7,  4,  42471, 6.3e-5
    - 11:   2, 10,  613,   14,  3,    14,  1,     7,  4,  63232, 6.2e-5
    - 12:   2, 10,  615,   14,  3,    15,  1,    10,  3,  88911, 6.3e-5
    - 13:   2, 10,  644,   15,  3,    15,  1,    16,  2, 153460, 6.3e-5
    - 14:   2, 10,  622,   44,  1,    15,  1,    16,  2, 433019, 6.1e-5
    # no solution starting from log norm2 = 15

  - 12: # bits
    -ln2:   k,  N,    n, br_l,br_b, ks_l,ks_b, cb_l,cb_b,  cost, p_error
    - 0 :   2, 10,  601,    4,  9,     7,  2,     2,  9,   6399, 6.1e-5
    - 1 :   2, 10,  613,    4,  9,     7,  2,     2,  9,   6481, 6.1e-5
    - 2 :   2, 10,  619,    5,  8,     7,  2,     2, 10,   7936, 6.0e-5
    - 3 :   2, 10,  611,    4,  9,     7,  2,     3,  7,   9061, 5.9e-5
    - 4 :   2, 10,  611,    5,  8,     7,  2,     3,  7,  11053, 6.1e-5
    - 5 :   2, 10,  606,    5,  8,     7,  2,     4,  6,  14167, 5.8e-5
    - 6 :   2, 10,  609,    6,  7,     7,  2,     4,  6,  16785, 5.9e-5
    - 7 :   2, 10,  619,    7,  6,     7,  2,     4,  6,  19547, 6.3e-5
    - 8 :   2, 10,  615,    7,  6,    14,  1,     5,  5,  24051, 6.0e-5
    - 9 :   2, 10,  613,    7,  6,    14,  1,     7,  4,  32742, 6.0e-5
    - 10:   2, 10,  639,    9,  5,    15,  1,     7,  4,  42471, 6.3e-5
    - 11:   2, 10,  613,   14,  3,    14,  1,     7,  4,  63232, 6.2e-5
    - 12:   2, 10,  615,   14,  3,    15,  1,    10,  3,  88911, 6.3e-5
    - 13:   2, 10,  644,   15,  3,    15,  1,    16,  2, 153460, 6.3e-5
    - 14:   2, 10,  622,   44,  1,    15,  1,    16,  2, 433019, 6.1e-5
    # no solution starting from log norm2 = 15

  - 13: # bits
    -ln2:   k,  N,    n, br_l,br_b, ks_l,ks_b, cb_l,cb_b,  cost, p_error
    - 0 :   2, 10,  602,    4,  9,     7,  2,     2,  9,   8545, 6.2e-5
    - 1 :   2, 10,  621,    4,  9,     7,  2,     2,  9,   8717, 6.3e-5
    - 2 :   2, 10,  636,    5,  8,     7,  2,     2, 10,  10770, 6.2e-5
    - 3 :   2, 10,  617,    4,  9,     7,  2,     3,  7,  12159, 6.3e-5
    - 4 :   2, 10,  618,    5,  8,     7,  2,     3,  7,  14845, 6.0e-5
    - 5 :   2, 10,  609,    5,  8,     7,  2,     4,  6,  18950, 5.9e-5
    - 6 :   2, 10,  614,    6,  7,     7,  2,     4,  6,  22493, 6.0e-5
    - 7 :   2, 10,  623,    7,  6,    15,  1,     4,  6,  26479, 6.3e-5
    - 8 :   2, 10,  650,    7,  6,    15,  1,     5,  5,  33174, 6.3e-5
    - 9 :   2, 10,  640,    7,  6,    15,  1,     7,  4,  44797, 6.3e-5
    - 10:   2, 10,  629,    8,  5,    15,  1,     9,  3,  63648, 6.2e-5
    - 11:   2, 10,  640,   14,  3,    15,  1,     7,  4,  86412, 6.3e-5
    - 12:   2, 10,  619,   15,  3,    15,  1,    10,  3, 127190, 6.2e-5
    - 13:   2, 10,  617,   22,  2,    15,  1,    15,  2, 272752, 6.3e-5
    - 14:   2, 10,  616,   44,  1,    15,  1,    32,  1, 1134676, 6.3e-5
    # no solution starting from log norm2 = 15

  - 14: # bits
    -ln2:   k,  N,    n, br_l,br_b, ks_l,ks_b, cb_l,cb_b,  cost, p_error
    - 0 :   2, 10,  602,    4,  9,     7,  2,     2,  9,   8545, 6.2e-5
    - 1 :   2, 10,  621,    4,  9,     7,  2,     2,  9,   8717, 6.3e-5
    - 2 :   2, 10,  636,    5,  8,     7,  2,     2, 10,  10770, 6.2e-5
    - 3 :   2, 10,  617,    4,  9,     7,  2,     3,  7,  12159, 6.3e-5
    - 4 :   2, 10,  618,    5,  8,     7,  2,     3,  7,  14845, 6.0e-5
    - 5 :   2, 10,  609,    5,  8,     7,  2,     4,  6,  18950, 5.9e-5
    - 6 :   2, 10,  614,    6,  7,     7,  2,     4,  6,  22493, 6.0e-5
    - 7 :   2, 10,  623,    7,  6,    15,  1,     4,  6,  26479, 6.3e-5
    - 8 :   2, 10,  650,    7,  6,    15,  1,     5,  5,  33174, 6.3e-5
    - 9 :   2, 10,  640,    7,  6,    15,  1,     7,  4,  44797, 6.3e-5
    - 10:   2, 10,  629,    8,  5,    15,  1,     9,  3,  63648, 6.2e-5
    - 11:   2, 10,  640,   14,  3,    15,  1,     7,  4,  86412, 6.3e-5
    - 12:   2, 10,  619,   15,  3,    15,  1,    10,  3, 127190, 6.2e-5
    - 13:   2, 10,  617,   22,  2,    15,  1,    15,  2, 272752, 6.3e-5
    - 14:   2, 10,  616,   44,  1,    15,  1,    32,  1, 1134676, 6.3e-5
    # no solution starting from log norm2 = 15

  - 15: # bits
    -ln2:   k,  N,    n, br_l,br_b, ks_l,ks_b, cb_l,cb_b,  cost, p_error
    - 0 :   2, 10,  602,    4,  9,     7,  2,     2,  9,   8545, 6.2e-5
    - 1 :   2, 10,  621,    4,  9,     7,  2,     2,  9,   8717, 6.3e-5
    - 2 :   2, 10,  636,    5,  8,     7,  2,     2, 10,  10770, 6.2e-5
    - 3 :   2, 10,  617,    4,  9,     7,  2,     3,  7,  12159, 6.3e-5
    - 4 :   2, 10,  618,    5,  8,     7,  2,     3,  7,  14845, 6.0e-5
    - 5 :   2, 10,  609,    5,  8,     7,  2,     4,  6,  18950, 5.9e-5
    - 6 :   2, 10,  614,    6,  7,     7,  2,     4,  6,  22493, 6.0e-5
    - 7 :   2, 10,  623,    7,  6,    15,  1,     4,  6,  26479, 6.3e-5
    - 8 :   2, 10,  650,    7,  6,    15,  1,     5,  5,  33174, 6.3e-5
    - 9 :   2, 10,  640,    7,  6,    15,  1,     7,  4,  44797, 6.3e-5
    - 10:   2, 10,  629,    8,  5,    15,  1,     9,  3,  63648, 6.2e-5
    - 11:   2, 10,  640,   14,  3,    15,  1,     7,  4,  86412, 6.3e-5
    - 12:   2, 10,  619,   15,  3,    15,  1,    10,  3, 127190, 6.2e-5
    - 13:   2, 10,  617,   22,  2,    15,  1,    15,  2, 272752, 6.3e-5
    - 14:   2, 10,  616,   44,  1,    15,  1,    32,  1, 1134676, 6.3e-5
    # no solution starting from log norm2 = 15

  - 16: # bits
    -ln2:   k,  N,    n, br_l,br_b, ks_l,ks_b, cb_l,cb_b,  cost, p_error
    - 0 :   2, 10,  603,    4,  9,     7,  2,     2,  9,   9574, 5.7e-5
    - 1 :   2, 10,  627,    4,  9,     7,  2,     2,  9,   9817, 6.2e-5
    - 2 :   2, 10,  656,    5,  8,     8,  2,     2, 10,  12339, 6.3e-5
    - 3 :   2, 10,  622,    4,  9,     7,  2,     3,  7,  13701, 6.0e-5
    - 4 :   2, 10,  622,    5,  8,     7,  2,     3,  7,  16707, 6.2e-5
    - 5 :   2, 10,  611,    5,  8,     7,  2,     4,  6,  21305, 5.8e-5
    - 6 :   2, 10,  617,    6,  7,     7,  2,     4,  6,  25310, 6.1e-5
    - 7 :   2, 10,  640,    7,  6,    15,  1,     4,  6,  30186, 6.3e-5
    - 8 :   2, 10,  613,    8,  5,    14,  1,     5,  5,  40690, 6.2e-5
    - 9 :   2, 10,  603,    8,  5,    14,  1,     7,  4,  55063, 5.8e-5
    - 10:   2, 10,  602,   11,  4,    14,  1,     7,  4,  74387, 6.1e-5
    - 11:   2, 10,  632,   15,  3,    15,  1,     7,  4, 102995, 6.3e-5
    - 12:   2, 10,  630,   15,  3,    15,  1,    10,  3, 144315, 6.3e-5
    - 13:   2, 10,  627,   22,  2,    15,  1,    15,  2, 309272, 6.1e-5
    - 14:   2, 10,  625,   44,  1,    15,  1,    32,  1, 1285814, 6.2e-5
    # no solution starting from log norm2 = 15
