security level: 128
target p_error: 6.3e-5
per precision and log norm2:

  - 1: # bits
    -ln2:   k,  N,    n, br_l,br_b, ks_l,ks_b, cb_l,cb_b, pp_l,pp_b,  cost, p_error
    - 0 :   2, 10,  597,    2, 15,     3,  3,     1, 10,     1, 25,     99, 6.1e-5
    - 1 :   2, 10,  607,    2, 15,     3,  3,     1, 10,     1, 25,    100, 6.2e-5
    - 2 :   2, 10,  582,    2, 15,     5,  2,     1, 11,     2, 17,    126, 5.6e-5
    - 3 :   2, 10,  569,    3, 12,     5,  2,     1, 13,     2, 17,    147, 6.2e-5
    - 4 :   2, 10,  596,    3, 12,     5,  2,     1, 13,     2, 17,    152, 5.9e-5
    - 5 :   2, 10,  590,    4,  9,     5,  2,     1, 14,     2, 17,    175, 6.1e-5
    - 6 :   2, 10,  623,    5,  8,     6,  2,     1, 14,     3, 13,    234, 6.3e-5
    - 7 :   2, 10,  572,    3, 12,     5,  2,     2,  8,     2, 17,    285, 5.8e-5
    - 8 :   2, 10,  636,    3, 12,     6,  2,     2,  8,     2, 17,    308, 6.3e-5
    - 9 :   2, 10,  578,    4,  9,     5,  2,     2,  9,     2, 17,    334, 5.9e-5
    - 10:   2, 10,  620,    5,  8,     6,  2,     2, 10,     2, 17,    405, 6.3e-5
    - 11:   2, 10,  595,    6,  7,     5,  2,     2, 10,     3, 13,    487, 6.1e-5
    - 12:   2, 10,  584,    5,  8,     5,  2,     3,  7,     2, 17,    571, 5.6e-5
    - 13:   2, 10,  586,    6,  7,    11,  1,     3,  8,     3, 13,    731, 6.3e-5
    - 14:   2, 10,  624,    7,  6,    12,  1,     3,  8,     3, 13,    843, 6.3e-5
    - 15:   2, 10,  571,    7,  6,    10,  1,     4,  6,     3, 13,   1040, 5.9e-5
    - 16:   2, 10,  575,    7,  6,    10,  1,     5,  5,     3, 13,   1301, 6.1e-5
    - 17:   2, 10,  610,    8,  5,    11,  1,     6,  5,     3, 13,   1778, 6.3e-5
    - 18:   2, 10,  593,    9,  5,    11,  1,     7,  4,     3, 13,   2196, 6.0e-5
    - 19:   2, 10,  635,   11,  4,    12,  1,     7,  4,     5,  9,   3020, 6.3e-5
    - 20:   2, 10,  574,   14,  3,    11,  1,    10,  3,     4, 10,   4467, 5.8e-5
    - 21:   2, 10,  602,   22,  2,    11,  1,    10,  3,     4, 10,   6614, 6.2e-5
    - 22:   2, 10,  587,   44,  1,    11,  1,    16,  2,     4, 10,  18816, 6.2e-5
    # no solution starting from log norm2 = 23

  - 2: # bits
    -ln2:   k,  N,    n, br_l,br_b, ks_l,ks_b, cb_l,cb_b, pp_l,pp_b,  cost, p_error
    - 0 :   2, 10,  615,    3, 12,     5,  2,     1, 13,     2, 17,    419, 6.0e-5
    - 1 :   2, 10,  642,    3, 12,     4,  3,     1, 13,     2, 17,    425, 5.3e-5
    - 2 :   2, 10,  621,    2, 15,     6,  2,     2,  7,     1, 25,    495, 5.6e-5
    - 3 :   2, 10,  628,    5,  8,     6,  2,     1, 14,     2, 17,    587, 6.1e-5
    - 4 :   2, 10,  617,    3, 12,     5,  2,     2,  8,     2, 17,    708, 5.7e-5
    - 5 :   2, 10,  623,    3, 12,     6,  2,     2,  8,     2, 17,    720, 6.1e-5
    - 6 :   2, 10,  612,    4,  9,     6,  2,     2,  9,     2, 17,    836, 5.1e-5
    - 7 :   2, 10,  649,    4,  9,     6,  2,     2,  9,     2, 17,    875, 6.1e-5
    - 8 :   2, 10,  611,    4,  9,     6,  2,     3,  7,     2, 17,   1171, 5.8e-5
    - 9 :   2, 10,  643,    4,  9,     6,  2,     3,  7,     2, 17,   1218, 6.3e-5
    - 10:   2, 10,  635,    5,  8,     6,  2,     3,  7,     3, 13,   1532, 6.3e-5
    - 11:   2, 10,  669,    5,  8,     6,  2,     4,  6,     2, 17,   1861, 6.3e-5
    - 12:   2, 10,  630,    6,  7,     6,  2,     4,  6,     3, 13,   2200, 5.8e-5
    - 13:   2, 10,  635,    8,  5,     6,  2,     4,  6,     3, 13,   2681, 5.9e-5
    - 14:   2, 10,  642,    8,  5,     6,  2,     5,  5,     3, 13,   3312, 6.2e-5
    - 15:   2, 10,  616,    8,  5,    12,  1,     7,  4,     3, 13,   4427, 6.2e-5
    - 16:   2, 10,  630,   11,  4,    12,  1,     7,  4,     3, 13,   5667, 6.2e-5
    - 17:   2, 10,  675,   15,  3,    13,  1,     7,  4,     4, 10,   8005, 6.3e-5
    - 18:   2, 10,  664,   15,  3,    13,  1,    10,  3,     5,  9,  11534, 6.3e-5
    - 19:   2, 10,  621,   22,  2,    12,  1,    16,  2,     4, 10,  22318, 6.1e-5
    - 20:   2, 10,  660,   44,  1,    13,  1,    32,  1,     5,  9,  86599, 6.3e-5
    # no solution starting from log norm2 = 21

  - 3: # bits
    -ln2:   k,  N,    n, br_l,br_b, ks_l,ks_b, cb_l,cb_b, pp_l,pp_b,  cost, p_error
    - 0 :   2, 10,  713,    2, 15,     4,  3,     2,  7,     1, 25,    852, 6.2e-5
    - 1 :   2, 10,  729,    5,  8,     7,  2,     1, 14,     2, 17,   1109, 6.3e-5
    - 2 :   2, 10,  654,    3, 12,     6,  2,     2,  8,     2, 17,   1178, 6.1e-5
    - 3 :   2, 10,  692,    3, 12,     7,  2,     2,  8,     2, 17,   1243, 6.3e-5
    - 4 :   2, 10,  660,    4,  9,     6,  2,     2,  9,     2, 17,   1403, 5.6e-5
    - 5 :   2, 10,  687,    5,  8,     7,  2,     2,  9,     2, 17,   1687, 6.1e-5
    - 6 :   2, 10,  659,    4,  9,     6,  2,     3,  7,     2, 17,   1934, 5.8e-5
    - 7 :   2, 10,  664,    5,  8,     6,  2,     3,  7,     2, 17,   2245, 5.8e-5
    - 8 :   2, 10,  683,    6,  7,     6,  2,     3,  8,     3, 13,   2821, 6.3e-5
    - 9 :   2, 10,  703,    7,  6,     7,  2,     3,  8,     3, 13,   3216, 6.3e-5
    - 10:   2, 10,  664,    7,  6,     6,  2,     4,  6,     3, 13,   3913, 5.5e-5
    - 11:   2, 10,  667,    7,  6,     6,  2,     5,  5,     3, 13,   4783, 6.2e-5
    - 12:   2, 10,  682,    8,  5,    13,  1,     6,  5,     3, 13,   6389, 6.3e-5
    - 13:   2, 10,  670,    9,  5,    13,  1,     7,  4,     3, 13,   7872, 6.0e-5
    - 14:   2, 10,  692,   11,  4,    14,  1,     7,  4,     4, 10,   9905, 6.3e-5
    - 15:   2, 10,  655,   14,  3,    13,  1,    10,  3,     4, 10,  15765, 5.9e-5
    - 16:   2, 10,  675,   22,  2,    13,  1,    10,  3,     4, 10,  23246, 6.2e-5
    - 17:   2, 10,  665,   44,  1,    13,  1,    16,  2,     4, 10,  65867, 6.2e-5
    # no solution starting from log norm2 = 18

  - 4: # bits
    -ln2:   k,  N,    n, br_l,br_b, ks_l,ks_b, cb_l,cb_b, pp_l,pp_b,  cost, p_error
    - 0 :   2, 10,  687,    4,  9,     6,  2,     1, 14,     2, 17,   1652, 6.2e-5
    - 1 :   2, 10,  661,    2, 15,     6,  2,     3,  5,     1, 25,   2169, 6.0e-5
    - 2 :   2, 10,  649,    3, 12,     6,  2,     2,  8,     2, 17,   2233, 5.9e-5
    - 3 :   2, 10,  643,    4,  9,     6,  2,     2,  9,     2, 17,   2613, 5.3e-5
    - 4 :   2, 10,  659,    4,  9,     6,  2,     2,  9,     2, 17,   2664, 5.7e-5
    - 5 :   2, 10,  665,    5,  8,     6,  2,     2, 10,     3, 13,   3380, 6.3e-5
    - 6 :   2, 10,  657,    4,  9,     6,  2,     3,  7,     2, 17,   3723, 6.2e-5
    - 7 :   2, 10,  667,    5,  8,     6,  2,     3,  7,     2, 17,   4340, 6.3e-5
    - 8 :   2, 10,  662,    5,  8,     6,  2,     4,  6,     2, 17,   5548, 6.3e-5
    - 9 :   2, 10,  670,    8,  5,     6,  2,     3,  8,     3, 13,   6520, 6.0e-5
    - 10:   2, 10,  667,    7,  6,     6,  2,     4,  6,     3, 13,   7635, 5.9e-5
    - 11:   2, 10,  661,    7,  6,    13,  1,     5,  5,     3, 13,   9447, 6.3e-5
    - 12:   2, 10,  661,    7,  6,    13,  1,     7,  4,     3, 13,  12851, 6.3e-5
    - 13:   2, 10,  700,    9,  5,    14,  1,     7,  4,     4, 10,  17047, 6.3e-5
    - 14:   2, 10,  659,   14,  3,    13,  1,     7,  4,     4, 10,  22344, 6.0e-5
    - 15:   2, 10,  664,   14,  3,    13,  1,    10,  3,     4, 10,  31470, 6.1e-5
    - 16:   2, 10,  704,   22,  2,    14,  1,    11,  3,     5,  9,  53707, 6.3e-5
    - 17:   2, 10,  677,   44,  1,    13,  1,    16,  2,     5,  9, 135006, 6.2e-5
    # no solution starting from log norm2 = 18

  - 5: # bits
    -ln2:   k,  N,    n, br_l,br_b, ks_l,ks_b, cb_l,cb_b, pp_l,pp_b,  cost, p_error
    - 0 :   2, 10,  687,    4,  9,     6,  2,     1, 14,     2, 17,   1652, 6.2e-5
    - 1 :   2, 10,  661,    2, 15,     6,  2,     3,  5,     1, 25,   2169, 6.0e-5
    - 2 :   2, 10,  649,    3, 12,     6,  2,     2,  8,     2, 17,   2233, 5.9e-5
    - 3 :   2, 10,  643,    4,  9,     6,  2,     2,  9,     2, 17,   2613, 5.3e-5
    - 4 :   2, 10,  659,    4,  9,     6,  2,     2,  9,     2, 17,   2664, 5.7e-5
    - 5 :   2, 10,  665,    5,  8,     6,  2,     2, 10,     3, 13,   3380, 6.3e-5
    - 6 :   2, 10,  657,    4,  9,     6,  2,     3,  7,     2, 17,   3723, 6.2e-5
    - 7 :   2, 10,  667,    5,  8,     6,  2,     3,  7,     2, 17,   4340, 6.3e-5
    - 8 :   2, 10,  662,    5,  8,     6,  2,     4,  6,     2, 17,   5548, 6.3e-5
    - 9 :   2, 10,  670,    8,  5,     6,  2,     3,  8,     3, 13,   6520, 6.0e-5
    - 10:   2, 10,  667,    7,  6,     6,  2,     4,  6,     3, 13,   7635, 5.9e-5
    - 11:   2, 10,  661,    7,  6,    13,  1,     5,  5,     3, 13,   9447, 6.3e-5
    - 12:   2, 10,  661,    7,  6,    13,  1,     7,  4,     3, 13,  12851, 6.3e-5
    - 13:   2, 10,  700,    9,  5,    14,  1,     7,  4,     4, 10,  17047, 6.3e-5
    - 14:   2, 10,  659,   14,  3,    13,  1,     7,  4,     4, 10,  22344, 6.0e-5
    - 15:   2, 10,  664,   14,  3,    13,  1,    10,  3,     4, 10,  31470, 6.1e-5
    - 16:   2, 10,  704,   22,  2,    14,  1,    11,  3,     5,  9,  53707, 6.3e-5
    - 17:   2, 10,  677,   44,  1,    13,  1,    16,  2,     5,  9, 135006, 6.2e-5
    # no solution starting from log norm2 = 18

  - 6: # bits
    -ln2:   k,  N,    n, br_l,br_b, ks_l,ks_b, cb_l,cb_b, pp_l,pp_b,  cost, p_error
    - 0 :   2, 10,  712,    4,  9,     7,  2,     1, 14,     2, 17,   2098, 6.3e-5
    - 1 :   2, 10,  667,    2, 15,     6,  2,     3,  5,     1, 25,   2603, 6.3e-5
    - 2 :   2, 10,  651,    3, 12,     6,  2,     2,  8,     2, 17,   2675, 6.0e-5
    - 3 :   2, 10,  643,    4,  9,     6,  2,     2,  9,     2, 17,   3126, 6.2e-5
    - 4 :   2, 10,  664,    4,  9,     6,  2,     2,  9,     2, 17,   3205, 6.1e-5
    - 5 :   2, 10,  675,    5,  8,     6,  2,     2, 10,     3, 13,   4082, 6.2e-5
    - 6 :   2, 10,  662,    4,  9,     6,  2,     3,  7,     2, 17,   4450, 6.2e-5
    - 7 :   2, 10,  678,    5,  8,     6,  2,     3,  7,     2, 17,   5227, 6.1e-5
    - 8 :   2, 10,  670,    5,  8,     6,  2,     4,  6,     2, 17,   6633, 6.0e-5
    - 9 :   2, 10,  679,    8,  5,     7,  2,     3,  8,     3, 13,   7856, 6.0e-5
    - 10:   2, 10,  674,    7,  6,     7,  2,     4,  6,     3, 13,   9135, 6.3e-5
    - 11:   2, 10,  690,    7,  6,     7,  2,     5,  5,     3, 13,  11356, 6.1e-5
    - 12:   2, 10,  678,    7,  6,    13,  1,     7,  4,     3, 13,  15430, 6.2e-5
    - 13:   2, 10,  650,   11,  4,    12,  1,     7,  4,     3, 13,  20564, 6.0e-5
    - 14:   2, 10,  672,   14,  3,    13,  1,     7,  4,     4, 10,  26727, 6.0e-5
    - 15:   2, 10,  684,   14,  3,    14,  1,    10,  3,     4, 10,  37895, 6.3e-5
    - 16:   2, 10,  659,   22,  2,    13,  1,    15,  2,     4, 10,  77679, 5.9e-5
    - 17:   2, 10,  689,   45,  1,    14,  1,    16,  2,     6,  7, 166744, 6.3e-5
    # no solution starting from log norm2 = 18

  - 7: # bits
    -ln2:   k,  N,    n, br_l,br_b, ks_l,ks_b, cb_l,cb_b, pp_l,pp_b,  cost, p_error
    - 0 :   2, 10,  719,    2, 15,     4,  3,     2,  7,     2, 17,   2670, 6.2e-5
    - 1 :   2, 10,  652,    3, 12,     6,  2,     2,  8,     2, 17,   3124, 5.6e-5
    - 2 :   2, 10,  671,    3, 12,     6,  2,     2,  8,     2, 17,   3192, 6.0e-5
    - 3 :   2, 10,  655,    4,  9,     6,  2,     2,  9,     2, 17,   3699, 5.9e-5
    - 4 :   2, 10,  713,    4,  9,     7,  2,     2,  9,     2, 17,   3992, 6.3e-5
    - 5 :   2, 10,  655,    4,  9,     6,  2,     3,  7,     2, 17,   5123, 5.4e-5
    - 6 :   2, 10,  706,    4,  9,     7,  2,     3,  7,     2, 17,   5464, 6.2e-5
    - 7 :   2, 10,  687,    5,  8,     7,  2,     3,  7,     3, 13,   6743, 6.0e-5
    - 8 :   2, 10,  673,    7,  6,     6,  2,     3,  8,     3, 13,   8209, 6.0e-5
    - 9 :   2, 10,  680,    6,  7,     7,  2,     4,  6,     3, 13,   9603, 6.1e-5
    - 10:   2, 10,  685,    8,  5,     7,  2,     4,  6,     3, 13,  11735, 6.3e-5
    - 11:   2, 10,  698,    8,  5,     7,  2,     5,  5,     3, 13,  14513, 6.2e-5
    - 12:   2, 10,  665,    8,  5,    13,  1,     7,  4,     3, 13,  19179, 6.0e-5
    - 13:   2, 10,  687,   11,  4,    13,  1,     7,  4,     3, 13,  24833, 6.2e-5
    - 14:   2, 10,  671,   11,  4,    13,  1,    10,  3,     4, 10,  35820, 6.1e-5
    - 15:   2, 10,  680,   21,  2,    14,  1,    10,  3,     4, 10,  59937, 6.2e-5
    - 16:   2, 10,  673,   22,  2,    13,  1,    16,  2,     4, 10,  96581, 6.0e-5
    - 17:   2, 10,  708,   45,  1,    14,  1,    33,  1,     6,  7, 396581, 6.3e-5
    # no solution starting from log norm2 = 18

  - 8: # bits
    -ln2:   k,  N,    n, br_l,br_b, ks_l,ks_b, cb_l,cb_b, pp_l,pp_b,  cost, p_error
    - 0 :   2, 10,  697,    2, 15,     7,  2,     2,  7,     2, 17,   3122, 6.2e-5
    - 1 :   2, 10,  653,    3, 12,     6,  2,     2,  8,     2, 17,   3588, 5.1e-5
    - 2 :   2, 10,  676,    3, 12,     6,  2,     2,  8,     2, 17,   3681, 6.1e-5
    - 3 :   2, 10,  656,    4,  9,     6,  2,     2,  9,     2, 17,   4246, 6.0e-5
    - 4 :   2, 10,  674,    5,  8,     6,  2,     2,  9,     2, 17,   5000, 5.8e-5
    - 5 :   2, 10,  656,    4,  9,     6,  2,     3,  7,     2, 17,   5859, 5.5e-5
    - 6 :   2, 10,  659,    5,  8,     6,  2,     3,  7,     2, 17,   6771, 5.7e-5
    - 7 :   2, 10,  701,    5,  8,     7,  2,     3,  7,     3, 13,   7804, 6.2e-5
    - 8 :   2, 10,  679,    7,  6,     6,  2,     3,  8,     3, 13,   9421, 6.2e-5
    - 9 :   2, 10,  689,    6,  7,     7,  2,     4,  6,     3, 13,  11034, 6.3e-5
    - 10:   2, 10,  698,    8,  5,     7,  2,     4,  6,     3, 13,  13548, 6.3e-5
    - 11:   2, 10,  724,    8,  5,    14,  1,     5,  5,     3, 13,  17268, 6.3e-5
    - 12:   2, 10,  673,    8,  5,    13,  1,     7,  4,     3, 13,  21955, 6.0e-5
    - 13:   2, 10,  664,   11,  4,    13,  1,     7,  4,     4, 10,  28875, 6.2e-5
    - 14:   2, 10,  683,   11,  4,    14,  1,    10,  3,     4, 10,  41137, 6.2e-5
    - 15:   2, 10,  659,   22,  2,    13,  1,    10,  3,     4, 10,  68508, 5.9e-5
    - 16:   2, 10,  686,   22,  2,    14,  1,    16,  2,     4, 10, 110930, 6.1e-5
    # no solution starting from log norm2 = 17

  - 9: # bits
    -ln2:   k,  N,    n, br_l,br_b, ks_l,ks_b, cb_l,cb_b, pp_l,pp_b,  cost, p_error
    - 0 :   2, 10,  702,    5,  8,     7,  2,     1, 14,     2, 17,   3949, 6.3e-5
    - 1 :   2, 10,  654,    3, 12,     6,  2,     2,  8,     2, 17,   4397, 5.4e-5
    - 2 :   2, 10,  691,    3, 12,     6,  2,     2,  8,     2, 17,   4579, 6.2e-5
    - 3 :   2, 10,  658,    4,  9,     6,  2,     2,  9,     2, 17,   5199, 6.3e-5
    - 4 :   2, 10,  686,    5,  8,     6,  2,     2,  9,     2, 17,   6186, 6.1e-5
    - 5 :   2, 10,  658,    4,  9,     6,  2,     3,  7,     2, 17,   7191, 5.7e-5
    - 6 :   2, 10,  662,    5,  8,     6,  2,     3,  7,     2, 17,   8310, 6.0e-5
    - 7 :   2, 10,  677,    6,  7,     6,  2,     3,  8,     3, 13,  10362, 6.3e-5
    - 8 :   2, 10,  690,    7,  6,     7,  2,     3,  8,     3, 13,  11693, 6.2e-5
    - 9 :   2, 10,  662,    7,  6,     6,  2,     4,  6,     3, 13,  14436, 5.7e-5
    - 10:   2, 10,  665,    7,  6,     6,  2,     5,  5,     3, 13,  17658, 6.0e-5
    - 11:   2, 10,  673,    8,  5,    13,  1,     6,  5,     3, 13,  23366, 6.1e-5
    - 12:   2, 10,  708,    8,  5,    14,  1,     7,  4,     3, 13,  28011, 6.3e-5
    - 13:   2, 10,  679,   11,  4,    13,  1,     7,  4,     4, 10,  35924, 6.3e-5
    - 14:   2, 10,  653,   14,  3,    13,  1,    10,  3,     4, 10,  57961, 5.7e-5
    - 15:   2, 10,  668,   22,  2,    13,  1,    10,  3,     4, 10,  84684, 6.3e-5
    - 16:   2, 10,  717,   22,  2,    14,  1,    16,  2,     6,  7, 149416, 6.3e-5
    # no solution starting from log norm2 = 17

  - 10: # bits
    -ln2:   k,  N,    n, br_l,br_b, ks_l,ks_b, cb_l,cb_b, pp_l,pp_b,  cost, p_error
    - 0 :   2, 10,  710,    3, 12,     7,  2,     2,  8,     2, 17,   4852, 6.0e-5
    - 1 :   2, 10,  691,    4,  9,     7,  2,     2,  9,     2, 17,   5604, 5.7e-5
    - 2 :   2, 10,  707,    5,  8,     7,  2,     2,  9,     2, 17,   6577, 6.1e-5
    - 3 :   2, 10,  690,    4,  9,     7,  2,     3,  7,     2, 17,   7659, 6.3e-5
    - 4 :   2, 10,  693,    5,  8,     7,  2,     3,  7,     2, 17,   8850, 6.2e-5
    - 5 :   2, 10,  762,    5,  8,     8,  2,     3,  7,     3, 13,  10406, 6.3e-5
    - 6 :   2, 10,  715,    7,  6,     7,  2,     3,  8,     3, 13,  12273, 6.0e-5
    - 7 :   2, 10,  739,    6,  7,     7,  2,     4,  6,     3, 13,  14455, 6.2e-5
    - 8 :   2, 10,  751,    8,  5,     8,  2,     4,  6,     3, 13,  17894, 6.3e-5
    - 9 :   2, 10,  736,    9,  5,     7,  2,     5,  5,     3, 13,  23204, 6.2e-5
    - 10:   2, 10,  715,    8,  5,    14,  1,     7,  4,     3, 13,  28526, 6.3e-5
    - 11:   2, 10,  703,   11,  4,    14,  1,     7,  4,     4, 10,  37348, 6.1e-5
    - 12:   2, 10,  741,   11,  4,    15,  1,    10,  3,     4, 10,  54124, 6.3e-5
    - 13:   2, 10,  696,   22,  2,    14,  1,    10,  3,     4, 10,  88509, 6.1e-5
    - 14:   2, 10,  720,   22,  2,    14,  1,    16,  2,     5,  9, 146417, 6.3e-5
    # no solution starting from log norm2 = 15

  - 11: # bits
    -ln2:   k,  N,    n, br_l,br_b, ks_l,ks_b, cb_l,cb_b, pp_l,pp_b,  cost, p_error
    - 0 :   2, 10,  666,    3, 12,     6,  2,     2,  8,     2, 17,   5332, 6.1e-5
    - 1 :   2, 10,  660,    4,  9,     6,  2,     2,  9,     2, 17,   6244, 5.4e-5
    - 2 :   2, 10,  676,    4,  9,     6,  2,     2,  9,     2, 17,   6362, 6.3e-5
    - 3 :   2, 10,  684,    5,  8,     6,  2,     2, 10,     3, 13,   8027, 6.2e-5
    - 4 :   2, 10,  675,    4,  9,     6,  2,     3,  7,     2, 17,   8745, 6.1e-5
    - 5 :   2, 10,  681,    5,  8,     7,  2,     3,  7,     2, 17,  10204, 5.9e-5
    - 6 :   2, 10,  680,    5,  8,     6,  2,     4,  6,     2, 17,  12899, 6.3e-5
    - 7 :   2, 10,  683,    8,  5,     7,  2,     3,  8,     3, 13,  15199, 6.0e-5
    - 8 :   2, 10,  680,    7,  6,     7,  2,     4,  6,     3, 13,  17609, 6.3e-5
    - 9 :   2, 10,  688,    7,  6,     7,  2,     5,  5,     3, 13,  21606, 6.1e-5
    - 10:   2, 10,  676,    7,  6,    13,  1,     7,  4,     3, 13,  29237, 6.3e-5
    - 11:   2, 10,  707,    9,  5,    14,  1,     7,  4,     4, 10,  38308, 6.3e-5
    - 12:   2, 10,  674,   14,  3,    13,  1,     7,  4,     4, 10,  50708, 5.9e-5
    - 13:   2, 10,  679,   14,  3,    13,  1,    10,  3,     4, 10,  70953, 6.1e-5
    - 14:   2, 10,  709,   22,  2,    14,  1,    11,  3,     5,  9, 119255, 6.3e-5
    - 15:   2, 10,  689,   44,  1,    14,  1,    16,  2,     5,  9, 301179, 6.3e-5
    # no solution starting from log norm2 = 16

  - 12: # bits
    -ln2:   k,  N,    n, br_l,br_b, ks_l,ks_b, cb_l,cb_b, pp_l,pp_b,  cost, p_error
    - 0 :   2, 10,  698,    3, 12,     6,  2,     2,  8,     2, 17,   5978, 6.1e-5
    - 1 :   2, 10,  680,    4,  9,     6,  2,     2,  9,     2, 17,   6921, 5.7e-5
    - 2 :   2, 10,  725,    4,  9,     7,  2,     2,  9,     2, 17,   7350, 6.2e-5
    - 3 :   2, 10,  679,    4,  9,     6,  2,     3,  7,     2, 17,   9495, 6.2e-5
    - 4 :   2, 10,  720,    4,  9,     7,  2,     3,  7,     2, 17,  10004, 6.3e-5
    - 5 :   2, 10,  704,    5,  8,     7,  2,     3,  7,     3, 13,  12341, 6.3e-5
    - 6 :   2, 10,  691,    7,  6,     7,  2,     3,  8,     3, 13,  15120, 5.9e-5
    - 7 :   2, 10,  699,    6,  7,     7,  2,     4,  6,     3, 13,  17543, 6.1e-5
    - 8 :   2, 10,  703,    8,  5,     7,  2,     4,  6,     3, 13,  21425, 6.2e-5
    - 9 :   2, 10,  714,    8,  5,     7,  2,     5,  5,     3, 13,  26349, 6.1e-5
    - 10:   2, 10,  686,    8,  5,    13,  1,     7,  4,     3, 13,  34937, 5.9e-5
    - 11:   2, 10,  702,   11,  4,    14,  1,     7,  4,     3, 13,  44974, 6.1e-5
    - 12:   2, 10,  690,   11,  4,    14,  1,    10,  3,     4, 10,  64861, 6.2e-5
    - 13:   2, 10,  698,   21,  2,    14,  1,    10,  3,     4, 10, 108395, 6.1e-5
    - 14:   2, 10,  691,   22,  2,    14,  1,    16,  2,     4, 10, 174278, 6.3e-5
    - 15:   2, 10,  718,   45,  1,    14,  1,    33,  1,     6,  7, 705424, 6.3e-5
    # no solution starting from log norm2 = 16

  - 13: # bits
    -ln2:   k,  N,    n, br_l,br_b, ks_l,ks_b, cb_l,cb_b, pp_l,pp_b,  cost, p_error
    - 0 :   2, 10,  691,    3, 12,     7,  2,     2,  8,     2, 17,   6329, 6.0e-5
    - 1 :   2, 10,  680,    4,  9,     6,  2,     2,  9,     2, 17,   7302, 6.2e-5
    - 2 :   2, 10,  760,    4,  9,     7,  2,     2,  9,     2, 17,   8051, 6.3e-5
    - 3 :   2, 10,  680,    4,  9,     6,  2,     3,  7,     2, 17,  10069, 5.9e-5
    - 4 :   2, 10,  744,    4,  9,     7,  2,     3,  7,     2, 17,  10871, 6.3e-5
    - 5 :   2, 10,  710,    5,  8,     7,  2,     3,  7,     3, 13,  13163, 6.3e-5
    - 6 :   2, 10,  693,    7,  6,     7,  2,     3,  8,     3, 13,  16056, 6.2e-5
    - 7 :   2, 10,  703,    6,  7,     7,  2,     4,  6,     3, 13,  18713, 6.3e-5
    - 8 :   2, 10,  709,    8,  5,     7,  2,     4,  6,     3, 13,  22905, 6.0e-5
    - 9 :   2, 10,  725,    8,  5,     7,  2,     5,  5,     3, 13,  28364, 6.2e-5
    - 10:   2, 10,  688,    8,  5,    14,  1,     7,  4,     3, 13,  37365, 6.2e-5
    - 11:   2, 10,  712,   11,  4,    14,  1,     7,  4,     3, 13,  48467, 6.2e-5
    - 12:   2, 10,  695,   11,  4,    14,  1,    10,  3,     4, 10,  69596, 6.3e-5
    - 13:   2, 10,  706,   21,  2,    14,  1,    10,  3,     4, 10, 116793, 6.2e-5
    - 14:   2, 10,  697,   22,  2,    14,  1,    16,  2,     4, 10, 187608, 6.1e-5
    # no solution starting from log norm2 = 15

  - 14: # bits
    -ln2:   k,  N,    n, br_l,br_b, ks_l,ks_b, cb_l,cb_b, pp_l,pp_b,  cost, p_error
    - 0 :   2, 10,  696,    3, 12,     7,  2,     2,  8,     2, 17,   7291, 5.8e-5
    - 1 :   2, 10,  682,    4,  9,     6,  2,     2,  9,     2, 17,   8390, 5.8e-5
    - 2 :   2, 10,  693,    5,  8,     7,  2,     2,  9,     2, 17,   9883, 6.2e-5
    - 3 :   2, 10,  681,    4,  9,     6,  2,     3,  7,     2, 17,  11518, 6.2e-5
    - 4 :   2, 10,  680,    5,  8,     7,  2,     3,  7,     2, 17,  13339, 6.2e-5
    - 5 :   2, 10,  731,    5,  8,     7,  2,     3,  7,     3, 13,  15367, 6.3e-5
    - 6 :   2, 10,  699,    7,  6,     7,  2,     3,  8,     3, 13,  18475, 6.1e-5
    - 7 :   2, 10,  716,    6,  7,     7,  2,     4,  6,     3, 13,  21642, 6.3e-5
    - 8 :   2, 10,  726,    8,  5,     7,  2,     4,  6,     3, 13,  26637, 6.3e-5
    - 9 :   2, 10,  716,    9,  5,     7,  2,     5,  5,     3, 13,  34849, 6.3e-5
    - 10:   2, 10,  698,    8,  5,    14,  1,     7,  4,     3, 13,  43011, 6.0e-5
    - 11:   2, 10,  689,   11,  4,    13,  1,     7,  4,     4, 10,  56458, 6.2e-5
    - 12:   2, 10,  712,   11,  4,    14,  1,    10,  3,     4, 10,  80628, 6.3e-5
    - 13:   2, 10,  682,   22,  2,    13,  1,    10,  3,     4, 10, 133865, 6.3e-5
    - 14:   2, 10,  716,   22,  2,    14,  1,    16,  2,     4, 10, 218124, 6.3e-5
    # no solution starting from log norm2 = 15

  - 15: # bits
    -ln2:   k,  N,    n, br_l,br_b, ks_l,ks_b, cb_l,cb_b, pp_l,pp_b,  cost, p_error
    - 0 :   2, 10,  707,    4,  9,     7,  2,     2,  9,     2, 17,   8312, 6.3e-5
    - 1 :   2, 10,  752,    4,  9,     7,  2,     2,  9,     2, 17,   8735, 6.3e-5
    - 2 :   2, 10,  707,    4,  9,     7,  2,     3,  7,     2, 17,  11347, 6.2e-5
    - 3 :   2, 10,  750,    4,  9,     7,  2,     3,  7,     2, 17,  11887, 6.3e-5
    - 4 :   2, 10,  733,    5,  8,     7,  2,     3,  7,     3, 13,  14630, 6.3e-5
    - 5 :   2, 10,  722,    7,  6,     7,  2,     3,  8,     3, 13,  18019, 5.9e-5
    - 6 :   2, 10,  729,    6,  7,     7,  2,     4,  6,     3, 13,  20809, 6.3e-5
    - 7 :   2, 10,  732,    8,  5,     7,  2,     4,  6,     3, 13,  25439, 6.2e-5
    - 8 :   2, 10,  742,    8,  5,     7,  2,     5,  5,     3, 13,  31197, 6.2e-5
    - 9 :   2, 10,  714,    8,  5,    14,  1,     7,  4,     3, 13,  41426, 6.3e-5
    - 10:   2, 10,  727,   11,  4,    15,  1,     7,  4,     3, 13,  53199, 6.3e-5
    - 11:   2, 10,  719,   11,  4,    15,  1,    10,  3,     4, 10,  76829, 6.3e-5
    - 12:   2, 10,  725,   21,  2,    15,  1,    10,  3,     4, 10, 128484, 6.2e-5
    - 13:   2, 10,  720,   22,  2,    15,  1,    16,  2,     4, 10, 206883, 6.2e-5
    - 14:   2, 10,  754,   45,  1,    15,  1,    32,  1,     6,  7, 818490, 6.3e-5
    # no solution starting from log norm2 = 15

  - 16: # bits
    -ln2:   k,  N,    n, br_l,br_b, ks_l,ks_b, cb_l,cb_b, pp_l,pp_b,  cost, p_error
    - 0 :   2, 10,  693,    4,  9,     6,  2,     2,  9,     2, 17,   9048, 5.7e-5
    - 1 :   2, 10,  698,    4,  9,     7,  2,     2,  9,     2, 17,   9184, 5.9e-5
    - 2 :   2, 10,  703,    5,  8,     7,  2,     2, 10,     3, 13,  11514, 6.1e-5
    - 3 :   2, 10,  697,    4,  9,     7,  2,     3,  7,     2, 17,  12555, 6.1e-5
    - 4 :   2, 10,  704,    5,  8,     7,  2,     3,  7,     2, 17,  14588, 5.8e-5
    - 5 :   2, 10,  700,    5,  8,     7,  2,     4,  6,     2, 17,  18430, 6.3e-5
    - 6 :   2, 10,  706,    8,  5,     7,  2,     3,  8,     3, 13,  21739, 6.0e-5
    - 7 :   2, 10,  704,    7,  6,     7,  2,     4,  6,     3, 13,  25152, 5.8e-5
    - 8 :   2, 10,  710,    7,  6,     7,  2,     5,  5,     3, 13,  30752, 6.0e-5
    - 9 :   2, 10,  711,    7,  6,     7,  2,     7,  4,     3, 13,  41661, 6.0e-5
    - 10:   2, 10,  719,    9,  5,    14,  1,     7,  4,     4, 10,  53858, 6.2e-5
    - 11:   2, 10,  696,   14,  3,    14,  1,     7,  4,     4, 10,  72376, 6.1e-5
    - 12:   2, 10,  700,   14,  3,    14,  1,    10,  3,     4, 10, 100994, 6.2e-5
    - 13:   2, 10,  720,   22,  2,    14,  1,    11,  3,     5,  9, 167616, 6.3e-5
    - 14:   2, 10,  708,   44,  1,    14,  1,    16,  2,     5,  9, 428155, 6.3e-5
    # no solution starting from log norm2 = 15
