security level: 128
target p_error: 6.3e-5
per precision and log norm2:

  - 1: # bits
    -ln2:   k,  N,    n, br_l,br_b, ks_l,ks_b, cb_l,cb_b, pp_l,pp_b,  cost, p_error
    - 0 :   2, 10,  597,    2, 15,     3,  3,     1, 10,     1, 25,     99, 6.1e-5
    - 1 :   2, 10,  607,    2, 15,     3,  3,     1, 10,     1, 25,    100, 6.2e-5
    - 2 :   2, 10,  582,    2, 15,     5,  2,     1, 11,     2, 17,    126, 5.6e-5
    - 3 :   2, 10,  569,    3, 12,     5,  2,     1, 13,     2, 17,    147, 6.2e-5
    - 4 :   2, 10,  596,    3, 12,     5,  2,     1, 13,     2, 17,    152, 5.9e-5
    - 5 :   2, 10,  590,    4,  9,     5,  2,     1, 14,     2, 17,    175, 6.1e-5
    - 6 :   2, 10,  623,    5,  8,     6,  2,     1, 14,     3, 13,    234, 6.3e-5
    - 7 :   2, 10,  572,    3, 12,     5,  2,     2,  8,     2, 17,    285, 5.8e-5
    - 8 :   2, 10,  636,    3, 12,     6,  2,     2,  8,     2, 17,    308, 6.3e-5
    - 9 :   2, 10,  578,    4,  9,     5,  2,     2,  9,     2, 17,    334, 5.9e-5
    - 10:   2, 10,  620,    5,  8,     6,  2,     2, 10,     2, 17,    405, 6.3e-5
    - 11:   2, 10,  595,    6,  7,     5,  2,     2, 10,     3, 13,    487, 6.1e-5
    - 12:   2, 10,  584,    5,  8,     5,  2,     3,  7,     2, 17,    571, 5.6e-5
    - 13:   2, 10,  586,    6,  7,    11,  1,     3,  8,     3, 13,    731, 6.3e-5
    - 14:   2, 10,  624,    7,  6,    12,  1,     3,  8,     3, 13,    843, 6.3e-5
    - 15:   2, 10,  571,    7,  6,    10,  1,     4,  6,     3, 13,   1040, 5.9e-5
    - 16:   2, 10,  575,    7,  6,    10,  1,     5,  5,     3, 13,   1301, 6.1e-5
    - 17:   2, 10,  610,    8,  5,    11,  1,     6,  5,     3, 13,   1778, 6.3e-5
    - 18:   2, 10,  593,    9,  5,    11,  1,     7,  4,     3, 13,   2196, 6.0e-5
    - 19:   2, 10,  635,   11,  4,    12,  1,     7,  4,     5,  9,   3020, 6.3e-5
    - 20:   2, 10,  574,   14,  3,    11,  1,    10,  3,     4, 10,   4467, 5.8e-5
    - 21:   2, 10,  602,   22,  2,    11,  1,    10,  3,     4, 10,   6614, 6.2e-5
    - 22:   2, 10,  587,   44,  1,    11,  1,    16,  2,     4, 10,  18816, 6.2e-5
    # no solution starting from log norm2 = 23

  - 2: # bits
    -ln2:   k,  N,    n, br_l,br_b, ks_l,ks_b, cb_l,cb_b, pp_l,pp_b,  cost, p_error
    - 0 :   2, 10,  615,    3, 12,     5,  2,     1, 13,     2, 17,    418, 6.0e-5
    - 1 :   2, 10,  642,    3, 12,     4,  3,     1, 13,     2, 17,    425, 5.3e-5
    - 2 :   2, 10,  621,    2, 15,     6,  2,     2,  7,     1, 25,    495, 5.6e-5
    - 3 :   2, 10,  628,    5,  8,     6,  2,     1, 14,     2, 17,    587, 6.1e-5
    - 4 :   2, 10,  617,    3, 12,     5,  2,     2,  8,     2, 17,    707, 5.7e-5
    - 5 :   2, 10,  623,    3, 12,     6,  2,     2,  8,     2, 17,    720, 6.1e-5
    - 6 :   2, 10,  612,    4,  9,     6,  2,     2,  9,     2, 17,    836, 5.1e-5
    - 7 :   2, 10,  649,    4,  9,     6,  2,     2,  9,     2, 17,    875, 6.1e-5
    - 8 :   2, 10,  611,    4,  9,     6,  2,     3,  7,     2, 17,   1171, 5.8e-5
    - 9 :   2, 10,  643,    4,  9,     6,  2,     3,  7,     2, 17,   1217, 6.3e-5
    - 10:   2, 10,  635,    5,  8,     6,  2,     3,  7,     3, 13,   1532, 6.3e-5
    - 11:   2, 10,  669,    5,  8,     6,  2,     4,  6,     2, 17,   1861, 6.3e-5
    - 12:   2, 10,  630,    6,  7,     6,  2,     4,  6,     3, 13,   2200, 5.8e-5
    - 13:   2, 10,  635,    8,  5,     6,  2,     4,  6,     3, 13,   2681, 5.9e-5
    - 14:   2, 10,  642,    8,  5,     6,  2,     5,  5,     3, 13,   3311, 6.2e-5
    - 15:   2, 10,  616,    8,  5,    12,  1,     7,  4,     3, 13,   4427, 6.2e-5
    - 16:   2, 10,  630,   11,  4,    12,  1,     7,  4,     3, 13,   5667, 6.2e-5
    - 17:   2, 10,  675,   15,  3,    13,  1,     7,  4,     4, 10,   8005, 6.3e-5
    - 18:   2, 10,  664,   15,  3,    13,  1,    10,  3,     5,  9,  11534, 6.3e-5
    - 19:   2, 10,  621,   22,  2,    12,  1,    16,  2,     4, 10,  22318, 6.1e-5
    - 20:   2, 10,  660,   44,  1,    13,  1,    32,  1,     5,  9,  86598, 6.3e-5
    # no solution starting from log norm2 = 21

  - 3: # bits
    -ln2:   k,  N,    n, br_l,br_b, ks_l,ks_b, cb_l,cb_b, pp_l,pp_b,  cost, p_error
    - 0 :   2, 10,  713,    2, 15,     4,  3,     2,  7,     1, 25,    852, 6.2e-5
    - 1 :   2, 10,  729,    5,  8,     7,  2,     1, 14,     2, 17,   1109, 6.3e-5
    - 2 :   2, 10,  654,    3, 12,     6,  2,     2,  8,     2, 17,   1178, 6.1e-5
    - 3 :   2, 10,  692,    3, 12,     7,  2,     2,  8,     2, 17,   1243, 6.3e-5
    - 4 :   2, 10,  660,    4,  9,     6,  2,     2,  9,     2, 17,   1403, 5.6e-5
    - 5 :   2, 10,  687,    5,  8,     7,  2,     2,  9,     2, 17,   1687, 6.1e-5
    - 6 :   2, 10,  659,    4,  9,     6,  2,     3,  7,     2, 17,   1933, 5.8e-5
    - 7 :   2, 10,  664,    5,  8,     6,  2,     3,  7,     2, 17,   2244, 5.8e-5
    - 8 :   2, 10,  683,    6,  7,     6,  2,     3,  8,     3, 13,   2820, 6.3e-5
    - 9 :   2, 10,  703,    7,  6,     7,  2,     3,  8,     3, 13,   3215, 6.3e-5
    - 10:   2, 10,  664,    7,  6,     6,  2,     4,  6,     3, 13,   3912, 5.5e-5
    - 11:   2, 10,  667,    7,  6,     6,  2,     5,  5,     3, 13,   4782, 6.2e-5
    - 12:   2, 10,  682,    8,  5,    13,  1,     6,  5,     3, 13,   6388, 6.3e-5
    - 13:   2, 10,  670,    9,  5,    13,  1,     7,  4,     3, 13,   7871, 6.0e-5
    - 14:   2, 10,  692,   11,  4,    14,  1,     7,  4,     4, 10,   9903, 6.3e-5
    - 15:   2, 10,  655,   14,  3,    13,  1,    10,  3,     4, 10,  15763, 5.9e-5
    - 16:   2, 10,  675,   22,  2,    13,  1,    10,  3,     4, 10,  23244, 6.2e-5
    - 17:   2, 10,  665,   44,  1,    13,  1,    16,  2,     4, 10,  65864, 6.2e-5
    # no solution starting from log norm2 = 18

  - 4: # bits
    -ln2:   k,  N,    n, br_l,br_b, ks_l,ks_b, cb_l,cb_b, pp_l,pp_b,  cost, p_error
    - 0 :   2, 10,  687,    4,  9,     6,  2,     1, 14,     2, 17,   1648, 6.2e-5
    - 1 :   2, 10,  661,    2, 15,     6,  2,     3,  5,     1, 25,   2160, 6.0e-5
    - 2 :   2, 10,  649,    3, 12,     6,  2,     2,  8,     2, 17,   2226, 5.9e-5
    - 3 :   2, 10,  643,    4,  9,     6,  2,     2,  9,     2, 17,   2607, 5.3e-5
    - 4 :   2, 10,  659,    4,  9,     6,  2,     2,  9,     2, 17,   2657, 5.7e-5
    - 5 :   2, 10,  665,    5,  8,     6,  2,     2, 10,     3, 13,   3374, 6.3e-5
    - 6 :   2, 10,  657,    4,  9,     6,  2,     3,  7,     2, 17,   3714, 6.2e-5
    - 7 :   2, 10,  667,    5,  8,     6,  2,     3,  7,     2, 17,   4332, 6.3e-5
    - 8 :   2, 10,  662,    5,  8,     6,  2,     4,  6,     2, 17,   5537, 6.3e-5
    - 9 :   2, 10,  670,    8,  5,     6,  2,     3,  8,     3, 13,   6511, 6.0e-5
    - 10:   2, 10,  667,    7,  6,     6,  2,     4,  6,     3, 13,   7624, 5.9e-5
    - 11:   2, 10,  661,    7,  6,    13,  1,     5,  5,     3, 13,   9434, 6.3e-5
    - 12:   2, 10,  661,    7,  6,    13,  1,     7,  4,     3, 13,  12833, 6.3e-5
    - 13:   2, 10,  700,    9,  5,    14,  1,     7,  4,     4, 10,  17029, 6.3e-5
    - 14:   2, 10,  659,   14,  3,    13,  1,     7,  4,     4, 10,  22326, 6.0e-5
    - 15:   2, 10,  664,   14,  3,    13,  1,    10,  3,     4, 10,  31445, 6.1e-5
    - 16:   2, 10,  704,   22,  2,    14,  1,    11,  3,     5,  9,  53679, 6.3e-5
    - 17:   2, 10,  677,   44,  1,    13,  1,    16,  2,     5,  9, 134966, 6.2e-5
    # no solution starting from log norm2 = 18

  - 5: # bits
    -ln2:   k,  N,    n, br_l,br_b, ks_l,ks_b, cb_l,cb_b, pp_l,pp_b,  cost, p_error
    - 0 :   2, 10,  687,    4,  9,     6,  2,     1, 14,     2, 17,   1648, 6.2e-5
    - 1 :   2, 10,  661,    2, 15,     6,  2,     3,  5,     1, 25,   2160, 6.0e-5
    - 2 :   2, 10,  649,    3, 12,     6,  2,     2,  8,     2, 17,   2226, 5.9e-5
    - 3 :   2, 10,  643,    4,  9,     6,  2,     2,  9,     2, 17,   2607, 5.3e-5
    - 4 :   2, 10,  659,    4,  9,     6,  2,     2,  9,     2, 17,   2657, 5.7e-5
    - 5 :   2, 10,  665,    5,  8,     6,  2,     2, 10,     3, 13,   3374, 6.3e-5
    - 6 :   2, 10,  657,    4,  9,     6,  2,     3,  7,     2, 17,   3714, 6.2e-5
    - 7 :   2, 10,  667,    5,  8,     6,  2,     3,  7,     2, 17,   4332, 6.3e-5
    - 8 :   2, 10,  662,    5,  8,     6,  2,     4,  6,     2, 17,   5537, 6.3e-5
    - 9 :   2, 10,  670,    8,  5,     6,  2,     3,  8,     3, 13,   6511, 6.0e-5
    - 10:   2, 10,  667,    7,  6,     6,  2,     4,  6,     3, 13,   7624, 5.9e-5
    - 11:   2, 10,  661,    7,  6,    13,  1,     5,  5,     3, 13,   9434, 6.3e-5
    - 12:   2, 10,  661,    7,  6,    13,  1,     7,  4,     3, 13,  12833, 6.3e-5
    - 13:   2, 10,  700,    9,  5,    14,  1,     7,  4,     4, 10,  17029, 6.3e-5
    - 14:   2, 10,  659,   14,  3,    13,  1,     7,  4,     4, 10,  22326, 6.0e-5
    - 15:   2, 10,  664,   14,  3,    13,  1,    10,  3,     4, 10,  31445, 6.1e-5
    - 16:   2, 10,  704,   22,  2,    14,  1,    11,  3,     5,  9,  53679, 6.3e-5
    - 17:   2, 10,  677,   44,  1,    13,  1,    16,  2,     5,  9, 134966, 6.2e-5
    # no solution starting from log norm2 = 18

  - 6: # bits
    -ln2:   k,  N,    n, br_l,br_b, ks_l,ks_b, cb_l,cb_b, pp_l,pp_b,  cost, p_error
    - 0 :   2, 10,  712,    4,  9,     7,  2,     1, 14,     2, 17,   2089, 6.3e-5
    - 1 :   2, 10,  667,    2, 15,     6,  2,     3,  5,     1, 25,   2584, 6.3e-5
    - 2 :   2, 10,  651,    3, 12,     6,  2,     2,  8,     2, 17,   2662, 6.0e-5
    - 3 :   2, 10,  643,    4,  9,     6,  2,     2,  9,     2, 17,   3112, 6.2e-5
    - 4 :   2, 10,  664,    4,  9,     6,  2,     2,  9,     2, 17,   3192, 6.1e-5
    - 5 :   2, 10,  675,    5,  8,     6,  2,     2, 10,     3, 13,   4068, 6.2e-5
    - 6 :   2, 10,  662,    4,  9,     6,  2,     3,  7,     2, 17,   4431, 6.2e-5
    - 7 :   2, 10,  678,    5,  8,     6,  2,     3,  7,     2, 17,   5209, 6.1e-5
    - 8 :   2, 10,  670,    5,  8,     6,  2,     4,  6,     2, 17,   6609, 6.0e-5
    - 9 :   2, 10,  679,    8,  5,     7,  2,     3,  8,     3, 13,   7837, 6.0e-5
    - 10:   2, 10,  674,    7,  6,     7,  2,     4,  6,     3, 13,   9112, 6.3e-5
    - 11:   2, 10,  690,    7,  6,     7,  2,     5,  5,     3, 13,  11327, 6.1e-5
    - 12:   2, 10,  678,    7,  6,    13,  1,     7,  4,     3, 13,  15391, 6.2e-5
    - 13:   2, 10,  650,   11,  4,    12,  1,     7,  4,     3, 13,  20526, 6.0e-5
    - 14:   2, 10,  672,   14,  3,    13,  1,     7,  4,     4, 10,  26689, 6.0e-5
    - 15:   2, 10,  684,   14,  3,    14,  1,    10,  3,     4, 10,  37842, 6.3e-5
    - 16:   2, 10,  659,   22,  2,    13,  1,    15,  2,     4, 10,  77601, 5.9e-5
    - 17:   2, 10,  689,   45,  1,    14,  1,    16,  2,     6,  7, 166661, 6.3e-5
    # no solution starting from log norm2 = 18

  - 7: # bits
    -ln2:   k,  N,    n, br_l,br_b, ks_l,ks_b, cb_l,cb_b, pp_l,pp_b,  cost, p_error
    - 0 :   2, 10,  719,    2, 15,     4,  3,     2,  7,     2, 17,   2642, 6.2e-5
    - 1 :   2, 10,  652,    3, 12,     6,  2,     2,  8,     2, 17,   3096, 5.6e-5
    - 2 :   2, 10,  671,    3, 12,     6,  2,     2,  8,     2, 17,   3163, 6.0e-5
    - 3 :   2, 10,  655,    4,  9,     6,  2,     2,  9,     2, 17,   3670, 5.9e-5
    - 4 :   2, 10,  713,    4,  9,     7,  2,     2,  9,     2, 17,   3963, 6.3e-5
    - 5 :   2, 10,  655,    4,  9,     6,  2,     3,  7,     2, 17,   5084, 5.4e-5
    - 6 :   2, 10,  706,    4,  9,     7,  2,     3,  7,     2, 17,   5426, 6.2e-5
    - 7 :   2, 10,  687,    5,  8,     7,  2,     3,  7,     3, 13,   6705, 6.0e-5
    - 8 :   2, 10,  673,    7,  6,     6,  2,     3,  8,     3, 13,   8170, 6.0e-5
    - 9 :   2, 10,  680,    6,  7,     7,  2,     4,  6,     3, 13,   9554, 6.1e-5
    - 10:   2, 10,  685,    8,  5,     7,  2,     4,  6,     3, 13,  11687, 6.3e-5
    - 11:   2, 10,  698,    8,  5,     7,  2,     5,  5,     3, 13,  14454, 6.2e-5
    - 12:   2, 10,  665,    8,  5,    13,  1,     7,  4,     3, 13,  19100, 6.0e-5
    - 13:   2, 10,  687,   11,  4,    13,  1,     7,  4,     3, 13,  24754, 6.2e-5
    - 14:   2, 10,  671,   11,  4,    13,  1,    10,  3,     4, 10,  35711, 6.1e-5
    - 15:   2, 10,  680,   21,  2,    14,  1,    10,  3,     4, 10,  59828, 6.2e-5
    - 16:   2, 10,  673,   22,  2,    13,  1,    16,  2,     4, 10,  96411, 6.0e-5
    - 17:   2, 10,  708,   45,  1,    14,  1,    33,  1,     6,  7, 396238, 6.3e-5
    # no solution starting from log norm2 = 18

  - 8: # bits
    -ln2:   k,  N,    n, br_l,br_b, ks_l,ks_b, cb_l,cb_b, pp_l,pp_b,  cost, p_error
    - 0 :   2, 10,  697,    2, 15,     7,  2,     2,  7,     2, 17,   3065, 6.2e-5
    - 1 :   2, 10,  653,    3, 12,     6,  2,     2,  8,     2, 17,   3530, 5.1e-5
    - 2 :   2, 10,  676,    3, 12,     6,  2,     2,  8,     2, 17,   3624, 6.1e-5
    - 3 :   2, 10,  656,    4,  9,     6,  2,     2,  9,     2, 17,   4188, 6.0e-5
    - 4 :   2, 10,  674,    5,  8,     6,  2,     2,  9,     2, 17,   4943, 5.8e-5
    - 5 :   2, 10,  656,    4,  9,     6,  2,     3,  7,     2, 17,   5781, 5.5e-5
    - 6 :   2, 10,  659,    5,  8,     6,  2,     3,  7,     2, 17,   6693, 5.7e-5
    - 7 :   2, 10,  701,    5,  8,     7,  2,     3,  7,     3, 13,   7726, 6.2e-5
    - 8 :   2, 10,  679,    7,  6,     6,  2,     3,  8,     3, 13,   9343, 6.2e-5
    - 9 :   2, 10,  689,    6,  7,     7,  2,     4,  6,     3, 13,  10936, 6.3e-5
    - 10:   2, 10,  698,    8,  5,     7,  2,     4,  6,     3, 13,  13449, 6.3e-5
    - 11:   2, 10,  724,    8,  5,    14,  1,     5,  5,     3, 13,  17149, 6.3e-5
    - 12:   2, 10,  673,    8,  5,    13,  1,     7,  4,     3, 13,  21795, 6.0e-5
    - 13:   2, 10,  664,   11,  4,    13,  1,     7,  4,     4, 10,  28715, 6.2e-5
    - 14:   2, 10,  683,   11,  4,    14,  1,    10,  3,     4, 10,  40915, 6.2e-5
    - 15:   2, 10,  659,   22,  2,    13,  1,    10,  3,     4, 10,  68286, 5.9e-5
    - 16:   2, 10,  686,   22,  2,    14,  1,    16,  2,     4, 10, 110584, 6.1e-5
    # no solution starting from log norm2 = 17

  - 9: # bits
    -ln2:   k,  N,    n, br_l,br_b, ks_l,ks_b, cb_l,cb_b, pp_l,pp_b,  cost, p_error
    - 0 :   2, 10,  702,    5,  8,     7,  2,     1, 14,     2, 17,   3875, 6.3e-5
    - 1 :   2, 10,  654,    3, 12,     6,  2,     2,  8,     2, 17,   4281, 5.4e-5
    - 2 :   2, 10,  691,    3, 12,     6,  2,     2,  8,     2, 17,   4463, 6.2e-5
    - 3 :   2, 10,  658,    4,  9,     6,  2,     2,  9,     2, 17,   5083, 6.3e-5
    - 4 :   2, 10,  686,    5,  8,     6,  2,     2,  9,     2, 17,   6070, 6.1e-5
    - 5 :   2, 10,  658,    4,  9,     6,  2,     3,  7,     2, 17,   7034, 5.7e-5
    - 6 :   2, 10,  662,    5,  8,     6,  2,     3,  7,     2, 17,   8153, 6.0e-5
    - 7 :   2, 10,  677,    6,  7,     6,  2,     3,  8,     3, 13,  10205, 6.3e-5
    - 8 :   2, 10,  690,    7,  6,     7,  2,     3,  8,     3, 13,  11536, 6.2e-5
    - 9 :   2, 10,  662,    7,  6,     6,  2,     4,  6,     3, 13,  14237, 5.7e-5
    - 10:   2, 10,  665,    7,  6,     6,  2,     5,  5,     3, 13,  17417, 6.0e-5
    - 11:   2, 10,  673,    8,  5,    13,  1,     6,  5,     3, 13,  23084, 6.1e-5
    - 12:   2, 10,  708,    8,  5,    14,  1,     7,  4,     3, 13,  27687, 6.3e-5
    - 13:   2, 10,  679,   11,  4,    13,  1,     7,  4,     4, 10,  35601, 6.3e-5
    - 14:   2, 10,  653,   14,  3,    13,  1,    10,  3,     4, 10,  57513, 5.7e-5
    - 15:   2, 10,  668,   22,  2,    13,  1,    10,  3,     4, 10,  84236, 6.3e-5
    - 16:   2, 10,  717,   22,  2,    14,  1,    16,  2,     6,  7, 148719, 6.3e-5
    # no solution starting from log norm2 = 17

  - 10: # bits
    -ln2:   k,  N,    n, br_l,br_b, ks_l,ks_b, cb_l,cb_b, pp_l,pp_b,  cost, p_error
    - 0 :   2, 10,  710,    3, 12,     7,  2,     2,  8,     2, 17,   4736, 6.0e-5
    - 1 :   2, 10,  691,    4,  9,     7,  2,     2,  9,     2, 17,   5488, 5.7e-5
    - 2 :   2, 10,  707,    5,  8,     7,  2,     2,  9,     2, 17,   6461, 6.1e-5
    - 3 :   2, 10,  690,    4,  9,     7,  2,     3,  7,     2, 17,   7502, 6.3e-5
    - 4 :   2, 10,  693,    5,  8,     7,  2,     3,  7,     2, 17,   8693, 6.2e-5
    - 5 :   2, 10,  762,    5,  8,     8,  2,     3,  7,     3, 13,  10249, 6.3e-5
    - 6 :   2, 10,  715,    7,  6,     7,  2,     3,  8,     3, 13,  12116, 6.0e-5
    - 7 :   2, 10,  739,    6,  7,     7,  2,     4,  6,     3, 13,  14256, 6.2e-5
    - 8 :   2, 10,  751,    8,  5,     8,  2,     4,  6,     3, 13,  17695, 6.3e-5
    - 9 :   2, 10,  736,    9,  5,     7,  2,     5,  5,     3, 13,  22964, 6.2e-5
    - 10:   2, 10,  715,    8,  5,    14,  1,     7,  4,     3, 13,  28203, 6.3e-5
    - 11:   2, 10,  703,   11,  4,    14,  1,     7,  4,     4, 10,  37025, 6.1e-5
    - 12:   2, 10,  741,   11,  4,    15,  1,    10,  3,     4, 10,  53676, 6.3e-5
    - 13:   2, 10,  696,   22,  2,    14,  1,    10,  3,     4, 10,  88061, 6.1e-5
    - 14:   2, 10,  720,   22,  2,    14,  1,    16,  2,     5,  9, 145720, 6.3e-5
    # no solution starting from log norm2 = 15

  - 11: # bits
    -ln2:   k,  N,    n, br_l,br_b, ks_l,ks_b, cb_l,cb_b, pp_l,pp_b,  cost, p_error
    - 0 :   2, 10,  666,    3, 12,     6,  2,     2,  8,     2, 17,   5216, 6.1e-5
    - 1 :   2, 10,  660,    4,  9,     6,  2,     2,  9,     2, 17,   6128, 5.4e-5
    - 2 :   2, 10,  676,    4,  9,     6,  2,     2,  9,     2, 17,   6246, 6.3e-5
    - 3 :   2, 10,  684,    5,  8,     6,  2,     2, 10,     3, 13,   7912, 6.2e-5
    - 4 :   2, 10,  675,    4,  9,     6,  2,     3,  7,     2, 17,   8588, 6.1e-5
    - 5 :   2, 10,  681,    5,  8,     7,  2,     3,  7,     2, 17,  10047, 5.9e-5
    - 6 :   2, 10,  680,    5,  8,     6,  2,     4,  6,     2, 17,  12700, 6.3e-5
    - 7 :   2, 10,  683,    8,  5,     7,  2,     3,  8,     3, 13,  15041, 6.0e-5
    - 8 :   2, 10,  680,    7,  6,     7,  2,     4,  6,     3, 13,  17410, 6.3e-5
    - 9 :   2, 10,  688,    7,  6,     7,  2,     5,  5,     3, 13,  21366, 6.1e-5
    - 10:   2, 10,  676,    7,  6,    13,  1,     7,  4,     3, 13,  28914, 6.3e-5
    - 11:   2, 10,  707,    9,  5,    14,  1,     7,  4,     4, 10,  37985, 6.3e-5
    - 12:   2, 10,  674,   14,  3,    13,  1,     7,  4,     4, 10,  50385, 5.9e-5
    - 13:   2, 10,  679,   14,  3,    13,  1,    10,  3,     4, 10,  70505, 6.1e-5
    - 14:   2, 10,  709,   22,  2,    14,  1,    11,  3,     5,  9, 118765, 6.3e-5
    - 15:   2, 10,  689,   44,  1,    14,  1,    16,  2,     5,  9, 300482, 6.3e-5
    # no solution starting from log norm2 = 16

  - 12: # bits
    -ln2:   k,  N,    n, br_l,br_b, ks_l,ks_b, cb_l,cb_b, pp_l,pp_b,  cost, p_error
    - 0 :   2, 10,  698,    3, 12,     6,  2,     2,  8,     2, 17,   5862, 6.1e-5
    - 1 :   2, 10,  680,    4,  9,     6,  2,     2,  9,     2, 17,   6805, 5.7e-5
    - 2 :   2, 10,  725,    4,  9,     7,  2,     2,  9,     2, 17,   7234, 6.2e-5
    - 3 :   2, 10,  679,    4,  9,     6,  2,     3,  7,     2, 17,   9338, 6.2e-5
    - 4 :   2, 10,  720,    4,  9,     7,  2,     3,  7,     2, 17,   9847, 6.3e-5
    - 5 :   2, 10,  704,    5,  8,     7,  2,     3,  7,     3, 13,  12184, 6.3e-5
    - 6 :   2, 10,  691,    7,  6,     7,  2,     3,  8,     3, 13,  14962, 5.9e-5
    - 7 :   2, 10,  699,    6,  7,     7,  2,     4,  6,     3, 13,  17344, 6.1e-5
    - 8 :   2, 10,  703,    8,  5,     7,  2,     4,  6,     3, 13,  21226, 6.2e-5
    - 9 :   2, 10,  714,    8,  5,     7,  2,     5,  5,     3, 13,  26108, 6.1e-5
    - 10:   2, 10,  686,    8,  5,    13,  1,     7,  4,     3, 13,  34613, 5.9e-5
    - 11:   2, 10,  702,   11,  4,    14,  1,     7,  4,     3, 13,  44650, 6.1e-5
    - 12:   2, 10,  690,   11,  4,    14,  1,    10,  3,     4, 10,  64412, 6.2e-5
    - 13:   2, 10,  698,   21,  2,    14,  1,    10,  3,     4, 10, 107946, 6.1e-5
    - 14:   2, 10,  691,   22,  2,    14,  1,    16,  2,     4, 10, 173580, 6.3e-5
    - 15:   2, 10,  718,   45,  1,    14,  1,    33,  1,     6,  7, 704020, 6.3e-5
    # no solution starting from log norm2 = 16

  - 13: # bits
    -ln2:   k,  N,    n, br_l,br_b, ks_l,ks_b, cb_l,cb_b, pp_l,pp_b,  cost, p_error
    - 0 :   2, 10,  691,    3, 12,     7,  2,     2,  8,     2, 17,   6213, 6.0e-5
    - 1 :   2, 10,  680,    4,  9,     6,  2,     2,  9,     2, 17,   7186, 6.2e-5
    - 2 :   2, 10,  760,    4,  9,     7,  2,     2,  9,     2, 17,   7936, 6.3e-5
    - 3 :   2, 10,  680,    4,  9,     6,  2,     3,  7,     2, 17,   9912, 5.9e-5
    - 4 :   2, 10,  744,    4,  9,     7,  2,     3,  7,     2, 17,  10713, 6.3e-5
    - 5 :   2, 10,  710,    5,  8,     7,  2,     3,  7,     3, 13,  13005, 6.3e-5
    - 6 :   2, 10,  693,    7,  6,     7,  2,     3,  8,     3, 13,  15899, 6.2e-5
    - 7 :   2, 10,  703,    6,  7,     7,  2,     4,  6,     3, 13,  18514, 6.3e-5
    - 8 :   2, 10,  709,    8,  5,     7,  2,     4,  6,     3, 13,  22706, 6.0e-5
    - 9 :   2, 10,  725,    8,  5,     7,  2,     5,  5,     3, 13,  28123, 6.2e-5
    - 10:   2, 10,  688,    8,  5,    14,  1,     7,  4,     3, 13,  37041, 6.2e-5
    - 11:   2, 10,  712,   11,  4,    14,  1,     7,  4,     3, 13,  48144, 6.2e-5
    - 12:   2, 10,  695,   11,  4,    14,  1,    10,  3,     4, 10,  69148, 6.3e-5
    - 13:   2, 10,  706,   21,  2,    14,  1,    10,  3,     4, 10, 116345, 6.2e-5
    - 14:   2, 10,  697,   22,  2,    14,  1,    16,  2,     4, 10, 186910, 6.1e-5
    # no solution starting from log norm2 = 15

  - 14: # bits
    -ln2:   k,  N,    n, br_l,br_b, ks_l,ks_b, cb_l,cb_b, pp_l,pp_b,  cost, p_error
    - 0 :   2, 10,  696,    3, 12,     7,  2,     2,  8,     2, 17,   7176, 5.8e-5
    - 1 :   2, 10,  682,    4,  9,     6,  2,     2,  9,     2, 17,   8274, 5.8e-5
    - 2 :   2, 10,  693,    5,  8,     7,  2,     2,  9,     2, 17,   9767, 6.2e-5
    - 3 :   2, 10,  681,    4,  9,     6,  2,     3,  7,     2, 17,  11360, 6.2e-5
    - 4 :   2, 10,  680,    5,  8,     7,  2,     3,  7,     2, 17,  13182, 6.2e-5
    - 5 :   2, 10,  731,    5,  8,     7,  2,     3,  7,     3, 13,  15210, 6.3e-5
    - 6 :   2, 10,  699,    7,  6,     7,  2,     3,  8,     3, 13,  18318, 6.1e-5
    - 7 :   2, 10,  716,    6,  7,     7,  2,     4,  6,     3, 13,  21443, 6.3e-5
    - 8 :   2, 10,  726,    8,  5,     7,  2,     4,  6,     3, 13,  26438, 6.3e-5
    - 9 :   2, 10,  716,    9,  5,     7,  2,     5,  5,     3, 13,  34609, 6.3e-5
    - 10:   2, 10,  698,    8,  5,    14,  1,     7,  4,     3, 13,  42688, 6.0e-5
    - 11:   2, 10,  689,   11,  4,    13,  1,     7,  4,     4, 10,  56134, 6.2e-5
    - 12:   2, 10,  712,   11,  4,    14,  1,    10,  3,     4, 10,  80180, 6.3e-5
    - 13:   2, 10,  682,   22,  2,    13,  1,    10,  3,     4, 10, 133417, 6.3e-5
    - 14:   2, 10,  716,   22,  2,    14,  1,    16,  2,     4, 10, 217427, 6.3e-5
    # no solution starting from log norm2 = 15

  - 15: # bits
    -ln2:   k,  N,    n, br_l,br_b, ks_l,ks_b, cb_l,cb_b, pp_l,pp_b,  cost, p_error
    - 0 :   2, 10,  707,    4,  9,     7,  2,     2,  9,     2, 17,   8196, 6.3e-5
    - 1 :   2, 10,  752,    4,  9,     7,  2,     2,  9,     2, 17,   8620, 6.3e-5
    - 2 :   2, 10,  707,    4,  9,     7,  2,     3,  7,     2, 17,  11190, 6.2e-5
    - 3 :   2, 10,  750,    4,  9,     7,  2,     3,  7,     2, 17,  11729, 6.3e-5
    - 4 :   2, 10,  733,    5,  8,     7,  2,     3,  7,     3, 13,  14473, 6.3e-5
    - 5 :   2, 10,  722,    7,  6,     7,  2,     3,  8,     3, 13,  17861, 5.9e-5
    - 6 :   2, 10,  729,    6,  7,     7,  2,     4,  6,     3, 13,  20610, 6.3e-5
    - 7 :   2, 10,  732,    8,  5,     7,  2,     4,  6,     3, 13,  25240, 6.2e-5
    - 8 :   2, 10,  742,    8,  5,     7,  2,     5,  5,     3, 13,  30957, 6.2e-5
    - 9 :   2, 10,  714,    8,  5,    14,  1,     7,  4,     3, 13,  41103, 6.3e-5
    - 10:   2, 10,  727,   11,  4,    15,  1,     7,  4,     3, 13,  52875, 6.3e-5
    - 11:   2, 10,  719,   11,  4,    15,  1,    10,  3,     4, 10,  76381, 6.3e-5
    - 12:   2, 10,  725,   21,  2,    15,  1,    10,  3,     4, 10, 128036, 6.2e-5
    - 13:   2, 10,  720,   22,  2,    15,  1,    16,  2,     4, 10, 206185, 6.2e-5
    - 14:   2, 10,  754,   45,  1,    15,  1,    32,  1,     6,  7, 817128, 6.3e-5
    # no solution starting from log norm2 = 15

  - 16: # bits
    -ln2:   k,  N,    n, br_l,br_b, ks_l,ks_b, cb_l,cb_b, pp_l,pp_b,  cost, p_error
    - 0 :   2, 10,  693,    4,  9,     6,  2,     2,  9,     2, 17,   8932, 5.7e-5
    - 1 :   2, 10,  698,    4,  9,     7,  2,     2,  9,     2, 17,   9069, 5.9e-5
    - 2 :   2, 10,  703,    5,  8,     7,  2,     2, 10,     3, 13,  11399, 6.1e-5
    - 3 :   2, 10,  697,    4,  9,     7,  2,     3,  7,     2, 17,  12398, 6.1e-5
    - 4 :   2, 10,  704,    5,  8,     7,  2,     3,  7,     2, 17,  14431, 5.8e-5
    - 5 :   2, 10,  700,    5,  8,     7,  2,     4,  6,     2, 17,  18231, 6.3e-5
    - 6 :   2, 10,  706,    8,  5,     7,  2,     3,  8,     3, 13,  21581, 6.0e-5
    - 7 :   2, 10,  704,    7,  6,     7,  2,     4,  6,     3, 13,  24953, 5.8e-5
    - 8 :   2, 10,  710,    7,  6,     7,  2,     5,  5,     3, 13,  30511, 6.0e-5
    - 9 :   2, 10,  711,    7,  6,     7,  2,     7,  4,     3, 13,  41338, 6.0e-5
    - 10:   2, 10,  719,    9,  5,    14,  1,     7,  4,     4, 10,  53535, 6.2e-5
    - 11:   2, 10,  696,   14,  3,    14,  1,     7,  4,     4, 10,  72053, 6.1e-5
    - 12:   2, 10,  700,   14,  3,    14,  1,    10,  3,     4, 10, 100546, 6.2e-5
    - 13:   2, 10,  720,   22,  2,    14,  1,    11,  3,     5,  9, 167126, 6.3e-5
    - 14:   2, 10,  708,   44,  1,    14,  1,    16,  2,     5,  9, 427457, 6.3e-5
    # no solution starting from log norm2 = 15
