security level: 192
target p_error: 6.3e-5
per precision and log norm2:

  - 1: # bits
    -ln2:   k,  N,    n, br_l,br_b, ks_l,ks_b, cb_l,cb_b,  cost, p_error
    - 0 :   2, 11, 1021,    4,  9,    14,  1,     1, 13,    927, 6.3e-5
    - 1 :   2, 11, 1021,    6,  7,    14,  1,     1, 14,   1298, 5.9e-5
    - 2 :   2, 11, 1022,    3, 12,    13,  1,     2,  8,   1363, 5.9e-5
    - 3 :   2, 11, 1020,    4,  9,    13,  1,     2,  9,   1733, 5.9e-5
    - 4 :   2, 11, 1020,    4,  9,    14,  1,     2,  9,   1741, 6.3e-5
    - 5 :   2, 11, 1022,    5,  8,    14,  1,     2,  9,   2114, 6.3e-5
    - 6 :   2, 11, 1022,    4,  9,    14,  1,     3,  7,   2558, 6.1e-5
    - 7 :   2, 11, 1021,    5,  8,    14,  1,     3,  7,   3114, 5.6e-5
    - 8 :   2, 11, 1021,    5,  8,    14,  1,     4,  6,   4115, 6.2e-5
    - 9 :   2, 11, 1023,    6,  7,    14,  1,     4,  6,   4863, 6.0e-5
    - 10:   2, 11, 1019,    8,  5,    14,  1,     4,  6,   6338, 6.1e-5
    - 11:   2, 11, 1020,    8,  5,    14,  1,     5,  5,   7899, 6.2e-5
    - 12:   2, 11, 1024,   11,  4,    14,  1,     5,  5,  10705, 5.9e-5
    - 13:   2, 11, 1021,   11,  4,    14,  1,     7,  4,  14920, 6.2e-5
    - 14:   2, 11, 1022,   14,  3,    14,  1,     9,  3,  24179, 6.3e-5
    - 15:   2, 11, 1022,   21,  2,    14,  1,    10,  3,  39863, 6.2e-5
    - 16:   2, 11, 1024,   22,  2,    14,  1,    15,  2,  62588, 6.0e-5
    # no solution starting from log norm2 = 17

  - 2: # bits
    -ln2:   k,  N,    n, br_l,br_b, ks_l,ks_b, cb_l,cb_b,  cost, p_error
    - 0 :   2, 11, 1020,    3, 12,    13,  1,     2,  8,   3064, 6.0e-5
    - 1 :   2, 11, 1021,    3, 12,    14,  1,     2,  8,   3082, 5.7e-5
    - 2 :   2, 11, 1022,    4,  9,    13,  1,     2,  9,   3901, 5.7e-5
    - 3 :   2, 11, 1023,    3, 12,    14,  1,     3,  6,   4346, 6.0e-5
    - 4 :   2, 11, 1023,    4,  9,    13,  1,     3,  7,   5535, 5.7e-5
    - 5 :   2, 11, 1017,    5,  8,    14,  1,     3,  7,   6734, 6.3e-5
    - 6 :   2, 11, 1020,    6,  7,    14,  1,     3,  7,   7949, 5.6e-5
    - 7 :   2, 11, 1019,    6,  7,    14,  1,     4,  6,  10316, 5.4e-5
    - 8 :   2, 11, 1020,    7,  6,    14,  1,     4,  6,  11897, 5.6e-5
    - 9 :   2, 11, 1021,    7,  6,    14,  1,     5,  5,  14648, 5.9e-5
    - 10:   2, 11, 1023,    7,  6,    14,  1,     7,  4,  20159, 6.0e-5
    - 11:   2, 11, 1022,   10,  4,    14,  1,     7,  4,  28224, 5.5e-5
    - 12:   2, 11, 1020,   14,  3,    14,  1,     7,  4,  38952, 6.0e-5
    - 13:   2, 11, 1022,   14,  3,    14,  1,    10,  3,  55036, 6.1e-5
    - 14:   2, 11, 1021,   21,  2,    14,  1,    15,  2, 121378, 6.0e-5
    - 15:   2, 11, 1024,   44,  1,    14,  1,    16,  2, 268507, 5.9e-5
    # no solution starting from log norm2 = 16

  - 3: # bits
    -ln2:   k,  N,    n, br_l,br_b, ks_l,ks_b, cb_l,cb_b,  cost, p_error
    - 0 :   2, 11, 1024,    3, 12,    14,  1,     2,  8,   4803, 6.3e-5
    - 1 :   2, 11, 1024,    4,  9,    13,  1,     2,  9,   6075, 5.7e-5
    - 2 :   2, 11, 1020,    5,  8,    14,  1,     2,  9,   7377, 6.2e-5
    - 3 :   2, 11, 1020,    4,  9,    14,  1,     3,  7,   8528, 6.0e-5
    - 4 :   2, 11, 1019,    5,  8,    14,  1,     3,  7,  10373, 5.9e-5
    - 5 :   2, 11, 1023,    6,  7,    14,  1,     3,  7,  12250, 5.5e-5
    - 6 :   2, 11, 1021,    6,  7,    14,  1,     4,  6,  15796, 5.7e-5
    - 7 :   2, 11, 1023,    7,  6,    14,  1,     4,  6,  18225, 5.6e-5
    - 8 :   2, 11, 1019,    8,  5,    14,  1,     5,  5,  25261, 5.7e-5
    - 9 :   2, 11, 1021,   11,  4,    14,  1,     5,  5,  34186, 6.2e-5
    - 10:   2, 11, 1022,    8,  5,    14,  1,     9,  3,  44010, 5.9e-5
    - 11:   2, 11, 1023,   14,  3,    14,  1,     7,  4,  59182, 6.1e-5
    - 12:   2, 11, 1022,   14,  3,    14,  1,    14,  2, 115310, 6.1e-5
    - 13:   2, 11, 1021,   22,  2,    14,  1,    15,  2, 191584, 6.3e-5
    - 14:   2, 11, 1024,   44,  1,    14,  1,    31,  1, 776379, 6.3e-5
    # no solution starting from log norm2 = 15

  - 4: # bits
    -ln2:   k,  N,    n, br_l,br_b, ks_l,ks_b, cb_l,cb_b,  cost, p_error
    - 0 :   2, 11, 1021,    4,  9,    13,  1,     2,  9,  11697, 5.8e-5
    - 1 :   2, 11, 1024,    4,  9,    14,  1,     2,  9,  11766, 5.8e-5
    - 2 :   2, 11, 1022,    4,  9,    13,  1,     3,  7,  16598, 5.6e-5
    - 3 :   2, 11, 1024,    7,  6,    14,  1,     2, 10,  19273, 5.6e-5
    - 4 :   2, 11, 1024,    5,  8,    14,  1,     3,  7,  20283, 6.1e-5
    - 5 :   2, 11, 1024,    7,  6,    14,  1,     3,  7,  27520, 6.1e-5
    - 6 :   2, 11, 1018,    7,  6,    14,  1,     4,  6,  35653, 6.1e-5
    - 7 :   2, 11, 1022,    8,  5,    14,  1,     4,  6,  40459, 5.9e-5
    - 8 :   2, 11, 1024,    8,  5,    14,  1,     5,  5,  49866, 5.6e-5
    - 9 :   2, 11, 1023,    9,  5,    14,  1,     7,  4,  76637, 5.7e-5
    - 10:   2, 11, 1023,   10,  4,    14,  1,     9,  3, 107897, 6.1e-5
    - 11:   2, 11, 1020,   14,  3,    14,  1,    10,  3, 164945, 6.0e-5
    - 12:   2, 11, 1022,   22,  2,    14,  1,    10,  3, 256479, 6.3e-5
    - 13:   2, 11, 1024,   43,  1,    14,  1,    15,  2, 738961, 5.9e-5
    # no solution starting from log norm2 = 14

  - 5: # bits
    -ln2:   k,  N,    n, br_l,br_b, ks_l,ks_b, cb_l,cb_b,  cost, p_error
    - 0 :   2, 11, 1021,    4,  9,    13,  1,     2,  9,  11697, 5.8e-5
    - 1 :   2, 11, 1024,    4,  9,    14,  1,     2,  9,  11766, 5.8e-5
    - 2 :   2, 11, 1022,    4,  9,    13,  1,     3,  7,  16598, 5.6e-5
    - 3 :   2, 11, 1024,    7,  6,    14,  1,     2, 10,  19273, 5.6e-5
    - 4 :   2, 11, 1024,    5,  8,    14,  1,     3,  7,  20283, 6.1e-5
    - 5 :   2, 11, 1024,    7,  6,    14,  1,     3,  7,  27520, 6.1e-5
    - 6 :   2, 11, 1018,    7,  6,    14,  1,     4,  6,  35653, 6.1e-5
    - 7 :   2, 11, 1022,    8,  5,    14,  1,     4,  6,  40459, 5.9e-5
    - 8 :   2, 11, 1024,    8,  5,    14,  1,     5,  5,  49866, 5.6e-5
    - 9 :   2, 11, 1023,    9,  5,    14,  1,     7,  4,  76637, 5.7e-5
    - 10:   2, 11, 1023,   10,  4,    14,  1,     9,  3, 107897, 6.1e-5
    - 11:   2, 11, 1020,   14,  3,    14,  1,    10,  3, 164945, 6.0e-5
    - 12:   2, 11, 1022,   22,  2,    14,  1,    10,  3, 256479, 6.3e-5
    - 13:   2, 11, 1024,   43,  1,    14,  1,    15,  2, 738961, 5.9e-5
    # no solution starting from log norm2 = 14

  - 6: # bits
    -ln2:   k,  N,    n, br_l,br_b, ks_l,ks_b, cb_l,cb_b,  cost, p_error
    - 0 :   2, 11, 1021,    4,  9,    13,  1,     2,  9,  13862, 6.2e-5
    - 1 :   2, 11, 1022,    3, 12,    14,  1,     3,  6,  15373, 5.8e-5
    - 2 :   2, 11, 1022,    4,  9,    13,  1,     3,  7,  19580, 6.1e-5
    - 3 :   2, 11, 1021,    5,  8,    13,  1,     3,  7,  23828, 6.2e-5
    - 4 :   2, 11, 1019,    6,  7,    14,  1,     3,  7,  28113, 5.8e-5
    - 5 :   2, 11, 1018,    6,  7,    14,  1,     4,  6,  36392, 5.8e-5
    - 6 :   2, 11, 1019,    7,  6,    14,  1,     4,  6,  41967, 5.9e-5
    - 7 :   2, 11, 1023,    8,  5,    14,  1,     4,  6,  47624, 6.2e-5
    - 8 :   2, 11, 1023,    9,  5,    14,  1,     5,  5,  65410, 6.2e-5
    - 9 :   2, 11, 1024,    9,  5,    14,  1,     7,  4,  89897, 6.2e-5
    - 10:   2, 11, 1019,   14,  3,    14,  1,     7,  4, 136927, 6.2e-5
    - 11:   2, 11, 1021,   14,  3,    14,  1,    10,  3, 193197, 6.0e-5
    - 12:   2, 11, 1024,   22,  2,    14,  1,    10,  3, 300547, 5.9e-5
    - 13:   2, 11, 1024,   44,  1,    14,  1,    15,  2, 883986, 6.1e-5
    # no solution starting from log norm2 = 14

  - 7: # bits
    -ln2:   k,  N,    n, br_l,br_b, ks_l,ks_b, cb_l,cb_b,  cost, p_error
    - 0 :   2, 11, 1022,    4,  9,    13,  1,     2,  9,  16037, 5.7e-5
    - 1 :   2, 11, 1023,    3, 12,    14,  1,     3,  6,  17726, 6.0e-5
    - 2 :   2, 11, 1018,    4,  9,    14,  1,     3,  7,  22573, 6.0e-5
    - 3 :   2, 11, 1017,    5,  8,    14,  1,     3,  7,  27457, 6.3e-5
    - 4 :   2, 11, 1020,    6,  7,    14,  1,     3,  7,  32408, 5.6e-5
    - 5 :   2, 11, 1019,    6,  7,    14,  1,     4,  6,  41874, 5.4e-5
    - 6 :   2, 11, 1020,    7,  6,    14,  1,     4,  6,  48287, 5.6e-5
    - 7 :   2, 11, 1021,    7,  6,    14,  1,     5,  5,  59294, 5.9e-5
    - 8 :   2, 11, 1023,    7,  6,    14,  1,     7,  4,  81339, 6.0e-5
    - 9 :   2, 11, 1022,   10,  4,    14,  1,     7,  4, 113868, 5.5e-5
    - 10:   2, 11, 1020,   14,  3,    14,  1,     7,  4, 157136, 6.0e-5
    - 11:   2, 11, 1022,   14,  3,    14,  1,    10,  3, 221477, 6.1e-5
    - 12:   2, 11, 1021,   21,  2,    14,  1,    15,  2, 487469, 6.0e-5
    - 13:   2, 11, 1024,   44,  1,    14,  1,    16,  2, 1078060, 5.9e-5
    # no solution starting from log norm2 = 14

  - 8: # bits
    -ln2:   k,  N,    n, br_l,br_b, ks_l,ks_b, cb_l,cb_b,  cost, p_error
    - 0 :   2, 11, 1022,    4,  9,    13,  1,     2,  9,  18203, 6.1e-5
    - 1 :   2, 11, 1024,    3, 12,    14,  1,     3,  6,  20082, 6.2e-5
    - 2 :   2, 11, 1023,    4,  9,    13,  1,     3,  7,  25558, 6.2e-5
    - 3 :   2, 11, 1022,    5,  8,    13,  1,     3,  7,  31101, 6.2e-5
    - 4 :   2, 11, 1020,    6,  7,    14,  1,     3,  7,  36688, 6.2e-5
    - 5 :   2, 11, 1019,    6,  7,    14,  1,     4,  6,  47337, 5.9e-5
    - 6 :   2, 11, 1020,    7,  6,    14,  1,     4,  6,  54586, 6.2e-5
    - 7 :   2, 11, 1022,    7,  6,    14,  1,     5,  5,  67004, 5.8e-5
    - 8 :   2, 11, 1024,    7,  6,    14,  1,     7,  4,  91817, 6.2e-5
    - 9 :   2, 11, 1023,   10,  4,    14,  1,     7,  4, 128531, 5.6e-5
    - 10:   2, 11, 1021,   14,  3,    14,  1,     7,  4, 177366, 5.8e-5
    - 11:   2, 11, 1023,   14,  3,    14,  1,    10,  3, 249786, 6.2e-5
    - 12:   2, 11, 1022,   21,  2,    14,  1,    15,  2, 549408, 5.9e-5
    - 13:   2, 11, 1024,   44,  1,    14,  1,    30,  1, 2254817, 5.6e-5
    # no solution starting from log norm2 = 14

  - 9: # bits
    -ln2:   k,  N,    n, br_l,br_b, ks_l,ks_b, cb_l,cb_b,  cost, p_error
    - 0 :   2, 11, 1024,    5,  8,    13,  1,     2,  9,  24745, 6.0e-5
    - 1 :   2, 11, 1019,    4,  9,    14,  1,     3,  7,  28555, 6.0e-5
    - 2 :   2, 11, 1018,    5,  8,    14,  1,     3,  7,  34730, 6.1e-5
    - 3 :   2, 11, 1021,    6,  7,    14,  1,     3,  7,  40991, 5.9e-5
    - 4 :   2, 11, 1020,    6,  7,    14,  1,     4,  6,  52829, 5.5e-5
    - 5 :   2, 11, 1021,    7,  6,    14,  1,     4,  6,  60917, 6.0e-5
    - 6 :   2, 11, 1023,    7,  6,    14,  1,     5,  5,  74722, 5.7e-5
    - 7 :   2, 11, 1024,   10,  4,    14,  1,     5,  5, 104558, 5.7e-5
    - 8 :   2, 11, 1024,   10,  4,    14,  1,     7,  4, 143211, 5.6e-5
    - 9 :   2, 11, 1022,   14,  3,    14,  1,     7,  4, 197618, 5.6e-5
    - 10:   2, 11, 1024,   14,  3,    14,  1,    10,  3, 278124, 6.3e-5
    - 11:   2, 11, 1023,   21,  2,    14,  1,    15,  2, 611408, 5.9e-5
    - 12:   2, 11, 1024,   43,  1,    14,  1,    31,  1, 2530973, 6.1e-5
    # no solution starting from log norm2 = 13

  - 10: # bits
    -ln2:   k,  N,    n, br_l,br_b, ks_l,ks_b, cb_l,cb_b,  cost, p_error
    - 0 :   2, 11, 1020,    5,  8,    14,  1,     2,  9,  27398, 5.7e-5
    - 1 :   2, 11, 1020,    4,  9,    14,  1,     3,  7,  31558, 5.6e-5
    - 2 :   2, 11, 1019,    5,  8,    14,  1,     3,  7,  38381, 5.5e-5
    - 3 :   2, 11, 1022,    6,  7,    14,  1,     3,  7,  45299, 5.7e-5
    - 4 :   2, 11, 1020,    6,  7,    14,  1,     4,  6,  58295, 6.0e-5
    - 5 :   2, 11, 1022,    7,  6,    14,  1,     4,  6,  67256, 5.8e-5
    - 6 :   2, 11, 1024,    7,  6,    14,  1,     5,  5,  82449, 5.7e-5
    - 7 :   2, 11, 1021,   11,  4,    14,  1,     5,  5, 126058, 5.7e-5
    - 8 :   2, 11, 1021,    8,  5,    14,  1,     9,  3, 161814, 6.2e-5
    - 9 :   2, 11, 1022,   14,  3,    14,  1,     7,  4, 217779, 6.3e-5
    - 10:   2, 11, 1024,   15,  3,    14,  1,    10,  3, 327520, 5.9e-5
    - 11:   2, 11, 1024,   21,  2,    14,  1,    15,  2, 673469, 5.9e-5
    - 12:   2, 11, 1023,   44,  1,    14,  1,    31,  1, 2848036, 6.3e-5
    # no solution starting from log norm2 = 13

  - 11: # bits
    -ln2:   k,  N,    n, br_l,br_b, ks_l,ks_b, cb_l,cb_b,  cost, p_error
    - 0 :   2, 11, 1020,    5,  8,    14,  1,     2,  9,  30031, 6.2e-5
    - 1 :   2, 11, 1020,    4,  9,    14,  1,     3,  7,  34545, 6.0e-5
    - 2 :   2, 11, 1019,    5,  8,    14,  1,     3,  7,  42012, 5.9e-5
    - 3 :   2, 11, 1023,    6,  7,    14,  1,     3,  7,  49612, 5.5e-5
    - 4 :   2, 11, 1021,    6,  7,    14,  1,     4,  6,  63796, 5.7e-5
    - 5 :   2, 11, 1023,    7,  6,    14,  1,     4,  6,  73602, 5.6e-5
    - 6 :   2, 11, 1019,    8,  5,    14,  1,     5,  5, 101835, 5.7e-5
    - 7 :   2, 11, 1021,   11,  4,    14,  1,     5,  5, 137806, 6.2e-5
    - 8 :   2, 11, 1022,    8,  5,    14,  1,     9,  3, 176832, 5.9e-5
    - 9 :   2, 11, 1023,   14,  3,    14,  1,     7,  4, 238061, 6.1e-5
    - 10:   2, 11, 1022,   14,  3,    14,  1,    14,  2, 462570, 6.1e-5
    - 11:   2, 11, 1021,   22,  2,    14,  1,    15,  2, 768385, 6.3e-5
    - 12:   2, 11, 1024,   44,  1,    14,  1,    31,  1, 3109549, 6.3e-5
    # no solution starting from log norm2 = 13

  - 12: # bits
    -ln2:   k,  N,    n, br_l,br_b, ks_l,ks_b, cb_l,cb_b,  cost, p_error
    - 0 :   2, 11, 1020,    5,  8,    14,  1,     2,  9,  30031, 6.2e-5
    - 1 :   2, 11, 1020,    4,  9,    14,  1,     3,  7,  34545, 6.0e-5
    - 2 :   2, 11, 1019,    5,  8,    14,  1,     3,  7,  42012, 5.9e-5
    - 3 :   2, 11, 1023,    6,  7,    14,  1,     3,  7,  49612, 5.5e-5
    - 4 :   2, 11, 1021,    6,  7,    14,  1,     4,  6,  63796, 5.7e-5
    - 5 :   2, 11, 1023,    7,  6,    14,  1,     4,  6,  73602, 5.6e-5
    - 6 :   2, 11, 1019,    8,  5,    14,  1,     5,  5, 101835, 5.7e-5
    - 7 :   2, 11, 1021,   11,  4,    14,  1,     5,  5, 137806, 6.2e-5
    - 8 :   2, 11, 1022,    8,  5,    14,  1,     9,  3, 176832, 5.9e-5
    - 9 :   2, 11, 1023,   14,  3,    14,  1,     7,  4, 238061, 6.1e-5
    - 10:   2, 11, 1022,   14,  3,    14,  1,    14,  2, 462570, 6.1e-5
    - 11:   2, 11, 1021,   22,  2,    14,  1,    15,  2, 768385, 6.3e-5
    - 12:   2, 11, 1024,   44,  1,    14,  1,    31,  1, 3109549, 6.3e-5
    # no solution starting from log norm2 = 13

  - 13: # bits
    -ln2:   k,  N,    n, br_l,br_b, ks_l,ks_b, cb_l,cb_b,  cost, p_error
    - 0 :   2, 11, 1022,    5,  8,    14,  1,     2,  9,  40092, 6.3e-5
    - 1 :   2, 11, 1022,    4,  9,    14,  1,     3,  7,  46117, 6.1e-5
    - 2 :   2, 11, 1021,    5,  8,    14,  1,     3,  7,  56084, 5.6e-5
    - 3 :   2, 11, 1021,    5,  8,    14,  1,     4,  6,  72100, 6.2e-5
    - 4 :   2, 11, 1023,    6,  7,    14,  1,     4,  6,  85161, 6.0e-5
    - 5 :   2, 11, 1019,    8,  5,    14,  1,     4,  6, 110878, 6.1e-5
    - 6 :   2, 11, 1020,    8,  5,    14,  1,     5,  5, 135859, 6.2e-5
    - 7 :   2, 11, 1024,   11,  4,    14,  1,     5,  5, 184039, 5.9e-5
    - 8 :   2, 11, 1021,   11,  4,    14,  1,     7,  4, 251447, 6.2e-5
    - 9 :   2, 11, 1022,   14,  3,    14,  1,     9,  3, 402836, 6.3e-5
    - 10:   2, 11, 1021,   14,  3,    14,  1,    15,  2, 659233, 5.8e-5
    - 11:   2, 11, 1024,   22,  2,    14,  1,    15,  2, 1026049, 6.0e-5
    # no solution starting from log norm2 = 12

  - 14: # bits
    -ln2:   k,  N,    n, br_l,br_b, ks_l,ks_b, cb_l,cb_b,  cost, p_error
    - 0 :   2, 11, 1022,    5,  8,    14,  1,     2,  9,  40092, 6.3e-5
    - 1 :   2, 11, 1022,    4,  9,    14,  1,     3,  7,  46117, 6.1e-5
    - 2 :   2, 11, 1021,    5,  8,    14,  1,     3,  7,  56084, 5.6e-5
    - 3 :   2, 11, 1021,    5,  8,    14,  1,     4,  6,  72100, 6.2e-5
    - 4 :   2, 11, 1023,    6,  7,    14,  1,     4,  6,  85161, 6.0e-5
    - 5 :   2, 11, 1019,    8,  5,    14,  1,     4,  6, 110878, 6.1e-5
    - 6 :   2, 11, 1020,    8,  5,    14,  1,     5,  5, 135859, 6.2e-5
    - 7 :   2, 11, 1024,   11,  4,    14,  1,     5,  5, 184039, 5.9e-5
    - 8 :   2, 11, 1021,   11,  4,    14,  1,     7,  4, 251447, 6.2e-5
    - 9 :   2, 11, 1022,   14,  3,    14,  1,     9,  3, 402836, 6.3e-5
    - 10:   2, 11, 1021,   14,  3,    14,  1,    15,  2, 659233, 5.8e-5
    - 11:   2, 11, 1024,   22,  2,    14,  1,    15,  2, 1026049, 6.0e-5
    # no solution starting from log norm2 = 12

  - 15: # bits
    -ln2:   k,  N,    n, br_l,br_b, ks_l,ks_b, cb_l,cb_b,  cost, p_error
    - 0 :   2, 11, 1022,    5,  8,    14,  1,     2,  9,  40092, 6.3e-5
    - 1 :   2, 11, 1022,    4,  9,    14,  1,     3,  7,  46117, 6.1e-5
    - 2 :   2, 11, 1021,    5,  8,    14,  1,     3,  7,  56084, 5.6e-5
    - 3 :   2, 11, 1021,    5,  8,    14,  1,     4,  6,  72100, 6.2e-5
    - 4 :   2, 11, 1023,    6,  7,    14,  1,     4,  6,  85161, 6.0e-5
    - 5 :   2, 11, 1019,    8,  5,    14,  1,     4,  6, 110878, 6.1e-5
    - 6 :   2, 11, 1020,    8,  5,    14,  1,     5,  5, 135859, 6.2e-5
    - 7 :   2, 11, 1024,   11,  4,    14,  1,     5,  5, 184039, 5.9e-5
    - 8 :   2, 11, 1021,   11,  4,    14,  1,     7,  4, 251447, 6.2e-5
    - 9 :   2, 11, 1022,   14,  3,    14,  1,     9,  3, 402836, 6.3e-5
    - 10:   2, 11, 1021,   14,  3,    14,  1,    15,  2, 659233, 5.8e-5
    - 11:   2, 11, 1024,   22,  2,    14,  1,    15,  2, 1026049, 6.0e-5
    # no solution starting from log norm2 = 12

  - 16: # bits
    -ln2:   k,  N,    n, br_l,br_b, ks_l,ks_b, cb_l,cb_b,  cost, p_error
    - 0 :   2, 11, 1024,    5,  8,    14,  1,     2,  9,  44908, 5.6e-5
    - 1 :   2, 11, 1023,    4,  9,    14,  1,     3,  7,  51712, 6.2e-5
    - 2 :   2, 11, 1022,    5,  8,    14,  1,     3,  7,  62885, 5.5e-5
    - 3 :   2, 11, 1022,    5,  8,    14,  1,     4,  6,  80916, 6.2e-5
    - 4 :   2, 11, 1024,    6,  7,    14,  1,     4,  6,  95572, 6.2e-5
    - 5 :   2, 11, 1020,    8,  5,    14,  1,     4,  6, 124430, 5.8e-5
    - 6 :   2, 11, 1021,    8,  5,    14,  1,     5,  5, 152551, 6.0e-5
    - 7 :   2, 11, 1022,    8,  5,    14,  1,     7,  4, 208767, 6.1e-5
    - 8 :   2, 11, 1022,   11,  4,    14,  1,     7,  4, 282525, 6.1e-5
    - 9 :   2, 11, 1024,   14,  3,    14,  1,     9,  3, 453023, 5.6e-5
    - 10:   2, 11, 1022,   14,  3,    14,  1,    15,  2, 741405, 5.7e-5
    - 11:   2, 11, 1021,   43,  1,    14,  1,    15,  2, 2229456, 6.2e-5
    # no solution starting from log norm2 = 12
