security level: 176
target p_error: 6.3e-5
per precision and log norm2:

  - 1: # bits
    -ln2:   k,  N,    n, br_l,br_b, ks_l,ks_b, cb_l,cb_b,  cost, p_error
    - 0 :   1, 11,  995,    3,  9,     7,  2,     2,  6,    543, 6.3e-5
    - 1 :   3, 10,  989,    2, 15,     7,  2,     2,  7,    646, 6.2e-5
    - 2 :   3, 10, 1014,    6,  7,     8,  2,     1, 15,    880, 6.3e-5
    - 3 :   3, 10,  974,    3, 12,     7,  2,     2,  8,    898, 6.3e-5
    - 4 :   3, 10,  965,    4,  9,     7,  2,     2,  9,   1151, 6.2e-5
    - 5 :   3, 10, 1000,    4,  9,     7,  2,     2,  9,   1172, 6.2e-5
    - 6 :   3, 10,  974,    6,  7,     7,  2,     2, 10,   1673, 6.1e-5
    - 7 :   3, 10, 1004,    4,  9,     8,  2,     3,  7,   1747, 6.3e-5
    - 8 :   3, 10,  990,    5,  8,     7,  2,     3,  7,   2119, 6.3e-5
    - 9 :   3, 10,  985,    5,  8,     7,  2,     4,  6,   2805, 6.2e-5
    - 10:   3, 10,  994,    6,  7,     8,  2,     4,  6,   3345, 6.2e-5
    - 11:   3, 10, 1022,    7,  6,    16,  1,     4,  6,   3966, 6.3e-5
    - 12:   3, 10,  972,    8,  5,    15,  1,     5,  5,   5455, 6.2e-5
    - 13:   3, 10,  970,    8,  5,    15,  1,     7,  4,   7595, 6.2e-5
    - 14:   3, 10,  966,   11,  4,    15,  1,     7,  4,  10282, 6.2e-5
    - 15:   3, 10, 1004,   15,  3,    16,  1,     7,  4,  14138, 6.3e-5
    - 16:   3, 10,  982,   21,  2,    15,  1,    10,  3,  27721, 6.2e-5
    - 17:   3, 10,  994,   22,  2,    15,  1,    15,  2,  43723, 6.3e-5
    - 18:   3, 10, 1023,   45,  1,    16,  1,    33,  1, 197539, 6.3e-5
    # no solution starting from log norm2 = 19

  - 2: # bits
    -ln2:   k,  N,    n, br_l,br_b, ks_l,ks_b, cb_l,cb_b,  cost, p_error
    - 0 :   3, 10,  999,    5,  8,     7,  2,     1, 14,   1809, 6.2e-5
    - 1 :   3, 10,  966,    3, 12,     7,  2,     2,  8,   2001, 6.0e-5
    - 2 :   3, 10, 1007,    3, 12,     7,  2,     2,  8,   2049, 6.3e-5
    - 3 :   3, 10,  973,    4,  9,     7,  2,     2,  9,   2582, 6.1e-5
    - 4 :   3, 10, 1005,    3, 12,    15,  1,     3,  6,   3013, 6.3e-5
    - 5 :   3, 10,  975,    4,  9,     7,  2,     3,  7,   3703, 6.2e-5
    - 6 :   3, 10,  971,    5,  8,     7,  2,     3,  7,   4525, 6.1e-5
    - 7 :   3, 10,  995,    6,  7,     7,  2,     3,  7,   5424, 6.3e-5
    - 8 :   3, 10,  972,    6,  7,     7,  2,     4,  6,   6990, 6.3e-5
    - 9 :   3, 10,  980,    7,  6,     7,  2,     4,  6,   8112, 6.2e-5
    - 10:   3, 10,  969,    7,  6,    14,  1,     5,  5,  10033, 6.2e-5
    - 11:   3, 10,  972,    7,  6,    15,  1,     7,  4,  13840, 6.3e-5
    - 12:   3, 10,  994,    9,  5,    15,  1,     7,  4,  17757, 6.3e-5
    - 13:   3, 10,  965,   14,  3,    15,  1,     7,  4,  26787, 6.3e-5
    - 14:   3, 10,  974,   14,  3,    15,  1,    10,  3,  38003, 6.2e-5
    - 15:   3, 10, 1001,   22,  2,    15,  1,    10,  3,  59876, 6.3e-5
    - 16:   3, 10,  980,   44,  1,    15,  1,    16,  2, 186371, 6.3e-5
    # no solution starting from log norm2 = 17

  - 3: # bits
    -ln2:   k,  N,    n, br_l,br_b, ks_l,ks_b, cb_l,cb_b,  cost, p_error
    - 0 :   3, 10,  970,    3, 12,     7,  2,     2,  8,   3115, 6.1e-5
    - 1 :   3, 10,  963,    4,  9,     7,  2,     2,  9,   3985, 6.3e-5
    - 2 :   3, 10,  983,    4,  9,     7,  2,     2,  9,   4032, 6.3e-5
    - 3 :   3, 10, 1012,    5,  8,     8,  2,     2,  9,   5024, 6.3e-5
    - 4 :   3, 10,  988,    4,  9,     7,  2,     3,  7,   5731, 6.3e-5
    - 5 :   3, 10,  979,    5,  8,     7,  2,     3,  7,   6982, 6.2e-5
    - 6 :   3, 10,  976,    5,  8,     7,  2,     4,  6,   9035, 6.2e-5
    - 7 :   3, 10,  982,    6,  7,     7,  2,     4,  6,  10734, 6.3e-5
    - 8 :   3, 10,  977,    7,  6,    15,  1,     4,  6,  12509, 6.3e-5
    - 9 :   3, 10,  994,    7,  6,    15,  1,     5,  5,  15486, 6.3e-5
    - 10:   3, 10,  962,    8,  5,    14,  1,     7,  4,  23666, 6.3e-5
    - 11:   3, 10,  982,    8,  5,    15,  1,     9,  3,  30397, 6.2e-5
    - 12:   3, 10,  989,   14,  3,    15,  1,     7,  4,  41081, 6.3e-5
    - 13:   3, 10,  986,   15,  3,    15,  1,    10,  3,  61769, 6.3e-5
    - 14:   3, 10,  971,   22,  2,    15,  1,    15,  2, 132371, 6.3e-5
    - 15:   3, 10,  995,   44,  1,    15,  1,    31,  1, 542809, 6.3e-5
    # no solution starting from log norm2 = 16

  - 4: # bits
    -ln2:   k,  N,    n, br_l,br_b, ks_l,ks_b, cb_l,cb_b,  cost, p_error
    - 0 :   3, 10,  986,    3, 12,     7,  2,     2,  8,   6074, 6.3e-5
    - 1 :   3, 10,  969,    4,  9,     7,  2,     2,  9,   7730, 6.1e-5
    - 2 :   3, 10,  998,    3, 12,     7,  2,     3,  6,   8724, 6.2e-5
    - 3 :   3, 10,  970,    4,  9,     7,  2,     3,  7,  11079, 6.2e-5
    - 4 :   3, 10, 1020,    7,  6,     8,  2,     2, 10,  13273, 6.3e-5
    - 5 :   3, 10, 1008,    5,  8,    15,  1,     3,  7,  14130, 6.3e-5
    - 6 :   3, 10, 1010,    5,  8,     8,  2,     4,  6,  18095, 6.3e-5
    - 7 :   3, 10,  973,    7,  6,     7,  2,     4,  6,  24251, 6.3e-5
    - 8 :   3, 10,  992,    8,  5,    15,  1,     4,  6,  28066, 6.2e-5
    - 9 :   3, 10,  982,    9,  5,    15,  1,     5,  5,  38456, 6.2e-5
    - 10:   3, 10, 1015,    8,  5,    16,  1,     7,  4,  48157, 6.3e-5
    - 11:   3, 10,  992,   11,  4,    15,  1,     7,  4,  64503, 6.3e-5
    - 12:   3, 10,  963,   14,  3,    15,  1,    10,  3, 113405, 6.1e-5
    - 13:   3, 10,  998,   14,  3,    15,  1,    15,  2, 171435, 6.3e-5
    - 14:   3, 10,  990,   44,  1,    15,  1,    15,  2, 527126, 6.3e-5
    # no solution starting from log norm2 = 15

  - 5: # bits
    -ln2:   k,  N,    n, br_l,br_b, ks_l,ks_b, cb_l,cb_b,  cost, p_error
    - 0 :   3, 10,  986,    3, 12,     7,  2,     2,  8,   6074, 6.3e-5
    - 1 :   3, 10,  969,    4,  9,     7,  2,     2,  9,   7730, 6.1e-5
    - 2 :   3, 10,  998,    3, 12,     7,  2,     3,  6,   8724, 6.2e-5
    - 3 :   3, 10,  970,    4,  9,     7,  2,     3,  7,  11079, 6.2e-5
    - 4 :   3, 10, 1020,    7,  6,     8,  2,     2, 10,  13273, 6.3e-5
    - 5 :   3, 10, 1008,    5,  8,    15,  1,     3,  7,  14130, 6.3e-5
    - 6 :   3, 10, 1010,    5,  8,     8,  2,     4,  6,  18095, 6.3e-5
    - 7 :   3, 10,  973,    7,  6,     7,  2,     4,  6,  24251, 6.3e-5
    - 8 :   3, 10,  992,    8,  5,    15,  1,     4,  6,  28066, 6.2e-5
    - 9 :   3, 10,  982,    9,  5,    15,  1,     5,  5,  38456, 6.2e-5
    - 10:   3, 10, 1015,    8,  5,    16,  1,     7,  4,  48157, 6.3e-5
    - 11:   3, 10,  992,   11,  4,    15,  1,     7,  4,  64503, 6.3e-5
    - 12:   3, 10,  963,   14,  3,    15,  1,    10,  3, 113405, 6.1e-5
    - 13:   3, 10,  998,   14,  3,    15,  1,    15,  2, 171435, 6.3e-5
    - 14:   3, 10,  990,   44,  1,    15,  1,    15,  2, 527126, 6.3e-5
    # no solution starting from log norm2 = 15

  - 6: # bits
    -ln2:   k,  N,    n, br_l,br_b, ks_l,ks_b, cb_l,cb_b,  cost, p_error
    - 0 :   3, 10,  995,    3, 12,     7,  2,     2,  8,   7232, 6.2e-5
    - 1 :   3, 10,  971,    4,  9,     7,  2,     2,  9,   9163, 6.1e-5
    - 2 :   3, 10, 1006,    3, 12,     8,  2,     3,  6,  10375, 6.3e-5
    - 3 :   3, 10,  972,    4,  9,     7,  2,     3,  7,  13074, 6.3e-5
    - 4 :   3, 10,  969,    5,  8,     7,  2,     3,  7,  15985, 6.2e-5
    - 5 :   3, 10,  988,    6,  7,     7,  2,     3,  7,  19110, 6.2e-5
    - 6 :   3, 10,  970,    6,  7,     7,  2,     4,  6,  24633, 6.3e-5
    - 7 :   3, 10,  976,    7,  6,     7,  2,     4,  6,  28557, 6.3e-5
    - 8 :   3, 10,  964,    7,  6,    14,  1,     5,  5,  35246, 6.3e-5
    - 9 :   3, 10, 1000,    9,  5,    15,  1,     5,  5,  45557, 6.3e-5
    - 10:   3, 10,  980,    9,  5,    15,  1,     7,  4,  62004, 6.3e-5
    - 11:   3, 10,  962,   14,  3,    15,  1,     7,  4,  94035, 6.1e-5
    - 12:   3, 10,  968,   14,  3,    15,  1,    10,  3, 133045, 6.2e-5
    - 13:   3, 10,  984,   22,  2,    15,  1,    10,  3, 208549, 6.2e-5
    - 14:   3, 10, 1010,   45,  1,    16,  1,    15,  2, 636059, 6.3e-5
    # no solution starting from log norm2 = 15

  - 7: # bits
    -ln2:   k,  N,    n, br_l,br_b, ks_l,ks_b, cb_l,cb_b,  cost, p_error
    - 0 :   3, 10, 1007,    3, 12,     7,  2,     2,  8,   8418, 6.3e-5
    - 1 :   3, 10,  973,    4,  9,     7,  2,     2,  9,  10600, 6.1e-5
    - 2 :   3, 10, 1005,    3, 12,    15,  1,     3,  6,  12275, 6.3e-5
    - 3 :   3, 10,  975,    4,  9,     7,  2,     3,  7,  15083, 6.2e-5
    - 4 :   3, 10,  971,    5,  8,     7,  2,     3,  7,  18428, 6.1e-5
    - 5 :   3, 10,  995,    6,  7,     7,  2,     3,  7,  22089, 6.3e-5
    - 6 :   3, 10,  972,    6,  7,     7,  2,     4,  6,  28346, 6.3e-5
    - 7 :   3, 10,  980,    7,  6,     7,  2,     4,  6,  32895, 6.2e-5
    - 8 :   3, 10,  969,    7,  6,    14,  1,     5,  5,  40574, 6.2e-5
    - 9 :   3, 10,  972,    7,  6,    15,  1,     7,  4,  55801, 6.3e-5
    - 10:   3, 10,  994,    9,  5,    15,  1,     7,  4,  71598, 6.3e-5
    - 11:   3, 10,  965,   14,  3,    15,  1,     7,  4, 107984, 6.3e-5
    - 12:   3, 10,  974,   14,  3,    15,  1,    10,  3, 152854, 6.2e-5
    - 13:   3, 10, 1001,   22,  2,    15,  1,    10,  3, 240840, 6.3e-5
    - 14:   3, 10,  980,   44,  1,    15,  1,    16,  2, 748053, 6.3e-5
    # no solution starting from log norm2 = 15

  - 8: # bits
    -ln2:   k,  N,    n, br_l,br_b, ks_l,ks_b, cb_l,cb_b,  cost, p_error
    - 0 :   3, 10, 1013,    3, 12,     8,  2,     2,  8,   9640, 6.3e-5
    - 1 :   3, 10,  975,    4,  9,     7,  2,     2,  9,  12041, 6.2e-5
    - 2 :   3, 10,  992,    5,  8,     7,  2,     2, 10,  14852, 6.2e-5
    - 3 :   3, 10,  978,    4,  9,     7,  2,     3,  7,  17098, 6.1e-5
    - 4 :   3, 10,  973,    5,  8,     7,  2,     3,  7,  20877, 6.1e-5
    - 5 :   3, 10, 1000,    6,  7,     8,  2,     3,  7,  25118, 6.2e-5
    - 6 :   3, 10,  975,    6,  7,     7,  2,     4,  6,  32084, 6.1e-5
    - 7 :   3, 10,  984,    7,  6,     7,  2,     4,  6,  37251, 6.3e-5
    - 8 :   3, 10,  971,    7,  6,    15,  1,     5,  5,  45909, 6.3e-5
    - 9 :   3, 10,  979,    7,  6,    15,  1,     7,  4,  63166, 6.3e-5
    - 10:   3, 10,  991,   10,  4,    15,  1,     7,  4,  89185, 6.3e-5
    - 11:   3, 10,  970,   14,  3,    15,  1,     7,  4, 122097, 6.2e-5
    - 12:   3, 10,  981,   14,  3,    15,  1,    10,  3, 172861, 6.3e-5
    - 13:   3, 10,  983,   21,  2,    15,  1,    15,  2, 381530, 6.2e-5
    - 14:   3, 10,  992,   44,  1,    15,  1,    16,  2, 847251, 6.3e-5
    # no solution starting from log norm2 = 15

  - 9: # bits
    -ln2:   k,  N,    n, br_l,br_b, ks_l,ks_b, cb_l,cb_b,  cost, p_error
    - 0 :   3, 10,  978,    4,  9,     7,  2,     2,  9,  13492, 6.1e-5
    - 1 :   3, 10, 1000,    5,  8,     7,  2,     2,  9,  16689, 6.2e-5
    - 2 :   3, 10,  981,    4,  9,     7,  2,     3,  7,  19120, 6.2e-5
    - 3 :   3, 10,  975,    5,  8,     7,  2,     3,  7,  23331, 6.1e-5
    - 4 :   3, 10, 1010,    6,  7,     8,  2,     3,  7,  28191, 6.3e-5
    - 5 :   3, 10,  977,    6,  7,     7,  2,     4,  6,  35815, 6.2e-5
    - 6 :   3, 10,  968,    7,  6,    15,  1,     4,  6,  41646, 6.3e-5
    - 7 :   3, 10,  977,    7,  6,    15,  1,     5,  5,  51317, 6.2e-5
    - 8 :   3, 10,  989,    7,  6,    15,  1,     7,  4,  70690, 6.3e-5
    - 9 :   3, 10, 1012,   10,  4,    16,  1,     7,  4, 100397, 6.3e-5
    - 10:   3, 10,  975,   14,  3,    15,  1,     7,  4, 136279, 6.2e-5
    - 11:   3, 10,  992,   14,  3,    15,  1,    10,  3, 193376, 6.3e-5
    - 12:   3, 10,  995,   21,  2,    15,  1,    15,  2, 426749, 6.3e-5
    - 13:   3, 10, 1015,   44,  1,    16,  1,    16,  2, 952404, 6.3e-5
    # no solution starting from log norm2 = 14

  - 10: # bits
    -ln2:   k,  N,    n, br_l,br_b, ks_l,ks_b, cb_l,cb_b,  cost, p_error
    - 0 :   3, 10,  980,    4,  9,     7,  2,     2,  9,  14941, 6.3e-5
    - 1 :   3, 10, 1002,    5,  8,     8,  2,     2,  9,  18544, 6.3e-5
    - 2 :   3, 10,  984,    4,  9,     7,  2,     3,  7,  21150, 6.3e-5
    - 3 :   3, 10,  977,    5,  8,     7,  2,     3,  7,  25791, 6.1e-5
    - 4 :   3, 10, 1005,    6,  7,    15,  1,     3,  7,  31500, 6.3e-5
    - 5 :   3, 10,  980,    6,  7,     7,  2,     4,  6,  39575, 6.1e-5
    - 6 :   3, 10,  972,    7,  6,    15,  1,     4,  6,  46040, 6.3e-5
    - 7 :   3, 10,  984,    7,  6,    15,  1,     5,  5,  56788, 6.3e-5
    - 8 :   3, 10, 1004,    7,  6,    16,  1,     7,  4,  78550, 6.3e-5
    - 9 :   3, 10,  976,    8,  5,    15,  1,     9,  3, 111458, 6.2e-5
    - 10:   3, 10,  981,   14,  3,    15,  1,     7,  4, 150605, 6.3e-5
    - 11:   3, 10, 1011,   14,  3,    16,  1,    10,  3, 214990, 6.3e-5
    - 12:   3, 10, 1018,   21,  2,    16,  1,    15,  2, 474959, 6.3e-5
    - 13:   3, 10,  985,   44,  1,    15,  1,    31,  1, 1982884, 6.2e-5
    # no solution starting from log norm2 = 14

  - 11: # bits
    -ln2:   k,  N,    n, br_l,br_b, ks_l,ks_b, cb_l,cb_b,  cost, p_error
    - 0 :   3, 10,  983,    4,  9,     7,  2,     2,  9,  16402, 6.3e-5
    - 1 :   3, 10, 1012,    5,  8,     8,  2,     2,  9,  20439, 6.3e-5
    - 2 :   3, 10,  988,    4,  9,     7,  2,     3,  7,  23199, 6.3e-5
    - 3 :   3, 10,  979,    5,  8,     7,  2,     3,  7,  28257, 6.2e-5
    - 4 :   3, 10,  976,    5,  8,     7,  2,     4,  6,  36469, 6.2e-5
    - 5 :   3, 10,  982,    6,  7,     7,  2,     4,  6,  43324, 6.3e-5
    - 6 :   3, 10,  977,    7,  6,    15,  1,     4,  6,  50480, 6.3e-5
    - 7 :   3, 10,  994,    7,  6,    15,  1,     5,  5,  62396, 6.3e-5
    - 8 :   3, 10,  962,    8,  5,    14,  1,     7,  4,  95156, 6.3e-5
    - 9 :   3, 10,  982,    8,  5,    15,  1,     9,  3, 122093, 6.2e-5
    - 10:   3, 10,  989,   14,  3,    15,  1,     7,  4, 165178, 6.3e-5
    - 11:   3, 10,  986,   15,  3,    15,  1,    10,  3, 247988, 6.3e-5
    - 12:   3, 10,  971,   22,  2,    15,  1,    15,  2, 530777, 6.3e-5
    - 13:   3, 10,  995,   44,  1,    15,  1,    31,  1, 2173847, 6.3e-5
    # no solution starting from log norm2 = 14

  - 12: # bits
    -ln2:   k,  N,    n, br_l,br_b, ks_l,ks_b, cb_l,cb_b,  cost, p_error
    - 0 :   3, 10,  983,    4,  9,     7,  2,     2,  9,  16402, 6.3e-5
    - 1 :   3, 10, 1012,    5,  8,     8,  2,     2,  9,  20439, 6.3e-5
    - 2 :   3, 10,  988,    4,  9,     7,  2,     3,  7,  23199, 6.3e-5
    - 3 :   3, 10,  979,    5,  8,     7,  2,     3,  7,  28257, 6.2e-5
    - 4 :   3, 10,  976,    5,  8,     7,  2,     4,  6,  36469, 6.2e-5
    - 5 :   3, 10,  982,    6,  7,     7,  2,     4,  6,  43324, 6.3e-5
    - 6 :   3, 10,  977,    7,  6,    15,  1,     4,  6,  50480, 6.3e-5
    - 7 :   3, 10,  994,    7,  6,    15,  1,     5,  5,  62396, 6.3e-5
    - 8 :   3, 10,  962,    8,  5,    14,  1,     7,  4,  95156, 6.3e-5
    - 9 :   3, 10,  982,    8,  5,    15,  1,     9,  3, 122093, 6.2e-5
    - 10:   3, 10,  989,   14,  3,    15,  1,     7,  4, 165178, 6.3e-5
    - 11:   3, 10,  986,   15,  3,    15,  1,    10,  3, 247988, 6.3e-5
    - 12:   3, 10,  971,   22,  2,    15,  1,    15,  2, 530777, 6.3e-5
    - 13:   3, 10,  995,   44,  1,    15,  1,    31,  1, 2173847, 6.3e-5
    # no solution starting from log norm2 = 14

  - 13: # bits
    -ln2:   k,  N,    n, br_l,br_b, ks_l,ks_b, cb_l,cb_b,  cost, p_error
    - 0 :   3, 10, 1000,    4,  9,     7,  2,     2,  9,  22092, 6.2e-5
    - 1 :   3, 10,  966,    4,  9,     7,  2,     3,  7,  30557, 6.1e-5
    - 2 :   3, 10, 1004,    4,  9,     8,  2,     3,  7,  31308, 6.3e-5
    - 3 :   3, 10,  990,    5,  8,     7,  2,     3,  7,  37910, 6.3e-5
    - 4 :   3, 10,  985,    5,  8,     7,  2,     4,  6,  48868, 6.2e-5
    - 5 :   3, 10,  994,    6,  7,     8,  2,     4,  6,  58234, 6.2e-5
    - 6 :   3, 10, 1022,    7,  6,    16,  1,     4,  6,  69024, 6.3e-5
    - 7 :   3, 10,  972,    8,  5,    15,  1,     5,  5,  93258, 6.2e-5
    - 8 :   3, 10,  970,    8,  5,    15,  1,     7,  4, 127496, 6.2e-5
    - 9 :   3, 10,  966,   11,  4,    15,  1,     7,  4, 172496, 6.2e-5
    - 10:   3, 10, 1004,   15,  3,    16,  1,     7,  4, 237334, 6.3e-5
    - 11:   3, 10,  967,   14,  3,    15,  1,    15,  2, 453845, 6.3e-5
    - 12:   3, 10,  994,   22,  2,    15,  1,    15,  2, 715480, 6.3e-5
    - 13:   3, 10, 1023,   45,  1,    16,  1,    33,  1, 3193572, 6.3e-5
    # no solution starting from log norm2 = 14

  - 14: # bits
    -ln2:   k,  N,    n, br_l,br_b, ks_l,ks_b, cb_l,cb_b,  cost, p_error
    - 0 :   3, 10, 1000,    4,  9,     7,  2,     2,  9,  22092, 6.2e-5
    - 1 :   3, 10,  966,    4,  9,     7,  2,     3,  7,  30557, 6.1e-5
    - 2 :   3, 10, 1004,    4,  9,     8,  2,     3,  7,  31308, 6.3e-5
    - 3 :   3, 10,  990,    5,  8,     7,  2,     3,  7,  37910, 6.3e-5
    - 4 :   3, 10,  985,    5,  8,     7,  2,     4,  6,  48868, 6.2e-5
    - 5 :   3, 10,  994,    6,  7,     8,  2,     4,  6,  58234, 6.2e-5
    - 6 :   3, 10, 1022,    7,  6,    16,  1,     4,  6,  69024, 6.3e-5
    - 7 :   3, 10,  972,    8,  5,    15,  1,     5,  5,  93258, 6.2e-5
    - 8 :   3, 10,  970,    8,  5,    15,  1,     7,  4, 127496, 6.2e-5
    - 9 :   3, 10,  966,   11,  4,    15,  1,     7,  4, 172496, 6.2e-5
    - 10:   3, 10, 1004,   15,  3,    16,  1,     7,  4, 237334, 6.3e-5
    - 11:   3, 10,  967,   14,  3,    15,  1,    15,  2, 453845, 6.3e-5
    - 12:   3, 10,  994,   22,  2,    15,  1,    15,  2, 715480, 6.3e-5
    - 13:   3, 10, 1023,   45,  1,    16,  1,    33,  1, 3193572, 6.3e-5
    # no solution starting from log norm2 = 14

  - 15: # bits
    -ln2:   k,  N,    n, br_l,br_b, ks_l,ks_b, cb_l,cb_b,  cost, p_error
    - 0 :   3, 10, 1000,    4,  9,     7,  2,     2,  9,  22092, 6.2e-5
    - 1 :   3, 10,  966,    4,  9,     7,  2,     3,  7,  30557, 6.1e-5
    - 2 :   3, 10, 1004,    4,  9,     8,  2,     3,  7,  31308, 6.3e-5
    - 3 :   3, 10,  990,    5,  8,     7,  2,     3,  7,  37910, 6.3e-5
    - 4 :   3, 10,  985,    5,  8,     7,  2,     4,  6,  48868, 6.2e-5
    - 5 :   3, 10,  994,    6,  7,     8,  2,     4,  6,  58234, 6.2e-5
    - 6 :   3, 10, 1022,    7,  6,    16,  1,     4,  6,  69024, 6.3e-5
    - 7 :   3, 10,  972,    8,  5,    15,  1,     5,  5,  93258, 6.2e-5
    - 8 :   3, 10,  970,    8,  5,    15,  1,     7,  4, 127496, 6.2e-5
    - 9 :   3, 10,  966,   11,  4,    15,  1,     7,  4, 172496, 6.2e-5
    - 10:   3, 10, 1004,   15,  3,    16,  1,     7,  4, 237334, 6.3e-5
    - 11:   3, 10,  967,   14,  3,    15,  1,    15,  2, 453845, 6.3e-5
    - 12:   3, 10,  994,   22,  2,    15,  1,    15,  2, 715480, 6.3e-5
    - 13:   3, 10, 1023,   45,  1,    16,  1,    33,  1, 3193572, 6.3e-5
    # no solution starting from log norm2 = 14

  - 16: # bits
    -ln2:   k,  N,    n, br_l,br_b, ks_l,ks_b, cb_l,cb_b,  cost, p_error
    - 0 :   3, 10, 1005,    4,  9,     8,  2,     2,  9,  24907, 6.2e-5
    - 1 :   3, 10,  967,    4,  9,     7,  2,     3,  7,  34282, 6.1e-5
    - 2 :   3, 10, 1024,    4,  9,     8,  2,     3,  7,  35491, 6.3e-5
    - 3 :   3, 10,  998,    5,  8,     7,  2,     3,  7,  42689, 6.3e-5
    - 4 :   3, 10,  990,    5,  8,     7,  2,     4,  6,  54983, 6.3e-5
    - 5 :   3, 10, 1003,    6,  7,     8,  2,     4,  6,  65652, 6.2e-5
    - 6 :   3, 10, 1019,    6,  7,    16,  1,     5,  5,  82090, 6.3e-5
    - 7 :   3, 10,  979,    8,  5,    15,  1,     5,  5, 105077, 6.2e-5
    - 8 :   3, 10,  976,    8,  5,    15,  1,     7,  4, 143662, 6.2e-5
    - 9 :   3, 10,  971,   11,  4,    15,  1,     7,  4, 194253, 6.2e-5
    - 10:   3, 10,  994,   11,  4,    15,  1,    10,  3, 276211, 6.3e-5
    - 11:   3, 10,  972,   14,  3,    15,  1,    15,  2, 511471, 6.3e-5
    - 12:   3, 10, 1022,   23,  2,    16,  1,    15,  2, 851440, 6.3e-5
    # no solution starting from log norm2 = 13
