security level: 144
target p_error: 6.3e-5
per precision and log norm2:

  - 1: # bits
    -ln2:   k,  N,    n, br_l,br_b, ks_l,ks_b, cb_l,cb_b,  cost, p_error
    - 0 :   2, 10,  843,    3, 11,     5,  3,     1, 12,    219, 6.2e-5
    - 1 :   2, 10,  806,    4,  9,     7,  2,     1, 13,    276, 6.2e-5
    - 2 :   2, 10,  814,    6,  7,     7,  2,     1, 14,    393, 6.2e-5
    - 3 :   2, 10,  784,    3, 11,     7,  2,     2,  8,    409, 5.8e-5
    - 4 :   1, 11,  794,    3, 11,     7,  2,     2,  8,    453, 6.2e-5
    - 5 :   2, 10,  804,    4,  9,     7,  2,     2,  9,    530, 6.2e-5
    - 6 :   1, 11,  794,    5,  8,     7,  2,     2,  9,    690, 6.2e-5
    - 7 :   2, 10,  829,    4,  9,     8,  2,     3,  7,    802, 6.3e-5
    - 8 :   2, 10,  806,    4,  9,     7,  2,     4,  5,   1039, 6.2e-5
    - 9 :   2, 10,  809,    7,  6,     7,  2,     3,  7,   1301, 6.3e-5
    - 10:   2, 10,  791,    7,  6,     7,  2,     4,  6,   1705, 6.0e-5
    - 11:   2, 10,  801,    8,  5,     7,  2,     4,  6,   1945, 6.2e-5
    - 12:   2, 10,  797,    8,  5,    14,  1,     5,  5,   2441, 6.3e-5
    - 13:   2, 10,  823,    8,  5,    15,  1,     7,  4,   3470, 6.3e-5
    - 14:   2, 10,  782,   10,  4,    14,  1,     9,  3,   5319, 6.2e-5
    - 15:   2, 10,  822,   14,  3,    15,  1,     9,  3,   7562, 6.3e-5
    - 16:   1, 11,  801,   21,  2,    15,  1,    10,  3,  12985, 6.2e-5
    - 17:   3, 10,  821,   21,  2,    15,  1,    15,  2,  38449, 6.2e-5
    - 18:   3, 10,  831,   44,  1,    15,  1,    16,  2,  85639, 6.3e-5
    # no solution starting from log norm2 = 19

  - 2: # bits
    -ln2:   k,  N,    n, br_l,br_b, ks_l,ks_b, cb_l,cb_b,  cost, p_error
    - 0 :   2, 10,  827,    2, 15,     7,  2,     2,  7,    710, 6.2e-5
    - 1 :   2, 10,  779,    3, 11,     7,  2,     2,  8,    936, 6.0e-5
    - 2 :   2, 10,  796,    3, 11,     7,  2,     2,  8,    950, 6.1e-5
    - 3 :   2, 10,  786,    4,  9,     7,  2,     2,  9,   1199, 5.9e-5
    - 4 :   2, 10,  808,    3, 11,     7,  2,     3,  6,   1355, 6.3e-5
    - 5 :   2, 10,  790,    4,  9,     7,  2,     3,  7,   1706, 6.1e-5
    - 6 :   2, 10,  794,    5,  8,     7,  2,     3,  7,   2083, 6.0e-5
    - 7 :   2, 10,  812,    6,  7,     7,  2,     3,  7,   2491, 6.1e-5
    - 8 :   2, 10,  811,    6,  7,     7,  2,     4,  6,   3229, 6.2e-5
    - 9 :   2, 10,  814,    7,  6,    15,  1,     4,  6,   3781, 6.3e-5
    - 10:   2, 10,  774,    8,  5,    14,  1,     5,  5,   5075, 6.2e-5
    - 11:   2, 10,  791,   10,  4,    14,  1,     5,  5,   6338, 6.2e-5
    - 12:   2, 10,  791,   10,  4,    14,  1,     7,  4,   8699, 6.3e-5
    - 13:   1, 11,  794,   10,  4,    15,  1,     9,  3,  11935, 6.3e-5
    - 14:   2, 10,  788,   14,  3,    15,  1,    14,  2,  23369, 6.3e-5
    - 15:   2, 10,  811,   21,  2,    15,  1,    15,  2,  37695, 6.3e-5
    - 16:   3, 10,  819,   22,  2,    15,  1,    16,  2,  86864, 6.3e-5
    # no solution starting from log norm2 = 17

  - 3: # bits
    -ln2:   k,  N,    n, br_l,br_b, ks_l,ks_b, cb_l,cb_b,  cost, p_error
    - 0 :   2, 10,  781,    3, 11,     7,  2,     2,  8,   1467, 6.2e-5
    - 1 :   2, 10,  821,    3, 11,     7,  2,     2,  8,   1520, 6.2e-5
    - 2 :   2, 10,  793,    4,  9,     7,  2,     2,  9,   1887, 6.2e-5
    - 3 :   2, 10,  813,    5,  8,     7,  2,     2,  9,   2331, 6.2e-5
    - 4 :   2, 10,  803,    4,  9,     7,  2,     3,  7,   2665, 6.2e-5
    - 5 :   2, 10,  813,    5,  8,     7,  2,     3,  7,   3271, 6.2e-5
    - 6 :   1, 11,  815,    6,  7,     7,  2,     3,  7,   4294, 6.3e-5
    - 7 :   1, 11,  798,    8,  5,    15,  1,     3,  7,   5546, 6.3e-5
    - 8 :   2, 10,  778,    8,  5,    14,  1,     4,  6,   6360, 6.2e-5
    - 9 :   2, 10,  783,    8,  5,    14,  1,     5,  5,   7809, 6.3e-5
    - 10:   1, 11,  783,   10,  4,    14,  1,     5,  5,  10436, 6.0e-5
    - 11:   1, 11,  796,   10,  4,    15,  1,     7,  4,  14376, 6.3e-5
    - 12:   2, 10,  792,   14,  3,    14,  1,     9,  3,  23141, 6.3e-5
    - 13:   1, 11,  781,   14,  3,    14,  1,    14,  2,  37470, 6.0e-5
    - 14:   3, 10,  817,   22,  2,    15,  1,    10,  3,  82590, 6.2e-5
    - 15:   3, 10,  832,   22,  2,    16,  1,    31,  1, 252922, 6.3e-5
    # no solution starting from log norm2 = 16

  - 4: # bits
    -ln2:   k,  N,    n, br_l,br_b, ks_l,ks_b, cb_l,cb_b,  cost, p_error
    - 0 :   2, 10,  789,    3, 11,     7,  2,     2,  8,   2833, 6.1e-5
    - 1 :   2, 10,  783,    4,  9,     7,  2,     2,  9,   3588, 5.9e-5
    - 2 :   2, 10,  795,    3, 11,     7,  2,     3,  6,   4022, 6.3e-5
    - 3 :   2, 10,  785,    4,  9,     7,  2,     3,  7,   5096, 6.3e-5
    - 4 :   2, 10,  788,    5,  8,     7,  2,     3,  7,   6220, 5.9e-5
    - 5 :   1, 11,  788,    4,  9,     7,  2,     4,  5,   7321, 6.0e-5
    - 6 :   1, 11,  793,    7,  6,     7,  2,     3,  7,   9306, 6.2e-5
    - 7 :   2, 10,  790,    7,  6,    14,  1,     4,  6,  11109, 6.2e-5
    - 8 :   2, 10,  825,    8,  5,    15,  1,     4,  6,  12932, 6.3e-5
    - 9 :   1, 11,  813,    8,  5,    15,  1,     5,  5,  17129, 6.3e-5
    - 10:   2, 10,  780,   10,  4,    14,  1,     7,  4,  25877, 6.3e-5
    - 11:   2, 10,  803,   10,  4,    15,  1,     9,  3,  33507, 6.2e-5
    - 12:   2, 10,  813,   14,  3,    15,  1,    10,  3,  51530, 6.2e-5
    - 13:   1, 11,  789,   21,  2,    14,  1,    14,  2, 110566, 6.2e-5
    - 14:   3, 10,  815,   22,  2,    15,  1,    15,  2, 244041, 6.3e-5
    - 15:   3, 10,  836,   44,  1,    16,  1,    32,  1, 1036357, 6.3e-5
    # no solution starting from log norm2 = 16

  - 5: # bits
    -ln2:   k,  N,    n, br_l,br_b, ks_l,ks_b, cb_l,cb_b,  cost, p_error
    - 0 :   2, 10,  789,    3, 11,     7,  2,     2,  8,   2833, 6.1e-5
    - 1 :   2, 10,  783,    4,  9,     7,  2,     2,  9,   3588, 5.9e-5
    - 2 :   2, 10,  795,    3, 11,     7,  2,     3,  6,   4022, 6.3e-5
    - 3 :   2, 10,  785,    4,  9,     7,  2,     3,  7,   5096, 6.3e-5
    - 4 :   2, 10,  788,    5,  8,     7,  2,     3,  7,   6220, 5.9e-5
    - 5 :   1, 11,  788,    4,  9,     7,  2,     4,  5,   7321, 6.0e-5
    - 6 :   1, 11,  793,    7,  6,     7,  2,     3,  7,   9306, 6.2e-5
    - 7 :   2, 10,  790,    7,  6,    14,  1,     4,  6,  11109, 6.2e-5
    - 8 :   2, 10,  825,    8,  5,    15,  1,     4,  6,  12932, 6.3e-5
    - 9 :   1, 11,  813,    8,  5,    15,  1,     5,  5,  17129, 6.3e-5
    - 10:   2, 10,  780,   10,  4,    14,  1,     7,  4,  25877, 6.3e-5
    - 11:   2, 10,  803,   10,  4,    15,  1,     9,  3,  33507, 6.2e-5
    - 12:   2, 10,  813,   14,  3,    15,  1,    10,  3,  51530, 6.2e-5
    - 13:   1, 11,  789,   21,  2,    14,  1,    14,  2, 110566, 6.2e-5
    - 14:   3, 10,  815,   22,  2,    15,  1,    15,  2, 244041, 6.3e-5
    - 15:   3, 10,  836,   44,  1,    16,  1,    32,  1, 1036357, 6.3e-5
    # no solution starting from log norm2 = 16

  - 6: # bits
    -ln2:   k,  N,    n, br_l,br_b, ks_l,ks_b, cb_l,cb_b,  cost, p_error
    - 0 :   2, 10,  792,    3, 11,     7,  2,     2,  8,   3376, 6.2e-5
    - 1 :   2, 10,  784,    4,  9,     7,  2,     2,  9,   4267, 6.2e-5
    - 2 :   2, 10,  801,    3, 11,     7,  2,     3,  6,   4779, 6.2e-5
    - 3 :   2, 10,  788,    4,  9,     7,  2,     3,  7,   6038, 5.9e-5
    - 4 :   2, 10,  790,    5,  8,     7,  2,     3,  7,   7363, 6.3e-5
    - 5 :   1, 11,  799,    4,  9,     7,  2,     4,  5,   8742, 6.1e-5
    - 6 :   1, 11,  795,    7,  6,    14,  1,     3,  7,  11202, 6.3e-5
    - 7 :   2, 10,  800,    7,  6,    14,  1,     4,  6,  13193, 6.3e-5
    - 8 :   1, 11,  801,    8,  5,    15,  1,     4,  6,  16335, 6.2e-5
    - 9 :   2, 10,  785,   10,  4,    14,  1,     5,  5,  22255, 6.2e-5
    - 10:   2, 10,  785,   10,  4,    14,  1,     7,  4,  30481, 6.3e-5
    - 11:   2, 10,  834,   10,  4,    16,  1,     9,  3,  40224, 6.3e-5
    - 12:   1, 11,  805,   14,  3,    15,  1,    10,  3,  64433, 6.2e-5
    - 13:   2, 10,  797,   21,  2,    15,  1,    15,  2, 130926, 6.3e-5
    - 14:   3, 10,  841,   22,  2,    16,  1,    15,  2, 289083, 6.3e-5
    # no solution starting from log norm2 = 15

  - 7: # bits
    -ln2:   k,  N,    n, br_l,br_b, ks_l,ks_b, cb_l,cb_b,  cost, p_error
    - 0 :   2, 10,  796,    3, 11,     7,  2,     2,  8,   3925, 6.1e-5
    - 1 :   2, 10,  786,    4,  9,     7,  2,     2,  9,   4951, 5.9e-5
    - 2 :   2, 10,  808,    3, 11,     7,  2,     3,  6,   5548, 6.3e-5
    - 3 :   2, 10,  790,    4,  9,     7,  2,     3,  7,   6979, 6.1e-5
    - 4 :   2, 10,  794,    5,  8,     7,  2,     3,  7,   8523, 6.0e-5
    - 5 :   2, 10,  812,    6,  7,     7,  2,     3,  7,  10193, 6.1e-5
    - 6 :   2, 10,  811,    6,  7,     7,  2,     4,  6,  13145, 6.2e-5
    - 7 :   2, 10,  814,    7,  6,    15,  1,     4,  6,  15384, 6.3e-5
    - 8 :   2, 10,  774,    8,  5,    14,  1,     5,  5,  20581, 6.2e-5
    - 9 :   2, 10,  791,   10,  4,    14,  1,     5,  5,  25705, 6.2e-5
    - 10:   2, 10,  791,   10,  4,    14,  1,     7,  4,  35149, 6.3e-5
    - 11:   1, 11,  794,   10,  4,    15,  1,     9,  3,  48212, 6.3e-5
    - 12:   2, 10,  788,   14,  3,    15,  1,    14,  2,  93956, 6.3e-5
    - 13:   2, 10,  811,   21,  2,    15,  1,    15,  2, 151505, 6.3e-5
    - 14:   3, 10,  819,   22,  2,    15,  1,    16,  2, 348550, 6.3e-5
    # no solution starting from log norm2 = 15

  - 8: # bits
    -ln2:   k,  N,    n, br_l,br_b, ks_l,ks_b, cb_l,cb_b,  cost, p_error
    - 0 :   2, 10,  800,    3, 11,     7,  2,     2,  8,   4478, 6.2e-5
    - 1 :   2, 10,  787,    4,  9,     7,  2,     2,  9,   5633, 6.3e-5
    - 2 :   2, 10,  819,    3, 11,     7,  2,     3,  6,   6347, 6.3e-5
    - 3 :   2, 10,  793,    4,  9,     7,  2,     3,  7,   7929, 6.0e-5
    - 4 :   2, 10,  797,    5,  8,     7,  2,     3,  7,   9684, 6.2e-5
    - 5 :   2, 10,  825,    6,  7,     7,  2,     3,  7,  11675, 6.3e-5
    - 6 :   2, 10,  806,    6,  7,    14,  1,     4,  6,  15011, 6.3e-5
    - 7 :   1, 11,  799,    7,  6,    14,  1,     4,  6,  18854, 6.3e-5
    - 8 :   2, 10,  776,    8,  5,    14,  1,     5,  5,  23296, 6.2e-5
    - 9 :   2, 10,  799,   10,  4,    14,  1,     5,  5,  29234, 6.2e-5
    - 10:   2, 10,  798,   10,  4,    15,  1,     7,  4,  39919, 6.2e-5
    - 11:   1, 11,  827,   10,  4,    15,  1,     9,  3,  56138, 6.3e-5
    - 12:   2, 10,  794,   14,  3,    15,  1,    14,  2, 106363, 6.3e-5
    - 13:   1, 11,  792,   21,  2,    14,  1,    15,  2, 179286, 6.2e-5
    - 14:   3, 10,  845,   22,  2,    16,  1,    16,  2, 397788, 6.3e-5
    # no solution starting from log norm2 = 15

  - 9: # bits
    -ln2:   k,  N,    n, br_l,br_b, ks_l,ks_b, cb_l,cb_b,  cost, p_error
    - 0 :   2, 10,  789,    4,  9,     7,  2,     2,  9,   6322, 6.2e-5
    - 1 :   2, 10,  833,    3, 11,     8,  2,     3,  6,   7212, 6.3e-5
    - 2 :   2, 10,  796,    4,  9,     7,  2,     3,  7,   8885, 6.0e-5
    - 3 :   2, 10,  801,    5,  8,     7,  2,     3,  7,  10859, 6.3e-5
    - 4 :   2, 10,  823,    6,  7,    15,  1,     3,  7,  13285, 6.3e-5
    - 5 :   2, 10,  821,    6,  7,    15,  1,     4,  6,  16991, 6.3e-5
    - 6 :   2, 10,  775,    8,  5,    14,  1,     4,  6,  21241, 6.0e-5
    - 7 :   2, 10,  778,    8,  5,    14,  1,     5,  5,  26020, 6.3e-5
    - 8 :   2, 10,  807,   10,  4,    15,  1,     5,  5,  32838, 6.3e-5
    - 9 :   2, 10,  808,   10,  4,    15,  1,     7,  4,  44819, 6.3e-5
    - 10:   1, 11,  806,   14,  3,    15,  1,     7,  4,  66600, 6.3e-5
    - 11:   2, 10,  802,   14,  3,    15,  1,    14,  2, 119060, 6.2e-5
    - 12:   1, 11,  812,   21,  2,    15,  1,    15,  2, 203318, 6.2e-5
    - 13:   3, 10,  828,   44,  1,    15,  1,    15,  2, 816926, 6.3e-5
    # no solution starting from log norm2 = 14

  - 10: # bits
    -ln2:   k,  N,    n, br_l,br_b, ks_l,ks_b, cb_l,cb_b,  cost, p_error
    - 0 :   2, 10,  791,    4,  9,     7,  2,     2,  9,   7013, 6.2e-5
    - 1 :   2, 10,  806,    5,  8,     7,  2,     2,  9,   8626, 6.3e-5
    - 2 :   2, 10,  799,    4,  9,     7,  2,     3,  7,   9846, 6.2e-5
    - 3 :   2, 10,  806,    5,  8,     7,  2,     3,  7,  12052, 6.3e-5
    - 4 :   2, 10,  825,    5,  8,     7,  2,     4,  6,  15718, 6.3e-5
    - 5 :   1, 11,  788,    8,  5,    14,  1,     3,  7,  20356, 6.3e-5
    - 6 :   2, 10,  776,    8,  5,    14,  1,     4,  6,  23468, 6.3e-5
    - 7 :   2, 10,  781,    8,  5,    14,  1,     5,  5,  28776, 6.0e-5
    - 8 :   2, 10,  825,   10,  4,    15,  1,     5,  5,  36742, 6.3e-5
    - 9 :   2, 10,  832,   10,  4,    16,  1,     7,  4,  50362, 6.3e-5
    - 10:   2, 10,  788,   14,  3,    14,  1,     9,  3,  84909, 6.2e-5
    - 11:   2, 10,  813,   14,  3,    15,  1,    14,  2, 132200, 6.3e-5
    - 12:   3, 10,  809,   22,  2,    15,  1,    10,  3, 302291, 6.3e-5
    - 13:   3, 10,  818,   22,  2,    15,  1,    31,  1, 921546, 6.3e-5
    # no solution starting from log norm2 = 14

  - 11: # bits
    -ln2:   k,  N,    n, br_l,br_b, ks_l,ks_b, cb_l,cb_b,  cost, p_error
    - 0 :   2, 10,  793,    4,  9,     7,  2,     2,  9,   7706, 6.2e-5
    - 1 :   2, 10,  813,    5,  8,     7,  2,     2,  9,   9519, 6.2e-5
    - 2 :   2, 10,  803,    4,  9,     7,  2,     3,  7,  10820, 6.2e-5
    - 3 :   2, 10,  813,    5,  8,     7,  2,     3,  7,  13277, 6.2e-5
    - 4 :   2, 10,  818,    5,  8,    15,  1,     4,  6,  17411, 6.3e-5
    - 5 :   1, 11,  798,    8,  5,    15,  1,     3,  7,  22573, 6.3e-5
    - 6 :   2, 10,  778,    8,  5,    14,  1,     4,  6,  25721, 6.2e-5
    - 7 :   2, 10,  783,    8,  5,    14,  1,     5,  5,  31520, 6.3e-5
    - 8 :   1, 11,  783,   10,  4,    14,  1,     5,  5,  42209, 6.0e-5
    - 9 :   1, 11,  796,   10,  4,    15,  1,     7,  4,  57977, 6.3e-5
    - 10:   2, 10,  792,   14,  3,    14,  1,     9,  3,  93045, 6.3e-5
    - 11:   1, 11,  781,   14,  3,    14,  1,    14,  2, 150515, 6.0e-5
    - 12:   3, 10,  817,   22,  2,    15,  1,    10,  3, 331449, 6.2e-5
    - 13:   3, 10,  832,   22,  2,    16,  1,    31,  1, 1012798, 6.3e-5
    # no solution starting from log norm2 = 14

  - 12: # bits
    -ln2:   k,  N,    n, br_l,br_b, ks_l,ks_b, cb_l,cb_b,  cost, p_error
    - 0 :   2, 10,  793,    4,  9,     7,  2,     2,  9,   7706, 6.2e-5
    - 1 :   2, 10,  813,    5,  8,     7,  2,     2,  9,   9519, 6.2e-5
    - 2 :   2, 10,  803,    4,  9,     7,  2,     3,  7,  10820, 6.2e-5
    - 3 :   2, 10,  813,    5,  8,     7,  2,     3,  7,  13277, 6.2e-5
    - 4 :   2, 10,  818,    5,  8,    15,  1,     4,  6,  17411, 6.3e-5
    - 5 :   1, 11,  798,    8,  5,    15,  1,     3,  7,  22573, 6.3e-5
    - 6 :   2, 10,  778,    8,  5,    14,  1,     4,  6,  25721, 6.2e-5
    - 7 :   2, 10,  783,    8,  5,    14,  1,     5,  5,  31520, 6.3e-5
    - 8 :   1, 11,  783,   10,  4,    14,  1,     5,  5,  42209, 6.0e-5
    - 9 :   1, 11,  796,   10,  4,    15,  1,     7,  4,  57977, 6.3e-5
    - 10:   2, 10,  792,   14,  3,    14,  1,     9,  3,  93045, 6.3e-5
    - 11:   1, 11,  781,   14,  3,    14,  1,    14,  2, 150515, 6.0e-5
    - 12:   3, 10,  817,   22,  2,    15,  1,    10,  3, 331449, 6.2e-5
    - 13:   3, 10,  832,   22,  2,    16,  1,    31,  1, 1012798, 6.3e-5
    # no solution starting from log norm2 = 14

  - 13: # bits
    -ln2:   k,  N,    n, br_l,br_b, ks_l,ks_b, cb_l,cb_b,  cost, p_error
    - 0 :   2, 10,  804,    4,  9,     7,  2,     2,  9,  10378, 6.2e-5
    - 1 :   1, 11,  794,    5,  8,     7,  2,     2,  9,  14107, 6.2e-5
    - 2 :   2, 10,  829,    4,  9,     8,  2,     3,  7,  14800, 6.3e-5
    - 3 :   2, 10,  806,    4,  9,     7,  2,     4,  5,  18539, 6.2e-5
    - 4 :   2, 10,  809,    7,  6,     7,  2,     3,  7,  23935, 6.3e-5
    - 5 :   2, 10,  777,    7,  6,    14,  1,     4,  6,  30312, 6.2e-5
    - 6 :   2, 10,  787,    8,  5,    14,  1,     4,  6,  34554, 6.1e-5
    - 7 :   2, 10,  797,    8,  5,    14,  1,     5,  5,  42509, 6.3e-5
    - 8 :   2, 10,  823,    8,  5,    15,  1,     7,  4,  59090, 6.3e-5
    - 9 :   2, 10,  782,   10,  4,    14,  1,     9,  3,  89267, 6.2e-5
    - 10:   2, 10,  822,   14,  3,    15,  1,     9,  3, 126987, 6.3e-5
    - 11:   1, 11,  794,   14,  3,    15,  1,    15,  2, 217161, 6.3e-5
    - 12:   3, 10,  821,   21,  2,    15,  1,    15,  2, 627755, 6.2e-5
    - 13:   3, 10,  831,   44,  1,    15,  1,    16,  2, 1396395, 6.3e-5
    # no solution starting from log norm2 = 14

  - 14: # bits
    -ln2:   k,  N,    n, br_l,br_b, ks_l,ks_b, cb_l,cb_b,  cost, p_error
    - 0 :   2, 10,  804,    4,  9,     7,  2,     2,  9,  10378, 6.2e-5
    - 1 :   1, 11,  794,    5,  8,     7,  2,     2,  9,  14107, 6.2e-5
    - 2 :   2, 10,  829,    4,  9,     8,  2,     3,  7,  14800, 6.3e-5
    - 3 :   2, 10,  806,    4,  9,     7,  2,     4,  5,  18539, 6.2e-5
    - 4 :   2, 10,  809,    7,  6,     7,  2,     3,  7,  23935, 6.3e-5
    - 5 :   2, 10,  777,    7,  6,    14,  1,     4,  6,  30312, 6.2e-5
    - 6 :   2, 10,  787,    8,  5,    14,  1,     4,  6,  34554, 6.1e-5
    - 7 :   2, 10,  797,    8,  5,    14,  1,     5,  5,  42509, 6.3e-5
    - 8 :   2, 10,  823,    8,  5,    15,  1,     7,  4,  59090, 6.3e-5
    - 9 :   2, 10,  782,   10,  4,    14,  1,     9,  3,  89267, 6.2e-5
    - 10:   2, 10,  822,   14,  3,    15,  1,     9,  3, 126987, 6.3e-5
    - 11:   1, 11,  794,   14,  3,    15,  1,    15,  2, 217161, 6.3e-5
    - 12:   3, 10,  821,   21,  2,    15,  1,    15,  2, 627755, 6.2e-5
    - 13:   3, 10,  831,   44,  1,    15,  1,    16,  2, 1396395, 6.3e-5
    # no solution starting from log norm2 = 14

  - 15: # bits
    -ln2:   k,  N,    n, br_l,br_b, ks_l,ks_b, cb_l,cb_b,  cost, p_error
    - 0 :   2, 10,  804,    4,  9,     7,  2,     2,  9,  10378, 6.2e-5
    - 1 :   1, 11,  794,    5,  8,     7,  2,     2,  9,  14107, 6.2e-5
    - 2 :   2, 10,  829,    4,  9,     8,  2,     3,  7,  14800, 6.3e-5
    - 3 :   2, 10,  806,    4,  9,     7,  2,     4,  5,  18539, 6.2e-5
    - 4 :   2, 10,  809,    7,  6,     7,  2,     3,  7,  23935, 6.3e-5
    - 5 :   2, 10,  777,    7,  6,    14,  1,     4,  6,  30312, 6.2e-5
    - 6 :   2, 10,  787,    8,  5,    14,  1,     4,  6,  34554, 6.1e-5
    - 7 :   2, 10,  797,    8,  5,    14,  1,     5,  5,  42509, 6.3e-5
    - 8 :   2, 10,  823,    8,  5,    15,  1,     7,  4,  59090, 6.3e-5
    - 9 :   2, 10,  782,   10,  4,    14,  1,     9,  3,  89267, 6.2e-5
    - 10:   2, 10,  822,   14,  3,    15,  1,     9,  3, 126987, 6.3e-5
    - 11:   1, 11,  794,   14,  3,    15,  1,    15,  2, 217161, 6.3e-5
    - 12:   3, 10,  821,   21,  2,    15,  1,    15,  2, 627755, 6.2e-5
    - 13:   3, 10,  831,   44,  1,    15,  1,    16,  2, 1396395, 6.3e-5
    # no solution starting from log norm2 = 14

  - 16: # bits
    -ln2:   k,  N,    n, br_l,br_b, ks_l,ks_b, cb_l,cb_b,  cost, p_error
    - 0 :   2, 10,  812,    4,  9,     7,  2,     2,  9,  11687, 6.2e-5
    - 1 :   2, 10,  783,    4,  9,     7,  2,     3,  7,  15897, 5.8e-5
    - 2 :   1, 11,  806,    4,  9,     7,  2,     3,  7,  18220, 6.1e-5
    - 3 :   2, 10,  815,    4,  9,     7,  2,     4,  5,  20950, 6.2e-5
    - 4 :   2, 10,  820,    7,  6,     7,  2,     3,  7,  27053, 6.2e-5
    - 5 :   2, 10,  780,    7,  6,    14,  1,     4,  6,  34079, 6.1e-5
    - 6 :   2, 10,  792,    8,  5,    14,  1,     4,  6,  38907, 6.3e-5
    - 7 :   2, 10,  807,    8,  5,    15,  1,     5,  5,  48139, 6.2e-5
    - 8 :   1, 11,  806,    8,  5,    15,  1,     7,  4,  71301, 6.2e-5
    - 9 :   2, 10,  786,   10,  4,    14,  1,     9,  3, 100603, 6.2e-5
    - 10:   1, 11,  782,   14,  3,    14,  1,     9,  3, 148331, 6.1e-5
    - 11:   1, 11,  832,   14,  3,    15,  1,    15,  2, 252800, 6.3e-5
    - 12:   3, 10,  850,   21,  2,    16,  1,    15,  2, 716372, 6.3e-5
    - 13:   3, 10,  815,   44,  1,    15,  1,    31,  1, 2990010, 6.2e-5
    # no solution starting from log norm2 = 14
