security level: 128
target p_error: 6.3e-5
per precision and log norm2:

  - 1: # bits
    -ln2:   k,  N,    n, br_l,br_b, ks_l,ks_b, cb_l,cb_b, pp_l,pp_b,  cost, p_error
    - 0 :   2, 10,  597,    2, 15,     3,  3,     1, 10,     1, 25,     99, 6.1e-5
    - 1 :   2, 10,  607,    2, 15,     3,  3,     1, 10,     1, 25,    100, 6.2e-5
    - 2 :   2, 10,  582,    2, 15,     5,  2,     1, 11,     2, 17,    126, 5.6e-5
    - 3 :   2, 10,  569,    3, 12,     5,  2,     1, 13,     2, 17,    147, 6.2e-5
    - 4 :   2, 10,  596,    3, 12,     5,  2,     1, 13,     2, 17,    152, 5.9e-5
    - 5 :   2, 10,  590,    4,  9,     5,  2,     1, 14,     2, 17,    175, 6.1e-5
    - 6 :   2, 10,  623,    5,  8,     6,  2,     1, 14,     3, 13,    234, 6.3e-5
    - 7 :   2, 10,  572,    3, 12,     5,  2,     2,  8,     2, 17,    285, 5.8e-5
    - 8 :   2, 10,  636,    3, 12,     6,  2,     2,  8,     2, 17,    308, 6.3e-5
    - 9 :   2, 10,  578,    4,  9,     5,  2,     2,  9,     2, 17,    334, 5.9e-5
    - 10:   2, 10,  620,    5,  8,     6,  2,     2, 10,     2, 17,    405, 6.3e-5
    - 11:   2, 10,  595,    6,  7,     5,  2,     2, 10,     3, 13,    487, 6.1e-5
    - 12:   2, 10,  584,    5,  8,     5,  2,     3,  7,     2, 17,    571, 5.6e-5
    - 13:   2, 10,  586,    6,  7,    11,  1,     3,  8,     3, 13,    731, 6.3e-5
    - 14:   2, 10,  624,    7,  6,    12,  1,     3,  8,     3, 13,    843, 6.3e-5
    - 15:   2, 10,  571,    7,  6,    10,  1,     4,  6,     3, 13,   1040, 5.9e-5
    - 16:   2, 10,  575,    7,  6,    10,  1,     5,  5,     3, 13,   1301, 6.1e-5
    - 17:   2, 10,  610,    8,  5,    11,  1,     6,  5,     3, 13,   1778, 6.3e-5
    - 18:   2, 10,  593,    9,  5,    11,  1,     7,  4,     3, 13,   2196, 6.0e-5
    - 19:   2, 10,  635,   11,  4,    12,  1,     7,  4,     5,  9,   3020, 6.3e-5
    - 20:   2, 10,  574,   14,  3,    11,  1,    10,  3,     4, 10,   4467, 5.8e-5
    - 21:   2, 10,  602,   22,  2,    11,  1,    10,  3,     4, 10,   6614, 6.2e-5
    - 22:   2, 10,  587,   44,  1,    11,  1,    16,  2,     4, 10,  18816, 6.2e-5
    # no solution starting from log norm2 = 23

  - 2: # bits
    -ln2:   k,  N,    n, br_l,br_b, ks_l,ks_b, cb_l,cb_b, pp_l,pp_b,  cost, p_error
    - 0 :   2, 10,  615,    3, 12,     5,  2,     1, 13,     2, 17,    406, 6.0e-5
    - 1 :   2, 10,  617,    3, 12,     6,  2,     1, 13,     2, 17,    412, 5.6e-5
    - 2 :   2, 10,  621,    2, 15,     6,  2,     2,  7,     1, 25,    480, 5.6e-5
    - 3 :   2, 10,  628,    5,  8,     6,  2,     1, 14,     2, 17,    572, 6.1e-5
    - 4 :   2, 10,  609,    3, 12,     6,  2,     2,  8,     2, 17,    694, 5.8e-5
    - 5 :   2, 10,  623,    3, 12,     6,  2,     2,  8,     2, 17,    705, 6.1e-5
    - 6 :   2, 10,  612,    4,  9,     6,  2,     2,  9,     2, 17,    822, 5.1e-5
    - 7 :   2, 10,  649,    4,  9,     6,  2,     2,  9,     2, 17,    860, 6.1e-5
    - 8 :   2, 10,  611,    4,  9,     6,  2,     3,  7,     2, 17,   1157, 5.8e-5
    - 9 :   2, 10,  643,    4,  9,     6,  2,     3,  7,     2, 17,   1202, 6.3e-5
    - 10:   2, 10,  635,    5,  8,     6,  2,     3,  7,     3, 13,   1517, 6.3e-5
    - 11:   2, 10,  669,    5,  8,     6,  2,     4,  6,     2, 17,   1845, 6.3e-5
    - 12:   2, 10,  618,    6,  7,    12,  1,     4,  6,     3, 13,   2183, 6.0e-5
    - 13:   2, 10,  623,    8,  5,    12,  1,     4,  6,     3, 13,   2656, 6.3e-5
    - 14:   2, 10,  631,    8,  5,    12,  1,     5,  5,     3, 13,   3282, 5.9e-5
    - 15:   2, 10,  616,    8,  5,    12,  1,     7,  4,     3, 13,   4398, 6.2e-5
    - 16:   2, 10,  630,   11,  4,    12,  1,     7,  4,     3, 13,   5637, 6.2e-5
    - 17:   2, 10,  675,   15,  3,    13,  1,     7,  4,     4, 10,   7971, 6.3e-5
    - 18:   2, 10,  664,   15,  3,    13,  1,    10,  3,     5,  9,  11500, 6.3e-5
    - 19:   2, 10,  621,   22,  2,    12,  1,    16,  2,     4, 10,  22289, 6.1e-5
    - 20:   2, 10,  660,   44,  1,    13,  1,    32,  1,     5,  9,  86564, 6.3e-5
    # no solution starting from log norm2 = 21

  - 3: # bits
    -ln2:   k,  N,    n, br_l,br_b, ks_l,ks_b, cb_l,cb_b, pp_l,pp_b,  cost, p_error
    - 0 :   2, 10,  688,    2, 15,     6,  2,     2,  7,     1, 25,    822, 6.0e-5
    - 1 :   2, 10,  729,    5,  8,     7,  2,     1, 14,     2, 17,   1069, 6.3e-5
    - 2 :   2, 10,  654,    3, 12,     6,  2,     2,  8,     2, 17,   1147, 6.1e-5
    - 3 :   2, 10,  692,    3, 12,     7,  2,     2,  8,     2, 17,   1205, 6.3e-5
    - 4 :   2, 10,  660,    4,  9,     6,  2,     2,  9,     2, 17,   1372, 5.6e-5
    - 5 :   2, 10,  687,    5,  8,     7,  2,     2,  9,     2, 17,   1649, 6.1e-5
    - 6 :   2, 10,  659,    4,  9,     6,  2,     3,  7,     2, 17,   1902, 5.8e-5
    - 7 :   2, 10,  664,    5,  8,     6,  2,     3,  7,     2, 17,   2213, 5.8e-5
    - 8 :   2, 10,  679,    6,  7,     7,  2,     3,  8,     3, 13,   2784, 6.0e-5
    - 9 :   2, 10,  703,    7,  6,     7,  2,     3,  8,     3, 13,   3176, 6.3e-5
    - 10:   2, 10,  652,    7,  6,    12,  1,     4,  6,     3, 13,   3873, 6.1e-5
    - 11:   2, 10,  654,    7,  6,    13,  1,     5,  5,     3, 13,   4733, 6.0e-5
    - 12:   2, 10,  682,    8,  5,    13,  1,     6,  5,     3, 13,   6318, 6.3e-5
    - 13:   2, 10,  670,    9,  5,    13,  1,     7,  4,     3, 13,   7803, 6.0e-5
    - 14:   2, 10,  692,   11,  4,    14,  1,     7,  4,     4, 10,   9827, 6.3e-5
    - 15:   2, 10,  655,   14,  3,    13,  1,    10,  3,     4, 10,  15697, 5.9e-5
    - 16:   2, 10,  675,   22,  2,    13,  1,    10,  3,     4, 10,  23175, 6.2e-5
    - 17:   2, 10,  665,   44,  1,    13,  1,    16,  2,     4, 10,  65796, 6.2e-5
    # no solution starting from log norm2 = 18

  - 4: # bits
    -ln2:   k,  N,    n, br_l,br_b, ks_l,ks_b, cb_l,cb_b, pp_l,pp_b,  cost, p_error
    - 0 :   2, 10,  687,    4,  9,     6,  2,     1, 14,     2, 17,   1599, 6.2e-5
    - 1 :   2, 10,  661,    2, 15,     6,  2,     3,  5,     1, 25,   2114, 6.0e-5
    - 2 :   2, 10,  649,    3, 12,     6,  2,     2,  8,     2, 17,   2181, 5.9e-5
    - 3 :   2, 10,  643,    4,  9,     6,  2,     2,  9,     2, 17,   2562, 5.3e-5
    - 4 :   2, 10,  659,    4,  9,     6,  2,     2,  9,     2, 17,   2611, 5.7e-5
    - 5 :   2, 10,  665,    5,  8,     6,  2,     2, 10,     3, 13,   3327, 6.3e-5
    - 6 :   2, 10,  657,    4,  9,     6,  2,     3,  7,     2, 17,   3667, 6.2e-5
    - 7 :   2, 10,  667,    5,  8,     6,  2,     3,  7,     2, 17,   4285, 6.3e-5
    - 8 :   2, 10,  662,    5,  8,     6,  2,     4,  6,     2, 17,   5491, 6.3e-5
    - 9 :   2, 10,  656,    8,  5,    13,  1,     3,  8,     3, 13,   6464, 5.8e-5
    - 10:   2, 10,  653,    7,  6,    13,  1,     4,  6,     3, 13,   7562, 6.3e-5
    - 11:   2, 10,  661,    7,  6,    13,  1,     5,  5,     3, 13,   9333, 6.3e-5
    - 12:   2, 10,  661,    7,  6,    13,  1,     7,  4,     3, 13,  12732, 6.3e-5
    - 13:   2, 10,  700,    9,  5,    14,  1,     7,  4,     4, 10,  16913, 6.3e-5
    - 14:   2, 10,  659,   14,  3,    13,  1,     7,  4,     4, 10,  22226, 6.0e-5
    - 15:   2, 10,  664,   14,  3,    13,  1,    10,  3,     4, 10,  31343, 6.1e-5
    - 16:   2, 10,  704,   22,  2,    14,  1,    11,  3,     5,  9,  53563, 6.3e-5
    - 17:   2, 10,  677,   44,  1,    13,  1,    16,  2,     5,  9, 134863, 6.2e-5
    # no solution starting from log norm2 = 18

  - 5: # bits
    -ln2:   k,  N,    n, br_l,br_b, ks_l,ks_b, cb_l,cb_b, pp_l,pp_b,  cost, p_error
    - 0 :   2, 10,  687,    4,  9,     6,  2,     1, 14,     2, 17,   1599, 6.2e-5
    - 1 :   2, 10,  661,    2, 15,     6,  2,     3,  5,     1, 25,   2114, 6.0e-5
    - 2 :   2, 10,  649,    3, 12,     6,  2,     2,  8,     2, 17,   2181, 5.9e-5
    - 3 :   2, 10,  643,    4,  9,     6,  2,     2,  9,     2, 17,   2562, 5.3e-5
    - 4 :   2, 10,  659,    4,  9,     6,  2,     2,  9,     2, 17,   2611, 5.7e-5
    - 5 :   2, 10,  665,    5,  8,     6,  2,     2, 10,     3, 13,   3327, 6.3e-5
    - 6 :   2, 10,  657,    4,  9,     6,  2,     3,  7,     2, 17,   3667, 6.2e-5
    - 7 :   2, 10,  667,    5,  8,     6,  2,     3,  7,     2, 17,   4285, 6.3e-5
    - 8 :   2, 10,  662,    5,  8,     6,  2,     4,  6,     2, 17,   5491, 6.3e-5
    - 9 :   2, 10,  656,    8,  5,    13,  1,     3,  8,     3, 13,   6464, 5.8e-5
    - 10:   2, 10,  653,    7,  6,    13,  1,     4,  6,     3, 13,   7562, 6.3e-5
    - 11:   2, 10,  661,    7,  6,    13,  1,     5,  5,     3, 13,   9333, 6.3e-5
    - 12:   2, 10,  661,    7,  6,    13,  1,     7,  4,     3, 13,  12732, 6.3e-5
    - 13:   2, 10,  700,    9,  5,    14,  1,     7,  4,     4, 10,  16913, 6.3e-5
    - 14:   2, 10,  659,   14,  3,    13,  1,     7,  4,     4, 10,  22226, 6.0e-5
    - 15:   2, 10,  664,   14,  3,    13,  1,    10,  3,     4, 10,  31343, 6.1e-5
    - 16:   2, 10,  704,   22,  2,    14,  1,    11,  3,     5,  9,  53563, 6.3e-5
    - 17:   2, 10,  677,   44,  1,    13,  1,    16,  2,     5,  9, 134863, 6.2e-5
    # no solution starting from log norm2 = 18

  - 6: # bits
    -ln2:   k,  N,    n, br_l,br_b, ks_l,ks_b, cb_l,cb_b, pp_l,pp_b,  cost, p_error
    - 0 :   2, 10,  712,    4,  9,     7,  2,     1, 14,     2, 17,   2011, 6.3e-5
    - 1 :   2, 10,  667,    2, 15,     6,  2,     3,  5,     1, 25,   2522, 6.3e-5
    - 2 :   2, 10,  651,    3, 12,     6,  2,     2,  8,     2, 17,   2601, 6.0e-5
    - 3 :   2, 10,  643,    4,  9,     6,  2,     2,  9,     2, 17,   3052, 6.2e-5
    - 4 :   2, 10,  664,    4,  9,     6,  2,     2,  9,     2, 17,   3129, 6.1e-5
    - 5 :   2, 10,  675,    5,  8,     6,  2,     2, 10,     3, 13,   4005, 6.2e-5
    - 6 :   2, 10,  662,    4,  9,     6,  2,     3,  7,     2, 17,   4369, 6.2e-5
    - 7 :   2, 10,  678,    5,  8,     6,  2,     3,  7,     2, 17,   5145, 6.1e-5
    - 8 :   2, 10,  670,    5,  8,     6,  2,     4,  6,     2, 17,   6546, 6.0e-5
    - 9 :   2, 10,  666,    8,  5,    13,  1,     3,  8,     3, 13,   7753, 6.0e-5
    - 10:   2, 10,  662,    7,  6,    13,  1,     4,  6,     3, 13,   9022, 5.9e-5
    - 11:   2, 10,  677,    7,  6,    13,  1,     5,  5,     3, 13,  11199, 6.2e-5
    - 12:   2, 10,  678,    7,  6,    13,  1,     7,  4,     3, 13,  15253, 6.2e-5
    - 13:   2, 10,  649,   11,  4,    13,  1,     7,  4,     3, 13,  20395, 5.9e-5
    - 14:   2, 10,  672,   14,  3,    13,  1,     7,  4,     4, 10,  26552, 6.0e-5
    - 15:   2, 10,  684,   14,  3,    14,  1,    10,  3,     4, 10,  37692, 6.3e-5
    - 16:   2, 10,  659,   22,  2,    13,  1,    15,  2,     4, 10,  77467, 5.9e-5
    - 17:   2, 10,  689,   45,  1,    14,  1,    16,  2,     6,  7, 166510, 6.3e-5
    # no solution starting from log norm2 = 18

  - 7: # bits
    -ln2:   k,  N,    n, br_l,br_b, ks_l,ks_b, cb_l,cb_b, pp_l,pp_b,  cost, p_error
    - 0 :   2, 10,  692,    2, 15,     6,  2,     2,  7,     2, 17,   2561, 6.2e-5
    - 1 :   2, 10,  652,    3, 12,     6,  2,     2,  8,     2, 17,   3019, 5.6e-5
    - 2 :   2, 10,  671,    3, 12,     6,  2,     2,  8,     2, 17,   3084, 6.0e-5
    - 3 :   2, 10,  655,    4,  9,     6,  2,     2,  9,     2, 17,   3593, 5.9e-5
    - 4 :   2, 10,  713,    4,  9,     7,  2,     2,  9,     2, 17,   3866, 6.3e-5
    - 5 :   2, 10,  655,    4,  9,     6,  2,     3,  7,     2, 17,   5007, 5.4e-5
    - 6 :   2, 10,  706,    4,  9,     7,  2,     3,  7,     2, 17,   5329, 6.2e-5
    - 7 :   2, 10,  687,    5,  8,     7,  2,     3,  7,     3, 13,   6611, 6.0e-5
    - 8 :   2, 10,  673,    7,  6,     6,  2,     3,  8,     3, 13,   8091, 6.0e-5
    - 9 :   2, 10,  667,    6,  7,    13,  1,     4,  6,     3, 13,   9450, 6.3e-5
    - 10:   2, 10,  673,    8,  5,    13,  1,     4,  6,     3, 13,  11557, 6.3e-5
    - 11:   2, 10,  686,    8,  5,    13,  1,     5,  5,     3, 13,  14290, 6.3e-5
    - 12:   2, 10,  665,    8,  5,    13,  1,     7,  4,     3, 13,  18931, 6.0e-5
    - 13:   2, 10,  686,   11,  4,    14,  1,     7,  4,     3, 13,  24571, 6.2e-5
    - 14:   2, 10,  671,   11,  4,    13,  1,    10,  3,     4, 10,  35540, 6.1e-5
    - 15:   2, 10,  680,   21,  2,    14,  1,    10,  3,     4, 10,  59642, 6.2e-5
    - 16:   2, 10,  673,   22,  2,    13,  1,    16,  2,     4, 10,  96240, 6.0e-5
    - 17:   2, 10,  708,   45,  1,    14,  1,    33,  1,     6,  7, 396044, 6.3e-5
    # no solution starting from log norm2 = 18

  - 8: # bits
    -ln2:   k,  N,    n, br_l,br_b, ks_l,ks_b, cb_l,cb_b, pp_l,pp_b,  cost, p_error
    - 0 :   2, 10,  697,    2, 15,     7,  2,     2,  7,     2, 17,   2950, 6.2e-5
    - 1 :   2, 10,  653,    3, 12,     6,  2,     2,  8,     2, 17,   3438, 5.1e-5
    - 2 :   2, 10,  676,    3, 12,     6,  2,     2,  8,     2, 17,   3529, 6.1e-5
    - 3 :   2, 10,  656,    4,  9,     6,  2,     2,  9,     2, 17,   4096, 6.0e-5
    - 4 :   2, 10,  674,    5,  8,     6,  2,     2,  9,     2, 17,   4848, 5.8e-5
    - 5 :   2, 10,  656,    4,  9,     6,  2,     3,  7,     2, 17,   5688, 5.5e-5
    - 6 :   2, 10,  659,    5,  8,     6,  2,     3,  7,     2, 17,   6600, 5.7e-5
    - 7 :   2, 10,  701,    5,  8,     7,  2,     3,  7,     3, 13,   7611, 6.2e-5
    - 8 :   2, 10,  663,    7,  6,    13,  1,     3,  8,     3, 13,   9239, 6.2e-5
    - 9 :   2, 10,  677,    6,  7,    13,  1,     4,  6,     3, 13,  10822, 6.1e-5
    - 10:   2, 10,  687,    8,  5,    13,  1,     4,  6,     3, 13,  13311, 6.2e-5
    - 11:   2, 10,  724,    8,  5,    14,  1,     5,  5,     3, 13,  16911, 6.3e-5
    - 12:   2, 10,  673,    8,  5,    13,  1,     7,  4,     3, 13,  21589, 6.0e-5
    - 13:   2, 10,  664,   11,  4,    13,  1,     7,  4,     4, 10,  28512, 6.2e-5
    - 14:   2, 10,  683,   11,  4,    14,  1,    10,  3,     4, 10,  40690, 6.2e-5
    - 15:   2, 10,  659,   22,  2,    13,  1,    10,  3,     4, 10,  68085, 5.9e-5
    - 16:   2, 10,  686,   22,  2,    14,  1,    16,  2,     4, 10, 110359, 6.1e-5
    # no solution starting from log norm2 = 17

  - 9: # bits
    -ln2:   k,  N,    n, br_l,br_b, ks_l,ks_b, cb_l,cb_b, pp_l,pp_b,  cost, p_error
    - 0 :   2, 10,  702,    5,  8,     7,  2,     1, 14,     2, 17,   3740, 6.3e-5
    - 1 :   2, 10,  654,    3, 12,     6,  2,     2,  8,     2, 17,   4173, 5.4e-5
    - 2 :   2, 10,  684,    3, 12,     7,  2,     2,  8,     2, 17,   4346, 6.3e-5
    - 3 :   2, 10,  658,    4,  9,     6,  2,     2,  9,     2, 17,   4975, 6.3e-5
    - 4 :   2, 10,  681,    5,  8,     7,  2,     2,  9,     2, 17,   5951, 6.0e-5
    - 5 :   2, 10,  658,    4,  9,     6,  2,     3,  7,     2, 17,   6926, 5.7e-5
    - 6 :   2, 10,  662,    5,  8,     6,  2,     3,  7,     2, 17,   8044, 6.0e-5
    - 7 :   2, 10,  674,    6,  7,     7,  2,     3,  8,     3, 13,  10089, 6.3e-5
    - 8 :   2, 10,  690,    7,  6,     7,  2,     3,  8,     3, 13,  11404, 6.2e-5
    - 9 :   2, 10,  650,    7,  6,    12,  1,     4,  6,     3, 13,  14098, 6.3e-5
    - 10:   2, 10,  652,    7,  6,    13,  1,     5,  5,     3, 13,  17244, 6.0e-5
    - 11:   2, 10,  673,    8,  5,    13,  1,     6,  5,     3, 13,  22845, 6.1e-5
    - 12:   2, 10,  708,    8,  5,    14,  1,     7,  4,     3, 13,  27416, 6.3e-5
    - 13:   2, 10,  679,   11,  4,    13,  1,     7,  4,     4, 10,  35359, 6.3e-5
    - 14:   2, 10,  653,   14,  3,    13,  1,    10,  3,     4, 10,  57281, 5.7e-5
    - 15:   2, 10,  668,   22,  2,    13,  1,    10,  3,     4, 10,  83998, 6.3e-5
    - 16:   2, 10,  717,   22,  2,    14,  1,    16,  2,     6,  7, 148444, 6.3e-5
    # no solution starting from log norm2 = 17

  - 10: # bits
    -ln2:   k,  N,    n, br_l,br_b, ks_l,ks_b, cb_l,cb_b, pp_l,pp_b,  cost, p_error
    - 0 :   2, 10,  710,    3, 12,     7,  2,     2,  8,     2, 17,   4581, 6.0e-5
    - 1 :   2, 10,  691,    4,  9,     7,  2,     2,  9,     2, 17,   5337, 5.7e-5
    - 2 :   2, 10,  707,    5,  8,     7,  2,     2,  9,     2, 17,   6306, 6.1e-5
    - 3 :   2, 10,  690,    4,  9,     7,  2,     3,  7,     2, 17,   7350, 6.3e-5
    - 4 :   2, 10,  693,    5,  8,     7,  2,     3,  7,     2, 17,   8541, 6.2e-5
    - 5 :   2, 10,  762,    5,  8,     8,  2,     3,  7,     3, 13,  10058, 6.3e-5
    - 6 :   2, 10,  715,    7,  6,     7,  2,     3,  8,     3, 13,  11959, 6.0e-5
    - 7 :   2, 10,  723,    6,  7,    14,  1,     4,  6,     3, 13,  14076, 6.2e-5
    - 8 :   2, 10,  734,    8,  5,    15,  1,     4,  6,     3, 13,  17404, 6.2e-5
    - 9 :   2, 10,  722,    9,  5,    14,  1,     5,  5,     3, 13,  22662, 6.3e-5
    - 10:   2, 10,  715,    8,  5,    14,  1,     7,  4,     3, 13,  27889, 6.3e-5
    - 11:   2, 10,  703,   11,  4,    14,  1,     7,  4,     4, 10,  36717, 6.1e-5
    - 12:   2, 10,  741,   11,  4,    15,  1,    10,  3,     4, 10,  53328, 6.3e-5
    - 13:   2, 10,  696,   22,  2,    14,  1,    10,  3,     4, 10,  87756, 6.1e-5
    - 14:   2, 10,  720,   22,  2,    14,  1,    16,  2,     5,  9, 145404, 6.3e-5
    # no solution starting from log norm2 = 15

  - 11: # bits
    -ln2:   k,  N,    n, br_l,br_b, ks_l,ks_b, cb_l,cb_b, pp_l,pp_b,  cost, p_error
    - 0 :   2, 10,  666,    3, 12,     6,  2,     2,  8,     2, 17,   5076, 6.1e-5
    - 1 :   2, 10,  660,    4,  9,     6,  2,     2,  9,     2, 17,   5989, 5.4e-5
    - 2 :   2, 10,  676,    4,  9,     6,  2,     2,  9,     2, 17,   6103, 6.3e-5
    - 3 :   2, 10,  684,    5,  8,     6,  2,     2, 10,     3, 13,   7767, 6.2e-5
    - 4 :   2, 10,  675,    4,  9,     6,  2,     3,  7,     2, 17,   8445, 6.1e-5
    - 5 :   2, 10,  681,    5,  8,     7,  2,     3,  7,     2, 17,   9879, 5.9e-5
    - 6 :   2, 10,  677,    5,  8,     7,  2,     4,  6,     2, 17,  12547, 5.9e-5
    - 7 :   2, 10,  671,    8,  5,    13,  1,     3,  8,     3, 13,  14866, 5.9e-5
    - 8 :   2, 10,  668,    7,  6,    13,  1,     4,  6,     3, 13,  17209, 6.2e-5
    - 9 :   2, 10,  676,    7,  6,    13,  1,     5,  5,     3, 13,  21115, 6.1e-5
    - 10:   2, 10,  676,    7,  6,    13,  1,     7,  4,     3, 13,  28604, 6.3e-5
    - 11:   2, 10,  707,    9,  5,    14,  1,     7,  4,     4, 10,  37636, 6.3e-5
    - 12:   2, 10,  674,   14,  3,    13,  1,     7,  4,     4, 10,  50076, 5.9e-5
    - 13:   2, 10,  679,   14,  3,    13,  1,    10,  3,     4, 10,  70194, 6.1e-5
    - 14:   2, 10,  709,   22,  2,    14,  1,    11,  3,     5,  9, 118415, 6.3e-5
    - 15:   2, 10,  689,   44,  1,    14,  1,    16,  2,     5,  9, 300142, 6.3e-5
    # no solution starting from log norm2 = 16

  - 12: # bits
    -ln2:   k,  N,    n, br_l,br_b, ks_l,ks_b, cb_l,cb_b, pp_l,pp_b,  cost, p_error
    - 0 :   2, 10,  689,    3, 12,     7,  2,     2,  8,     2, 17,   5680, 5.9e-5
    - 1 :   2, 10,  680,    4,  9,     6,  2,     2,  9,     2, 17,   6646, 5.7e-5
    - 2 :   2, 10,  725,    4,  9,     7,  2,     2,  9,     2, 17,   7036, 6.2e-5
    - 3 :   2, 10,  679,    4,  9,     6,  2,     3,  7,     2, 17,   9179, 6.2e-5
    - 4 :   2, 10,  720,    4,  9,     7,  2,     3,  7,     2, 17,   9650, 6.3e-5
    - 5 :   2, 10,  704,    5,  8,     7,  2,     3,  7,     3, 13,  11991, 6.3e-5
    - 6 :   2, 10,  691,    7,  6,     7,  2,     3,  8,     3, 13,  14773, 5.9e-5
    - 7 :   2, 10,  699,    6,  7,     7,  2,     4,  6,     3, 13,  17153, 6.1e-5
    - 8 :   2, 10,  691,    8,  5,    14,  1,     4,  6,     3, 13,  21009, 6.2e-5
    - 9 :   2, 10,  701,    8,  5,    14,  1,     5,  5,     3, 13,  25802, 6.2e-5
    - 10:   2, 10,  685,    8,  5,    14,  1,     7,  4,     3, 13,  34262, 5.9e-5
    - 11:   2, 10,  702,   11,  4,    14,  1,     7,  4,     3, 13,  44265, 6.1e-5
    - 12:   2, 10,  690,   11,  4,    14,  1,    10,  3,     4, 10,  64034, 6.2e-5
    - 13:   2, 10,  698,   21,  2,    14,  1,    10,  3,     4, 10, 107564, 6.1e-5
    - 14:   2, 10,  691,   22,  2,    14,  1,    16,  2,     4, 10, 173201, 6.3e-5
    - 15:   2, 10,  718,   45,  1,    14,  1,    33,  1,     6,  7, 703627, 6.3e-5
    # no solution starting from log norm2 = 16

  - 13: # bits
    -ln2:   k,  N,    n, br_l,br_b, ks_l,ks_b, cb_l,cb_b, pp_l,pp_b,  cost, p_error
    - 0 :   2, 10,  691,    3, 12,     7,  2,     2,  8,     2, 17,   6024, 6.0e-5
    - 1 :   2, 10,  680,    4,  9,     6,  2,     2,  9,     2, 17,   7027, 6.2e-5
    - 2 :   2, 10,  752,    4,  9,     8,  2,     2,  9,     2, 17,   7706, 6.3e-5
    - 3 :   2, 10,  680,    4,  9,     6,  2,     3,  7,     2, 17,   9752, 5.9e-5
    - 4 :   2, 10,  744,    4,  9,     7,  2,     3,  7,     2, 17,  10509, 6.3e-5
    - 5 :   2, 10,  710,    5,  8,     7,  2,     3,  7,     3, 13,  12811, 6.3e-5
    - 6 :   2, 10,  693,    7,  6,     7,  2,     3,  8,     3, 13,  15709, 6.2e-5
    - 7 :   2, 10,  703,    6,  7,     7,  2,     4,  6,     3, 13,  18321, 6.3e-5
    - 8 :   2, 10,  696,    8,  5,    14,  1,     4,  6,     3, 13,  22465, 6.3e-5
    - 9 :   2, 10,  711,    8,  5,    14,  1,     5,  5,     3, 13,  27782, 6.2e-5
    - 10:   2, 10,  688,    8,  5,    14,  1,     7,  4,     3, 13,  36664, 6.2e-5
    - 11:   2, 10,  712,   11,  4,    14,  1,     7,  4,     3, 13,  47754, 6.2e-5
    - 12:   2, 10,  695,   11,  4,    14,  1,    10,  3,     4, 10,  68767, 6.3e-5
    - 13:   2, 10,  706,   21,  2,    14,  1,    10,  3,     4, 10, 115958, 6.2e-5
    - 14:   2, 10,  697,   22,  2,    14,  1,    16,  2,     4, 10, 186528, 6.1e-5
    # no solution starting from log norm2 = 15

  - 14: # bits
    -ln2:   k,  N,    n, br_l,br_b, ks_l,ks_b, cb_l,cb_b, pp_l,pp_b,  cost, p_error
    - 0 :   2, 10,  696,    3, 12,     7,  2,     2,  8,     2, 17,   6947, 5.8e-5
    - 1 :   2, 10,  682,    4,  9,     6,  2,     2,  9,     2, 17,   8082, 5.8e-5
    - 2 :   2, 10,  693,    5,  8,     7,  2,     2,  9,     2, 17,   9539, 6.2e-5
    - 3 :   2, 10,  681,    4,  9,     6,  2,     3,  7,     2, 17,  11169, 6.2e-5
    - 4 :   2, 10,  680,    5,  8,     7,  2,     3,  7,     2, 17,  12958, 6.2e-5
    - 5 :   2, 10,  731,    5,  8,     7,  2,     3,  7,     3, 13,  14969, 6.3e-5
    - 6 :   2, 10,  699,    7,  6,     7,  2,     3,  8,     3, 13,  18088, 6.1e-5
    - 7 :   2, 10,  716,    6,  7,     7,  2,     4,  6,     3, 13,  21208, 6.3e-5
    - 8 :   2, 10,  713,    8,  5,    14,  1,     4,  6,     3, 13,  26151, 6.2e-5
    - 9 :   2, 10,  704,    9,  5,    14,  1,     5,  5,     3, 13,  34229, 6.1e-5
    - 10:   2, 10,  698,    8,  5,    14,  1,     7,  4,     3, 13,  42228, 6.0e-5
    - 11:   2, 10,  688,   11,  4,    14,  1,     7,  4,     4, 10,  55695, 6.1e-5
    - 12:   2, 10,  712,   11,  4,    14,  1,    10,  3,     4, 10,  79712, 6.3e-5
    - 13:   2, 10,  682,   22,  2,    13,  1,    10,  3,     4, 10, 133000, 6.3e-5
    - 14:   2, 10,  716,   22,  2,    14,  1,    16,  2,     4, 10, 216956, 6.3e-5
    # no solution starting from log norm2 = 15

  - 15: # bits
    -ln2:   k,  N,    n, br_l,br_b, ks_l,ks_b, cb_l,cb_b, pp_l,pp_b,  cost, p_error
    - 0 :   2, 10,  707,    4,  9,     7,  2,     2,  9,     2, 17,   7964, 6.3e-5
    - 1 :   2, 10,  752,    4,  9,     7,  2,     2,  9,     2, 17,   8372, 6.3e-5
    - 2 :   2, 10,  707,    4,  9,     7,  2,     3,  7,     2, 17,  10957, 6.2e-5
    - 3 :   2, 10,  750,    4,  9,     7,  2,     3,  7,     2, 17,  11483, 6.3e-5
    - 4 :   2, 10,  733,    5,  8,     7,  2,     3,  7,     3, 13,  14232, 6.3e-5
    - 5 :   2, 10,  762,    5,  8,    16,  1,     4,  6,     2, 17,  17600, 6.3e-5
    - 6 :   2, 10,  729,    6,  7,     7,  2,     4,  6,     3, 13,  20371, 6.3e-5
    - 7 :   2, 10,  720,    8,  5,    14,  1,     4,  6,     3, 13,  24981, 6.0e-5
    - 8 :   2, 10,  728,    8,  5,    14,  1,     5,  5,     3, 13,  30562, 6.3e-5
    - 9 :   2, 10,  714,    8,  5,    14,  1,     7,  4,     3, 13,  40633, 6.3e-5
    - 10:   2, 10,  727,   11,  4,    15,  1,     7,  4,     3, 13,  52363, 6.3e-5
    - 11:   2, 10,  719,   11,  4,    15,  1,    10,  3,     4, 10,  75874, 6.3e-5
    - 12:   2, 10,  725,   21,  2,    15,  1,    10,  3,     4, 10, 127525, 6.2e-5
    - 13:   2, 10,  720,   22,  2,    15,  1,    16,  2,     4, 10, 205678, 6.2e-5
    - 14:   2, 10,  754,   45,  1,    15,  1,    32,  1,     6,  7, 816597, 6.3e-5
    # no solution starting from log norm2 = 15

  - 16: # bits
    -ln2:   k,  N,    n, br_l,br_b, ks_l,ks_b, cb_l,cb_b, pp_l,pp_b,  cost, p_error
    - 0 :   2, 10,  686,    4,  9,     7,  2,     2,  9,     2, 17,   8699, 5.4e-5
    - 1 :   2, 10,  698,    4,  9,     7,  2,     2,  9,     2, 17,   8820, 5.9e-5
    - 2 :   2, 10,  703,    5,  8,     7,  2,     2, 10,     3, 13,  11148, 6.1e-5
    - 3 :   2, 10,  697,    4,  9,     7,  2,     3,  7,     2, 17,  12150, 6.1e-5
    - 4 :   2, 10,  704,    5,  8,     7,  2,     3,  7,     2, 17,  14180, 5.8e-5
    - 5 :   2, 10,  700,    5,  8,     7,  2,     4,  6,     2, 17,  17981, 6.3e-5
    - 6 :   2, 10,  706,    8,  5,     7,  2,     3,  8,     3, 13,  21330, 6.0e-5
    - 7 :   2, 10,  704,    7,  6,     7,  2,     4,  6,     3, 13,  24702, 5.8e-5
    - 8 :   2, 10,  698,    7,  6,    14,  1,     5,  5,     3, 13,  30202, 6.0e-5
    - 9 :   2, 10,  698,    7,  6,    14,  1,     7,  4,     3, 13,  40845, 6.3e-5
    - 10:   2, 10,  718,    9,  5,    15,  1,     7,  4,     4, 10,  53017, 6.3e-5
    - 11:   2, 10,  696,   14,  3,    14,  1,     7,  4,     4, 10,  71557, 6.1e-5
    - 12:   2, 10,  700,   14,  3,    14,  1,    10,  3,     4, 10, 100047, 6.2e-5
    - 13:   2, 10,  720,   22,  2,    14,  1,    11,  3,     5,  9, 166613, 6.3e-5
    - 14:   2, 10,  708,   44,  1,    14,  1,    16,  2,     5,  9, 426953, 6.3e-5
    # no solution starting from log norm2 = 15
