security level: 112
target p_error: 6.3e-5
per precision and log norm2:

  - 1: # bits
    -ln2:   k,  N,    n, br_l,br_b, ks_l,ks_b, cb_l,cb_b, pp_l,pp_b,  cost, p_error
    - 0 :   2, 10,  506,    2, 15,     3,  3,     1, 11,     1, 29,     87, 6.2e-5
    - 1 :   2, 10,  509,    2, 15,     3,  3,     1, 11,     1, 29,     88, 6.3e-5
    - 2 :   2, 10,  492,    2, 15,     5,  2,     1, 11,     1, 29,     90, 6.1e-5
    - 3 :   2, 10,  488,    3, 12,     5,  2,     1, 12,     1, 29,    109, 6.2e-5
    - 4 :   2, 10,  501,    3, 12,     5,  2,     1, 13,     2, 19,    135, 5.7e-5
    - 5 :   2, 10,  495,    4,  9,     5,  2,     1, 14,     2, 19,    155, 5.9e-5
    - 6 :   2, 10,  524,    5,  8,     6,  2,     1, 15,     2, 19,    184, 6.2e-5
    - 7 :   2, 10,  495,    3, 12,     5,  2,     2,  8,     1, 29,    211, 5.5e-5
    - 8 :   2, 10,  527,    3, 12,     6,  2,     2,  9,     2, 19,    272, 6.1e-5
    - 9 :   2, 10,  488,    4,  9,     5,  2,     2,  9,     2, 19,    297, 6.3e-5
    - 10:   2, 10,  490,    5,  8,     5,  2,     2, 10,     2, 19,    338, 6.0e-5
    - 11:   2, 10,  500,    6,  7,     5,  2,     2, 10,     2, 19,    384, 6.1e-5
    - 12:   2, 10,  539,    8,  5,     6,  2,     2, 10,     2, 19,    497, 6.2e-5
    - 13:   2, 10,  502,    6,  7,     5,  2,     3,  8,     2, 19,    573, 6.3e-5
    - 14:   2, 10,  501,    7,  6,    11,  1,     3,  8,     2, 19,    646, 6.1e-5
    - 15:   2, 10,  482,    7,  6,    10,  1,     4,  6,     2, 19,    827, 5.6e-5
    - 16:   2, 10,  484,    7,  6,    10,  1,     5,  5,     2, 19,   1032, 6.3e-5
    - 17:   2, 10,  495,    8,  5,    11,  1,     6,  5,     2, 19,   1380, 6.1e-5
    - 18:   2, 10,  513,    8,  5,    11,  1,     7,  4,     2, 19,   1653, 6.3e-5
    - 19:   2, 10,  508,   11,  4,    11,  1,     7,  4,     3, 15,   2246, 6.2e-5
    - 20:   2, 10,  494,   14,  3,    11,  1,    10,  3,     2, 19,   3498, 5.9e-5
    - 21:   2, 10,  494,   22,  2,    11,  1,    10,  3,     3, 15,   5359, 6.2e-5
    - 22:   2, 10,  528,   22,  2,    12,  1,    16,  2,     3, 15,   9075, 6.3e-5
    # no solution starting from log norm2 = 23

  - 2: # bits
    -ln2:   k,  N,    n, br_l,br_b, ks_l,ks_b, cb_l,cb_b, pp_l,pp_b,  cost, p_error
    - 0 :   2, 10,  571,    2, 15,     6,  2,     1, 11,     1, 29,    270, 6.3e-5
    - 1 :   2, 10,  540,    3, 12,     6,  2,     1, 12,     1, 29,    325, 6.2e-5
    - 2 :   2, 10,  519,    2, 15,     6,  2,     2,  7,     1, 29,    417, 6.1e-5
    - 3 :   2, 10,  538,    2, 15,     6,  2,     2,  7,     1, 29,    429, 6.1e-5
    - 4 :   2, 10,  522,    3, 12,     6,  2,     2,  8,     1, 29,    526, 5.4e-5
    - 5 :   2, 10,  585,    3, 12,     6,  2,     2,  8,     1, 29,    578, 6.3e-5
    - 6 :   2, 10,  520,    4,  9,     6,  2,     2,  9,     2, 19,    727, 5.2e-5
    - 7 :   2, 10,  543,    4,  9,     6,  2,     2,  9,     2, 19,    751, 5.8e-5
    - 8 :   2, 10,  556,    5,  8,     6,  2,     2, 10,     2, 19,    878, 6.3e-5
    - 9 :   2, 10,  536,    4,  9,     6,  2,     3,  7,     2, 19,   1050, 5.7e-5
    - 10:   2, 10,  538,    5,  8,     6,  2,     3,  7,     2, 19,   1208, 6.3e-5
    - 11:   2, 10,  518,    7,  6,    11,  1,     3,  8,     2, 19,   1491, 5.6e-5
    - 12:   2, 10,  547,    8,  5,    12,  1,     3,  8,     2, 19,   1720, 6.2e-5
    - 13:   2, 10,  554,    7,  6,    12,  1,     4,  6,     2, 19,   2029, 6.2e-5
    - 14:   2, 10,  531,    8,  5,    12,  1,     5,  5,     2, 19,   2636, 5.8e-5
    - 15:   2, 10,  519,    8,  5,    12,  1,     7,  4,     2, 19,   3528, 6.0e-5
    - 16:   2, 10,  522,   11,  4,    12,  1,     7,  4,     2, 19,   4508, 5.6e-5
    - 17:   2, 10,  528,   11,  4,    12,  1,    10,  3,     2, 19,   6372, 6.3e-5
    - 18:   2, 10,  540,   15,  3,    12,  1,    10,  3,     3, 15,   8836, 6.3e-5
    - 19:   2, 10,  542,   22,  2,    12,  1,    15,  2,     3, 15,  17919, 6.2e-5
    - 20:   2, 10,  537,   44,  1,    12,  1,    32,  1,     3, 15,  68787, 6.3e-5
    # no solution starting from log norm2 = 21

  - 3: # bits
    -ln2:   k,  N,    n, br_l,br_b, ks_l,ks_b, cb_l,cb_b, pp_l,pp_b,  cost, p_error
    - 0 :   2, 10,  560,    2, 15,     6,  2,     2,  7,     1, 29,    696, 6.2e-5
    - 1 :   2, 10,  555,    3, 12,     6,  2,     2,  8,     1, 29,    873, 6.1e-5
    - 2 :   2, 10,  566,    3, 12,     6,  2,     2,  8,     1, 29,    887, 5.4e-5
    - 3 :   2, 10,  587,    3, 12,     7,  2,     2,  8,     2, 19,   1066, 6.3e-5
    - 4 :   2, 10,  561,    4,  9,     6,  2,     2,  9,     2, 19,   1209, 6.2e-5
    - 5 :   2, 10,  564,    5,  8,     6,  2,     2, 10,     2, 19,   1399, 5.4e-5
    - 6 :   2, 10,  572,    6,  7,     6,  2,     2, 10,     2, 19,   1603, 5.7e-5
    - 7 :   2, 10,  560,    5,  8,     6,  2,     3,  7,     2, 19,   1934, 6.3e-5
    - 8 :   2, 10,  575,    6,  7,     6,  2,     3,  8,     2, 19,   2234, 5.8e-5
    - 9 :   2, 10,  582,    7,  6,     7,  2,     3,  8,     2, 19,   2525, 6.1e-5
    - 10:   2, 10,  596,    6,  7,    14,  1,     4,  6,     2, 19,   2998, 6.3e-5
    - 11:   2, 10,  557,    7,  6,    12,  1,     5,  5,     2, 19,   3824, 5.5e-5
    - 12:   2, 10,  610,    9,  5,    14,  1,     5,  5,     2, 19,   4985, 6.3e-5
    - 13:   2, 10,  579,    8,  5,    13,  1,     7,  4,     2, 19,   5898, 6.1e-5
    - 14:   2, 10,  590,   11,  4,    14,  1,     7,  4,     2, 19,   7668, 6.2e-5
    - 15:   2, 10,  609,   11,  4,    14,  1,    10,  3,     3, 15,  11686, 6.3e-5
    - 16:   2, 10,  564,   22,  2,    13,  1,    10,  3,     3, 15,  19118, 6.2e-5
    - 17:   2, 10,  587,   22,  2,    14,  1,    16,  2,     3, 15,  30991, 6.2e-5
    # no solution starting from log norm2 = 18

  - 4: # bits
    -ln2:   k,  N,    n, br_l,br_b, ks_l,ks_b, cb_l,cb_b, pp_l,pp_b,  cost, p_error
    - 0 :   2, 10,  572,    2, 15,     6,  2,     2,  7,     1, 29,   1350, 5.9e-5
    - 1 :   2, 10,  558,    3, 12,     6,  2,     2,  8,     1, 29,   1668, 6.0e-5
    - 2 :   2, 10,  588,    3, 12,     7,  2,     2,  8,     1, 29,   1756, 6.3e-5
    - 3 :   2, 10,  557,    4,  9,     6,  2,     2,  9,     2, 19,   2296, 5.1e-5
    - 4 :   2, 10,  575,    4,  9,     6,  2,     2,  9,     2, 19,   2352, 6.2e-5
    - 5 :   2, 10,  582,    5,  8,     7,  2,     2, 10,     2, 19,   2745, 5.9e-5
    - 6 :   2, 10,  571,    4,  9,     6,  2,     3,  7,     2, 19,   3301, 5.7e-5
    - 7 :   2, 10,  572,    5,  8,     6,  2,     3,  7,     2, 19,   3798, 6.1e-5
    - 8 :   2, 10,  564,    7,  6,     6,  2,     3,  8,     2, 19,   4728, 5.4e-5
    - 9 :   2, 10,  571,    8,  5,    13,  1,     3,  8,     2, 19,   5362, 6.3e-5
    - 10:   2, 10,  573,    7,  6,    13,  1,     4,  6,     2, 19,   6271, 6.3e-5
    - 11:   2, 10,  587,    7,  6,    13,  1,     5,  5,     2, 19,   7810, 6.2e-5
    - 12:   2, 10,  581,    7,  6,    13,  1,     7,  4,     2, 19,  10549, 6.1e-5
    - 13:   2, 10,  556,   11,  4,    13,  1,     7,  4,     2, 19,  14287, 5.7e-5
    - 14:   2, 10,  582,   14,  3,    13,  1,     7,  4,     3, 15,  19092, 6.2e-5
    - 15:   2, 10,  586,   14,  3,    14,  1,    10,  3,     3, 15,  26912, 6.1e-5
    - 16:   2, 10,  568,   22,  2,    13,  1,    15,  2,     3, 15,  56038, 6.3e-5
    - 17:   2, 10,  594,   45,  1,    14,  1,    16,  2,     3, 15, 117558, 6.2e-5
    # no solution starting from log norm2 = 18

  - 5: # bits
    -ln2:   k,  N,    n, br_l,br_b, ks_l,ks_b, cb_l,cb_b, pp_l,pp_b,  cost, p_error
    - 0 :   2, 10,  572,    2, 15,     6,  2,     2,  7,     1, 29,   1350, 5.9e-5
    - 1 :   2, 10,  558,    3, 12,     6,  2,     2,  8,     1, 29,   1668, 6.0e-5
    - 2 :   2, 10,  588,    3, 12,     7,  2,     2,  8,     1, 29,   1756, 6.3e-5
    - 3 :   2, 10,  557,    4,  9,     6,  2,     2,  9,     2, 19,   2296, 5.1e-5
    - 4 :   2, 10,  575,    4,  9,     6,  2,     2,  9,     2, 19,   2352, 6.2e-5
    - 5 :   2, 10,  582,    5,  8,     7,  2,     2, 10,     2, 19,   2745, 5.9e-5
    - 6 :   2, 10,  571,    4,  9,     6,  2,     3,  7,     2, 19,   3301, 5.7e-5
    - 7 :   2, 10,  572,    5,  8,     6,  2,     3,  7,     2, 19,   3798, 6.1e-5
    - 8 :   2, 10,  564,    7,  6,     6,  2,     3,  8,     2, 19,   4728, 5.4e-5
    - 9 :   2, 10,  571,    8,  5,    13,  1,     3,  8,     2, 19,   5362, 6.3e-5
    - 10:   2, 10,  573,    7,  6,    13,  1,     4,  6,     2, 19,   6271, 6.3e-5
    - 11:   2, 10,  587,    7,  6,    13,  1,     5,  5,     2, 19,   7810, 6.2e-5
    - 12:   2, 10,  581,    7,  6,    13,  1,     7,  4,     2, 19,  10549, 6.1e-5
    - 13:   2, 10,  556,   11,  4,    13,  1,     7,  4,     2, 19,  14287, 5.7e-5
    - 14:   2, 10,  582,   14,  3,    13,  1,     7,  4,     3, 15,  19092, 6.2e-5
    - 15:   2, 10,  586,   14,  3,    14,  1,    10,  3,     3, 15,  26912, 6.1e-5
    - 16:   2, 10,  568,   22,  2,    13,  1,    15,  2,     3, 15,  56038, 6.3e-5
    - 17:   2, 10,  594,   45,  1,    14,  1,    16,  2,     3, 15, 117558, 6.2e-5
    # no solution starting from log norm2 = 18

  - 6: # bits
    -ln2:   k,  N,    n, br_l,br_b, ks_l,ks_b, cb_l,cb_b, pp_l,pp_b,  cost, p_error
    - 0 :   2, 10,  578,    2, 15,     6,  2,     2,  7,     1, 29,   1622, 5.8e-5
    - 1 :   2, 10,  559,    3, 12,     6,  2,     2,  8,     1, 29,   1992, 6.1e-5
    - 2 :   2, 10,  607,    3, 12,     7,  2,     2,  8,     1, 29,   2151, 6.2e-5
    - 3 :   2, 10,  557,    4,  9,     6,  2,     2,  9,     2, 19,   2734, 6.1e-5
    - 4 :   2, 10,  583,    4,  9,     6,  2,     2,  9,     2, 19,   2830, 6.1e-5
    - 5 :   2, 10,  594,    5,  8,     7,  2,     2, 10,     2, 19,   3325, 6.2e-5
    - 6 :   2, 10,  576,    4,  9,     6,  2,     3,  7,     2, 19,   3933, 6.0e-5
    - 7 :   2, 10,  578,    5,  8,     6,  2,     3,  7,     2, 19,   4535, 6.0e-5
    - 8 :   2, 10,  566,    7,  6,     6,  2,     3,  8,     2, 19,   5623, 5.9e-5
    - 9 :   2, 10,  585,    8,  5,    13,  1,     3,  8,     2, 19,   6490, 6.2e-5
    - 10:   2, 10,  589,    7,  6,    13,  1,     4,  6,     2, 19,   7577, 6.2e-5
    - 11:   2, 10,  567,    8,  5,    13,  1,     5,  5,     2, 19,   9856, 6.1e-5
    - 12:   2, 10,  557,    8,  5,    13,  1,     7,  4,     2, 19,  13196, 5.7e-5
    - 13:   2, 10,  559,   11,  4,    13,  1,     7,  4,     2, 19,  16881, 5.8e-5
    - 14:   2, 10,  582,   15,  3,    13,  1,     7,  4,     3, 15,  23716, 6.3e-5
    - 15:   2, 10,  578,   15,  3,    13,  1,    10,  3,     3, 15,  32952, 6.3e-5
    - 16:   2, 10,  578,   22,  2,    13,  1,    15,  2,     3, 15,  66665, 6.2e-5
    - 17:   2, 10,  575,   44,  1,    13,  1,    32,  1,     3, 15, 257193, 6.2e-5
    # no solution starting from log norm2 = 18

  - 7: # bits
    -ln2:   k,  N,    n, br_l,br_b, ks_l,ks_b, cb_l,cb_b, pp_l,pp_b,  cost, p_error
    - 0 :   2, 10,  585,    2, 15,     6,  2,     2,  7,     1, 29,   1900, 6.2e-5
    - 1 :   2, 10,  560,    3, 12,     6,  2,     2,  8,     1, 29,   2317, 6.3e-5
    - 2 :   2, 10,  572,    3, 12,     6,  2,     2,  8,     2, 19,   2743, 5.6e-5
    - 3 :   2, 10,  558,    4,  9,     6,  2,     2,  9,     2, 19,   3175, 5.8e-5
    - 4 :   2, 10,  588,    4,  9,     7,  2,     2,  9,     2, 19,   3323, 5.9e-5
    - 5 :   2, 10,  563,    6,  7,     6,  2,     2, 10,     2, 19,   4167, 6.3e-5
    - 6 :   2, 10,  583,    4,  9,     6,  2,     3,  7,     2, 19,   4584, 6.1e-5
    - 7 :   2, 10,  582,    5,  8,     7,  2,     3,  7,     2, 19,   5289, 5.8e-5
    - 8 :   2, 10,  569,    7,  6,     6,  2,     3,  8,     2, 19,   6532, 5.8e-5
    - 9 :   2, 10,  563,    6,  7,    13,  1,     4,  6,     2, 19,   7568, 6.2e-5
    - 10:   2, 10,  572,    6,  7,    13,  1,     5,  5,     2, 19,   9323, 6.1e-5
    - 11:   2, 10,  574,    8,  5,    13,  1,     5,  5,     2, 19,  11468, 6.2e-5
    - 12:   2, 10,  560,    8,  5,    13,  1,     7,  4,     2, 19,  15235, 5.7e-5
    - 13:   2, 10,  563,   11,  4,    13,  1,     7,  4,     2, 19,  19528, 5.6e-5
    - 14:   2, 10,  573,   11,  4,    13,  1,    10,  3,     2, 19,  27630, 5.9e-5
    - 15:   2, 10,  598,   15,  3,    14,  1,    10,  3,     3, 15,  38947, 6.3e-5
    - 16:   2, 10,  595,   22,  2,    14,  1,    15,  2,     3, 15,  78432, 6.2e-5
    - 17:   2, 10,  589,   44,  1,    14,  1,    32,  1,     3, 15, 301124, 6.3e-5
    # no solution starting from log norm2 = 18

  - 8: # bits
    -ln2:   k,  N,    n, br_l,br_b, ks_l,ks_b, cb_l,cb_b, pp_l,pp_b,  cost, p_error
    - 0 :   2, 10,  589,    2, 15,     7,  2,     2,  7,     1, 29,   2195, 6.1e-5
    - 1 :   2, 10,  562,    3, 12,     6,  2,     2,  8,     1, 29,   2648, 5.4e-5
    - 2 :   2, 10,  575,    3, 12,     6,  2,     2,  8,     2, 19,   3131, 6.3e-5
    - 3 :   2, 10,  559,    4,  9,     6,  2,     2,  9,     2, 19,   3618, 5.5e-5
    - 4 :   2, 10,  600,    4,  9,     7,  2,     2,  9,     2, 19,   3841, 6.3e-5
    - 5 :   2, 10,  565,    6,  7,     6,  2,     2, 10,     2, 19,   4760, 6.0e-5
    - 6 :   2, 10,  587,    4,  9,     7,  2,     3,  7,     2, 19,   5247, 5.9e-5
    - 7 :   2, 10,  589,    5,  8,     7,  2,     3,  7,     2, 19,   6058, 6.3e-5
    - 8 :   2, 10,  572,    7,  6,     6,  2,     3,  8,     2, 19,   7449, 6.0e-5
    - 9 :   2, 10,  568,    6,  7,    13,  1,     4,  6,     2, 19,   8634, 6.1e-5
    - 10:   2, 10,  582,    6,  7,    13,  1,     5,  5,     2, 19,  10695, 6.0e-5
    - 11:   2, 10,  585,    8,  5,    13,  1,     5,  5,     2, 19,  13186, 6.2e-5
    - 12:   2, 10,  563,    8,  5,    13,  1,     7,  4,     2, 19,  17291, 6.1e-5
    - 13:   2, 10,  567,   11,  4,    13,  1,     7,  4,     2, 19,  22206, 5.9e-5
    - 14:   2, 10,  582,   11,  4,    14,  1,    10,  3,     2, 19,  31630, 6.3e-5
    - 15:   2, 10,  574,   21,  2,    13,  1,    10,  3,     3, 15,  55998, 6.0e-5
    - 16:   2, 10,  566,   22,  2,    13,  1,    16,  2,     3, 15,  89999, 5.8e-5
    - 17:   2, 10,  607,   45,  1,    14,  1,    32,  1,     3, 15, 356220, 6.3e-5
    # no solution starting from log norm2 = 18

  - 9: # bits
    -ln2:   k,  N,    n, br_l,br_b, ks_l,ks_b, cb_l,cb_b, pp_l,pp_b,  cost, p_error
    - 0 :   2, 10,  601,    4,  9,     7,  2,     2,  9,     2, 19,   4313, 5.6e-5
    - 1 :   2, 10,  610,    4,  9,     7,  2,     2,  9,     2, 19,   4363, 5.9e-5
    - 2 :   2, 10,  614,    5,  8,     7,  2,     2, 10,     2, 19,   5065, 5.9e-5
    - 3 :   2, 10,  628,    6,  7,     7,  2,     2, 10,     2, 19,   5854, 6.2e-5
    - 4 :   2, 10,  609,    5,  8,     7,  2,     3,  7,     2, 19,   6959, 5.6e-5
    - 5 :   2, 10,  639,    6,  7,     7,  2,     3,  8,     2, 19,   8200, 6.2e-5
    - 6 :   2, 10,  614,    8,  5,     7,  2,     3,  8,     2, 19,   9800, 6.1e-5
    - 7 :   2, 10,  604,    7,  6,    14,  1,     4,  6,     2, 19,  11323, 6.0e-5
    - 8 :   2, 10,  608,    7,  6,    14,  1,     5,  5,     2, 19,  13808, 5.9e-5
    - 9 :   2, 10,  607,    7,  6,    14,  1,     7,  4,     2, 19,  18630, 5.8e-5
    - 10:   2, 10,  621,    9,  5,    15,  1,     7,  4,     2, 19,  22928, 6.3e-5
    - 11:   2, 10,  616,   14,  3,    15,  1,     7,  4,     2, 19,  32498, 6.3e-5
    - 12:   2, 10,  626,   14,  3,    15,  1,    10,  3,     2, 19,  45805, 6.2e-5
    - 13:   2, 10,  630,   22,  2,    15,  1,    10,  3,     3, 15,  70588, 6.2e-5
    - 14:   2, 10,  612,   44,  1,    14,  1,    16,  2,     3, 15, 199625, 6.1e-5
    # no solution starting from log norm2 = 15

  - 10: # bits
    -ln2:   k,  N,    n, br_l,br_b, ks_l,ks_b, cb_l,cb_b, pp_l,pp_b,  cost, p_error
    - 0 :   2, 10,  601,    4,  9,     7,  2,     2,  9,     2, 19,   4780, 5.8e-5
    - 1 :   2, 10,  611,    4,  9,     7,  2,     2,  9,     2, 19,   4842, 6.3e-5
    - 2 :   2, 10,  616,    5,  8,     7,  2,     2, 10,     2, 19,   5631, 6.1e-5
    - 3 :   2, 10,  636,    6,  7,     7,  2,     2, 10,     2, 19,   6562, 6.3e-5
    - 4 :   2, 10,  610,    5,  8,     7,  2,     3,  7,     2, 19,   7708, 5.8e-5
    - 5 :   2, 10,  638,    6,  7,    15,  1,     3,  8,     2, 19,   9282, 6.3e-5
    - 6 :   2, 10,  617,    8,  5,     7,  2,     3,  8,     2, 19,  10891, 5.9e-5
    - 7 :   2, 10,  606,    7,  6,    14,  1,     4,  6,     2, 19,  12548, 6.2e-5
    - 8 :   2, 10,  611,    7,  6,    14,  1,     5,  5,     2, 19,  15310, 6.2e-5
    - 9 :   2, 10,  610,    7,  6,    14,  1,     7,  4,     2, 19,  20634, 6.0e-5
    - 10:   2, 10,  632,    9,  5,    15,  1,     7,  4,     2, 19,  25678, 6.2e-5
    - 11:   2, 10,  623,   14,  3,    15,  1,     7,  4,     2, 19,  36226, 6.1e-5
    - 12:   2, 10,  641,   14,  3,    15,  1,    10,  3,     2, 19,  51583, 6.3e-5
    - 13:   2, 10,  654,   23,  2,    16,  1,    10,  3,     3, 15,  83679, 6.3e-5
    - 14:   2, 10,  616,   44,  1,    15,  1,    16,  2,     3, 15, 221306, 6.3e-5
    # no solution starting from log norm2 = 15

  - 11: # bits
    -ln2:   k,  N,    n, br_l,br_b, ks_l,ks_b, cb_l,cb_b, pp_l,pp_b,  cost, p_error
    - 0 :   2, 10,  601,    4,  9,     7,  2,     2,  9,     2, 19,   5247, 6.1e-5
    - 1 :   2, 10,  613,    4,  9,     7,  2,     2,  9,     2, 19,   5328, 6.0e-5
    - 2 :   2, 10,  619,    5,  8,     7,  2,     2, 10,     2, 19,   6207, 6.0e-5
    - 3 :   2, 10,  611,    4,  9,     7,  2,     3,  7,     2, 19,   7332, 5.9e-5
    - 4 :   2, 10,  611,    5,  8,     7,  2,     3,  7,     2, 19,   8460, 6.1e-5
    - 5 :   2, 10,  606,    7,  6,     7,  2,     3,  8,     2, 19,  10642, 6.2e-5
    - 6 :   2, 10,  619,    8,  5,     7,  2,     3,  8,     2, 19,  11975, 6.3e-5
    - 7 :   2, 10,  609,    7,  6,    14,  1,     4,  6,     2, 19,  13798, 6.1e-5
    - 8 :   2, 10,  615,    7,  6,    14,  1,     5,  5,     2, 19,  16845, 6.2e-5
    - 9 :   2, 10,  613,    7,  6,    14,  1,     7,  4,     2, 19,  22654, 6.3e-5
    - 10:   2, 10,  627,   10,  4,    15,  1,     7,  4,     2, 19,  30284, 6.1e-5
    - 11:   2, 10,  632,   14,  3,    15,  1,     7,  4,     2, 19,  40136, 6.2e-5
    - 12:   2, 10,  615,   14,  3,    15,  1,    10,  3,     3, 15,  57208, 6.3e-5
    - 13:   2, 10,  635,   22,  2,    15,  1,    11,  3,     3, 15,  93653, 6.3e-5
    - 14:   2, 10,  622,   44,  1,    15,  1,    16,  2,     3, 15, 243952, 6.3e-5
    # no solution starting from log norm2 = 15

  - 12: # bits
    -ln2:   k,  N,    n, br_l,br_b, ks_l,ks_b, cb_l,cb_b, pp_l,pp_b,  cost, p_error
    - 0 :   2, 10,  602,    4,  9,     7,  2,     2,  9,     2, 19,   6539, 5.9e-5
    - 1 :   2, 10,  619,    4,  9,     7,  2,     2,  9,     2, 19,   6682, 6.1e-5
    - 2 :   2, 10,  630,    5,  8,     7,  2,     2, 10,     2, 19,   7835, 6.2e-5
    - 3 :   2, 10,  616,    4,  9,     7,  2,     3,  7,     2, 19,   9194, 5.8e-5
    - 4 :   2, 10,  616,    5,  8,     7,  2,     3,  7,     2, 19,  10609, 6.1e-5
    - 5 :   2, 10,  609,    7,  6,     7,  2,     3,  8,     2, 19,  13310, 5.9e-5
    - 6 :   2, 10,  631,    8,  5,     7,  2,     3,  8,     2, 19,  15162, 6.3e-5
    - 7 :   2, 10,  620,    7,  6,    14,  1,     4,  6,     2, 19,  17459, 6.2e-5
    - 8 :   2, 10,  635,    7,  6,    15,  1,     5,  5,     2, 19,  21613, 6.2e-5
    - 9 :   2, 10,  630,    7,  6,    15,  1,     7,  4,     2, 19,  28953, 6.3e-5
    - 10:   2, 10,  601,   11,  4,    14,  1,     7,  4,     2, 19,  39256, 6.3e-5
    - 11:   2, 10,  629,   14,  3,    15,  1,     7,  4,     3, 15,  52386, 6.2e-5
    - 12:   2, 10,  638,   14,  3,    15,  1,    10,  3,     3, 15,  73687, 6.3e-5
    - 13:   2, 10,  614,   22,  2,    14,  1,    15,  2,     3, 15, 152177, 6.3e-5
    - 14:   2, 10,  655,   45,  1,    16,  1,    17,  2,     3, 15, 346222, 6.3e-5
    # no solution starting from log norm2 = 15

  - 13: # bits
    -ln2:   k,  N,    n, br_l,br_b, ks_l,ks_b, cb_l,cb_b, pp_l,pp_b,  cost, p_error
    - 0 :   2, 10,  602,    4,  9,     7,  2,     2,  9,     2, 19,   7008, 6.2e-5
    - 1 :   2, 10,  621,    4,  9,     7,  2,     2,  9,     2, 19,   7180, 6.3e-5
    - 2 :   2, 10,  636,    5,  8,     7,  2,     2, 10,     2, 19,   8464, 6.2e-5
    - 3 :   2, 10,  617,    4,  9,     7,  2,     3,  7,     2, 19,   9853, 6.3e-5
    - 4 :   2, 10,  618,    5,  8,     7,  2,     3,  7,     2, 19,  11386, 6.0e-5
    - 5 :   2, 10,  610,    7,  6,     7,  2,     3,  8,     2, 19,  14271, 5.8e-5
    - 6 :   2, 10,  614,    6,  7,     7,  2,     4,  6,     2, 19,  16345, 6.1e-5
    - 7 :   2, 10,  624,    7,  6,    15,  1,     4,  6,     2, 19,  18818, 6.3e-5
    - 8 :   2, 10,  659,    7,  6,    16,  1,     5,  5,     2, 19,  23881, 6.3e-5
    - 9 :   2, 10,  646,    7,  6,    15,  1,     7,  4,     2, 19,  31590, 6.3e-5
    - 10:   2, 10,  603,   11,  4,    14,  1,     7,  4,     2, 19,  42077, 5.8e-5
    - 11:   2, 10,  640,   14,  3,    15,  1,     7,  4,     3, 15,  56822, 6.3e-5
    - 12:   2, 10,  619,   15,  3,    15,  1,    10,  3,     3, 15,  81077, 6.2e-5
    - 13:   2, 10,  618,   22,  2,    14,  1,    15,  2,     3, 15, 163429, 6.2e-5
    - 14:   2, 10,  617,   44,  1,    14,  1,    32,  1,     3, 15, 631424, 6.2e-5
    # no solution starting from log norm2 = 15

  - 14: # bits
    -ln2:   k,  N,    n, br_l,br_b, ks_l,ks_b, cb_l,cb_b, pp_l,pp_b,  cost, p_error
    - 0 :   2, 10,  602,    4,  9,     7,  2,     2,  9,     2, 19,   7008, 6.2e-5
    - 1 :   2, 10,  621,    4,  9,     7,  2,     2,  9,     2, 19,   7180, 6.3e-5
    - 2 :   2, 10,  636,    5,  8,     7,  2,     2, 10,     2, 19,   8464, 6.2e-5
    - 3 :   2, 10,  617,    4,  9,     7,  2,     3,  7,     2, 19,   9853, 6.3e-5
    - 4 :   2, 10,  618,    5,  8,     7,  2,     3,  7,     2, 19,  11386, 6.0e-5
    - 5 :   2, 10,  610,    7,  6,     7,  2,     3,  8,     2, 19,  14271, 5.8e-5
    - 6 :   2, 10,  614,    6,  7,     7,  2,     4,  6,     2, 19,  16345, 6.1e-5
    - 7 :   2, 10,  624,    7,  6,    15,  1,     4,  6,     2, 19,  18818, 6.3e-5
    - 8 :   2, 10,  659,    7,  6,    16,  1,     5,  5,     2, 19,  23881, 6.3e-5
    - 9 :   2, 10,  646,    7,  6,    15,  1,     7,  4,     2, 19,  31590, 6.3e-5
    - 10:   2, 10,  603,   11,  4,    14,  1,     7,  4,     2, 19,  42077, 5.8e-5
    - 11:   2, 10,  640,   14,  3,    15,  1,     7,  4,     3, 15,  56822, 6.3e-5
    - 12:   2, 10,  619,   15,  3,    15,  1,    10,  3,     3, 15,  81077, 6.2e-5
    - 13:   2, 10,  618,   22,  2,    14,  1,    15,  2,     3, 15, 163429, 6.2e-5
    - 14:   2, 10,  617,   44,  1,    14,  1,    32,  1,     3, 15, 631424, 6.2e-5
    # no solution starting from log norm2 = 15

  - 15: # bits
    -ln2:   k,  N,    n, br_l,br_b, ks_l,ks_b, cb_l,cb_b, pp_l,pp_b,  cost, p_error
    - 0 :   2, 10,  602,    4,  9,     7,  2,     2,  9,     2, 19,   7008, 6.2e-5
    - 1 :   2, 10,  621,    4,  9,     7,  2,     2,  9,     2, 19,   7180, 6.3e-5
    - 2 :   2, 10,  636,    5,  8,     7,  2,     2, 10,     2, 19,   8464, 6.2e-5
    - 3 :   2, 10,  617,    4,  9,     7,  2,     3,  7,     2, 19,   9853, 6.3e-5
    - 4 :   2, 10,  618,    5,  8,     7,  2,     3,  7,     2, 19,  11386, 6.0e-5
    - 5 :   2, 10,  610,    7,  6,     7,  2,     3,  8,     2, 19,  14271, 5.8e-5
    - 6 :   2, 10,  614,    6,  7,     7,  2,     4,  6,     2, 19,  16345, 6.1e-5
    - 7 :   2, 10,  624,    7,  6,    15,  1,     4,  6,     2, 19,  18818, 6.3e-5
    - 8 :   2, 10,  659,    7,  6,    16,  1,     5,  5,     2, 19,  23881, 6.3e-5
    - 9 :   2, 10,  646,    7,  6,    15,  1,     7,  4,     2, 19,  31590, 6.3e-5
    - 10:   2, 10,  603,   11,  4,    14,  1,     7,  4,     2, 19,  42077, 5.8e-5
    - 11:   2, 10,  640,   14,  3,    15,  1,     7,  4,     3, 15,  56822, 6.3e-5
    - 12:   2, 10,  619,   15,  3,    15,  1,    10,  3,     3, 15,  81077, 6.2e-5
    - 13:   2, 10,  618,   22,  2,    14,  1,    15,  2,     3, 15, 163429, 6.2e-5
    - 14:   2, 10,  617,   44,  1,    14,  1,    32,  1,     3, 15, 631424, 6.2e-5
    # no solution starting from log norm2 = 15

  - 16: # bits
    -ln2:   k,  N,    n, br_l,br_b, ks_l,ks_b, cb_l,cb_b, pp_l,pp_b,  cost, p_error
    - 0 :   2, 10,  603,    4,  9,     7,  2,     2,  9,     2, 19,   7845, 5.7e-5
    - 1 :   2, 10,  627,    4,  9,     7,  2,     2,  9,     2, 19,   8088, 6.2e-5
    - 2 :   2, 10,  656,    5,  8,     8,  2,     2, 10,     2, 19,   9746, 6.3e-5
    - 3 :   2, 10,  622,    4,  9,     7,  2,     3,  7,     2, 19,  11107, 6.0e-5
    - 4 :   2, 10,  622,    5,  8,     7,  2,     3,  7,     2, 19,  12816, 6.2e-5
    - 5 :   2, 10,  612,    7,  6,     7,  2,     3,  8,     2, 19,  16016, 5.9e-5
    - 6 :   2, 10,  617,    6,  7,     7,  2,     4,  6,     2, 19,  18393, 6.2e-5
    - 7 :   2, 10,  643,    7,  6,    15,  1,     4,  6,     2, 19,  21625, 6.3e-5
    - 8 :   2, 10,  614,    8,  5,    14,  1,     5,  5,     2, 19,  27759, 6.1e-5
    - 9 :   2, 10,  603,    8,  5,    14,  1,     7,  4,     2, 19,  36906, 6.3e-5
    - 10:   2, 10,  605,   11,  4,    14,  1,     7,  4,     2, 19,  47356, 6.3e-5
    - 11:   2, 10,  614,   11,  4,    14,  1,    10,  3,     2, 19,  66613, 6.1e-5
    - 12:   2, 10,  630,   15,  3,    15,  1,    10,  3,     3, 15,  92437, 6.3e-5
    - 13:   2, 10,  627,   22,  2,    15,  1,    15,  2,     3, 15, 186062, 6.2e-5
    - 14:   2, 10,  626,   44,  1,    15,  1,    32,  1,     3, 15, 719697, 6.1e-5
    # no solution starting from log norm2 = 15
