security level: 112
target p_error: 6.3e-5
per precision and log norm2:

  - 1: # bits
    -ln2:   k,  N,    n, br_l,br_b, ks_l,ks_b, cb_l,cb_b, pp_l,pp_b,  cost, p_error
    - 0 :   2, 10,  519,    2, 15,     3,  3,     1, 11,     1, 29,     89, 6.1e-5
    - 1 :   2, 10,  522,    2, 15,     3,  3,     1, 11,     1, 29,     89, 6.2e-5
    - 2 :   2, 10,  506,    2, 15,     5,  2,     1, 11,     1, 29,     91, 5.4e-5
    - 3 :   2, 10,  502,    3, 12,     5,  2,     1, 12,     1, 29,    111, 5.3e-5
    - 4 :   2, 10,  514,    3, 12,     5,  2,     1, 13,     2, 19,    138, 6.2e-5
    - 5 :   2, 10,  508,    4,  9,     5,  2,     1, 14,     2, 19,    157, 6.2e-5
    - 6 :   2, 10,  539,    5,  8,     6,  2,     1, 14,     2, 19,    188, 6.2e-5
    - 7 :   2, 10,  508,    3, 12,     5,  2,     2,  8,     1, 29,    216, 6.1e-5
    - 8 :   2, 10,  544,    3, 12,     6,  2,     2,  9,     2, 19,    278, 6.2e-5
    - 9 :   2, 10,  502,    4,  9,     5,  2,     2,  9,     2, 19,    303, 5.3e-5
    - 10:   2, 10,  504,    5,  8,     5,  2,     2, 10,     2, 19,    345, 5.3e-5
    - 11:   2, 10,  514,    6,  7,     5,  2,     2, 10,     2, 19,    392, 5.8e-5
    - 12:   2, 10,  553,    8,  5,     6,  2,     2, 10,     2, 19,    507, 6.2e-5
    - 13:   2, 10,  516,    6,  7,     5,  2,     3,  8,     2, 19,    585, 6.3e-5
    - 14:   2, 10,  516,    7,  6,    11,  1,     3,  8,     2, 19,    661, 6.0e-5
    - 15:   2, 10,  495,    7,  6,    10,  1,     4,  6,     2, 19,    844, 5.9e-5
    - 16:   2, 10,  498,    7,  6,    10,  1,     5,  5,     2, 19,   1055, 5.8e-5
    - 17:   2, 10,  510,    8,  5,    11,  1,     6,  5,     2, 19,   1413, 5.7e-5
    - 18:   2, 10,  530,    8,  5,    12,  1,     7,  4,     2, 19,   1699, 6.2e-5
    - 19:   2, 10,  523,   11,  4,    11,  1,     7,  4,     3, 14,   2297, 6.3e-5
    - 20:   2, 10,  508,   14,  3,    11,  1,    10,  3,     2, 19,   3584, 6.1e-5
    - 21:   2, 10,  508,   22,  2,    11,  1,    10,  3,     3, 14,   5491, 6.1e-5
    - 22:   2, 10,  560,   22,  2,    13,  1,    16,  2,     3, 14,   9557, 6.3e-5
    # no solution starting from log norm2 = 23

  - 2: # bits
    -ln2:   k,  N,    n, br_l,br_b, ks_l,ks_b, cb_l,cb_b, pp_l,pp_b,  cost, p_error
    - 0 :   2, 10,  623,    2, 15,     4,  3,     1, 11,     1, 29,    291, 6.3e-5
    - 1 :   2, 10,  576,    3, 12,     4,  3,     1, 12,     1, 29,    343, 5.8e-5
    - 2 :   2, 10,  540,    2, 15,     5,  2,     2,  7,     1, 29,    436, 5.4e-5
    - 3 :   2, 10,  551,    2, 15,     6,  2,     2,  7,     1, 29,    450, 6.2e-5
    - 4 :   2, 10,  535,    3, 12,     6,  2,     2,  8,     1, 29,    549, 5.4e-5
    - 5 :   2, 10,  606,    3, 12,     7,  2,     2,  8,     1, 29,    617, 6.3e-5
    - 6 :   2, 10,  533,    4,  9,     6,  2,     2,  9,     2, 19,    753, 5.0e-5
    - 7 :   2, 10,  556,    4,  9,     6,  2,     2,  9,     2, 19,    777, 5.9e-5
    - 8 :   2, 10,  572,    5,  8,     6,  2,     2, 10,     2, 19,    911, 6.1e-5
    - 9 :   2, 10,  549,    4,  9,     6,  2,     3,  7,     2, 19,   1082, 6.0e-5
    - 10:   2, 10,  552,    5,  8,     6,  2,     3,  7,     2, 19,   1245, 5.6e-5
    - 11:   2, 10,  541,    7,  6,     6,  2,     3,  8,     2, 19,   1536, 5.2e-5
    - 12:   2, 10,  575,    8,  5,     6,  2,     3,  8,     2, 19,   1780, 6.2e-5
    - 13:   2, 10,  581,    7,  6,     6,  2,     4,  6,     2, 19,   2096, 6.3e-5
    - 14:   2, 10,  544,    8,  5,    12,  1,     5,  5,     2, 19,   2715, 6.0e-5
    - 15:   2, 10,  533,    8,  5,    11,  1,     7,  4,     2, 19,   3624, 6.3e-5
    - 16:   2, 10,  535,   11,  4,    12,  1,     7,  4,     2, 19,   4629, 5.9e-5
    - 17:   2, 10,  561,   15,  3,    12,  1,     7,  4,     3, 14,   6538, 6.2e-5
    - 18:   2, 10,  555,   15,  3,    12,  1,    10,  3,     3, 14,   9068, 6.2e-5
    - 19:   2, 10,  556,   22,  2,    12,  1,    15,  2,     3, 14,  18352, 6.2e-5
    - 20:   2, 10,  552,   44,  1,    12,  1,    32,  1,     3, 14,  70607, 5.9e-5
    # no solution starting from log norm2 = 21

  - 3: # bits
    -ln2:   k,  N,    n, br_l,br_b, ks_l,ks_b, cb_l,cb_b, pp_l,pp_b,  cost, p_error
    - 0 :   2, 10,  595,    2, 15,     4,  3,     2,  7,     1, 29,    735, 5.6e-5
    - 1 :   2, 10,  568,    3, 12,     6,  2,     2,  8,     1, 29,    917, 5.6e-5
    - 2 :   2, 10,  579,    3, 12,     6,  2,     2,  8,     1, 29,    932, 5.5e-5
    - 3 :   2, 10,  607,    3, 12,     6,  2,     2,  8,     2, 19,   1114, 6.3e-5
    - 4 :   2, 10,  574,    4,  9,     6,  2,     2,  9,     2, 19,   1258, 5.8e-5
    - 5 :   2, 10,  576,    5,  8,     6,  2,     2, 10,     2, 19,   1450, 6.2e-5
    - 6 :   2, 10,  585,    6,  7,     6,  2,     2, 10,     2, 19,   1660, 5.7e-5
    - 7 :   2, 10,  573,    5,  8,     6,  2,     3,  7,     2, 19,   1997, 5.9e-5
    - 8 :   2, 10,  588,    6,  7,     6,  2,     3,  8,     2, 19,   2303, 6.1e-5
    - 9 :   2, 10,  596,    7,  6,     7,  2,     3,  8,     2, 19,   2609, 5.9e-5
    - 10:   2, 10,  631,    6,  7,     7,  2,     4,  6,     2, 19,   3124, 6.3e-5
    - 11:   2, 10,  580,    7,  6,     6,  2,     5,  5,     2, 19,   3940, 5.6e-5
    - 12:   2, 10,  629,    9,  5,    14,  1,     5,  5,     2, 19,   5187, 6.3e-5
    - 13:   2, 10,  594,    8,  5,    13,  1,     7,  4,     2, 19,   6087, 6.1e-5
    - 14:   2, 10,  606,   11,  4,    14,  1,     7,  4,     2, 19,   7916, 6.2e-5
    - 15:   2, 10,  577,   14,  3,    13,  1,    10,  3,     2, 19,  12791, 6.0e-5
    - 16:   2, 10,  578,   22,  2,    13,  1,    10,  3,     3, 14,  19600, 5.7e-5
    - 17:   2, 10,  603,   22,  2,    14,  1,    16,  2,     3, 14,  31810, 6.2e-5
    # no solution starting from log norm2 = 18

  - 4: # bits
    -ln2:   k,  N,    n, br_l,br_b, ks_l,ks_b, cb_l,cb_b, pp_l,pp_b,  cost, p_error
    - 0 :   2, 10,  570,    2, 15,     6,  2,     2,  7,     1, 29,   1393, 5.7e-5
    - 1 :   2, 10,  562,    3, 12,     6,  2,     2,  8,     1, 29,   1724, 5.2e-5
    - 2 :   2, 10,  581,    3, 12,     6,  2,     2,  8,     1, 29,   1772, 5.8e-5
    - 3 :   2, 10,  560,    4,  9,     6,  2,     2,  9,     2, 19,   2351, 6.3e-5
    - 4 :   2, 10,  572,    4,  9,     6,  2,     2,  9,     2, 19,   2389, 5.5e-5
    - 5 :   2, 10,  576,    5,  8,     6,  2,     2, 10,     2, 19,   2756, 6.1e-5
    - 6 :   2, 10,  594,    6,  7,     7,  2,     2, 10,     2, 19,   3211, 6.2e-5
    - 7 :   2, 10,  570,    5,  8,     6,  2,     3,  7,     2, 19,   3837, 5.8e-5
    - 8 :   2, 10,  607,    6,  7,     7,  2,     3,  8,     2, 19,   4573, 6.2e-5
    - 9 :   2, 10,  577,    8,  5,     6,  2,     3,  8,     2, 19,   5364, 5.7e-5
    - 10:   2, 10,  578,    7,  6,     6,  2,     4,  6,     2, 19,   6273, 5.7e-5
    - 11:   2, 10,  583,    7,  6,     6,  2,     5,  5,     2, 19,   7725, 6.2e-5
    - 12:   2, 10,  570,    7,  6,    12,  1,     7,  4,     2, 19,  10473, 6.3e-5
    - 13:   2, 10,  590,    9,  5,    13,  1,     7,  4,     2, 19,  12968, 6.3e-5
    - 14:   2, 10,  585,   14,  3,    13,  1,     7,  4,     2, 19,  18274, 6.0e-5
    - 15:   2, 10,  603,   14,  3,    14,  1,    10,  3,     2, 19,  26251, 6.2e-5
    - 16:   2, 10,  609,   22,  2,    14,  1,    10,  3,     3, 14,  40513, 6.2e-5
    - 17:   2, 10,  576,   44,  1,    13,  1,    16,  2,     3, 14, 111981, 5.8e-5
    # no solution starting from log norm2 = 18

  - 5: # bits
    -ln2:   k,  N,    n, br_l,br_b, ks_l,ks_b, cb_l,cb_b, pp_l,pp_b,  cost, p_error
    - 0 :   2, 10,  570,    2, 15,     6,  2,     2,  7,     1, 29,   1393, 5.7e-5
    - 1 :   2, 10,  562,    3, 12,     6,  2,     2,  8,     1, 29,   1724, 5.2e-5
    - 2 :   2, 10,  581,    3, 12,     6,  2,     2,  8,     1, 29,   1772, 5.8e-5
    - 3 :   2, 10,  560,    4,  9,     6,  2,     2,  9,     2, 19,   2351, 6.3e-5
    - 4 :   2, 10,  572,    4,  9,     6,  2,     2,  9,     2, 19,   2389, 5.5e-5
    - 5 :   2, 10,  576,    5,  8,     6,  2,     2, 10,     2, 19,   2756, 6.1e-5
    - 6 :   2, 10,  594,    6,  7,     7,  2,     2, 10,     2, 19,   3211, 6.2e-5
    - 7 :   2, 10,  570,    5,  8,     6,  2,     3,  7,     2, 19,   3837, 5.8e-5
    - 8 :   2, 10,  607,    6,  7,     7,  2,     3,  8,     2, 19,   4573, 6.2e-5
    - 9 :   2, 10,  577,    8,  5,     6,  2,     3,  8,     2, 19,   5364, 5.7e-5
    - 10:   2, 10,  578,    7,  6,     6,  2,     4,  6,     2, 19,   6273, 5.7e-5
    - 11:   2, 10,  583,    7,  6,     6,  2,     5,  5,     2, 19,   7725, 6.2e-5
    - 12:   2, 10,  570,    7,  6,    12,  1,     7,  4,     2, 19,  10473, 6.3e-5
    - 13:   2, 10,  590,    9,  5,    13,  1,     7,  4,     2, 19,  12968, 6.3e-5
    - 14:   2, 10,  585,   14,  3,    13,  1,     7,  4,     2, 19,  18274, 6.0e-5
    - 15:   2, 10,  603,   14,  3,    14,  1,    10,  3,     2, 19,  26251, 6.2e-5
    - 16:   2, 10,  609,   22,  2,    14,  1,    10,  3,     3, 14,  40513, 6.2e-5
    - 17:   2, 10,  576,   44,  1,    13,  1,    16,  2,     3, 14, 111981, 5.8e-5
    # no solution starting from log norm2 = 18

  - 6: # bits
    -ln2:   k,  N,    n, br_l,br_b, ks_l,ks_b, cb_l,cb_b, pp_l,pp_b,  cost, p_error
    - 0 :   2, 10,  595,    2, 15,     4,  3,     2,  7,     1, 29,   1678, 5.7e-5
    - 1 :   2, 10,  562,    3, 12,     6,  2,     2,  8,     1, 29,   2068, 6.2e-5
    - 2 :   2, 10,  588,    3, 12,     6,  2,     2,  8,     1, 29,   2147, 6.3e-5
    - 3 :   2, 10,  561,    4,  9,     6,  2,     2,  9,     2, 19,   2815, 5.5e-5
    - 4 :   2, 10,  575,    4,  9,     6,  2,     2,  9,     2, 19,   2868, 6.0e-5
    - 5 :   2, 10,  582,    5,  8,     6,  2,     2, 10,     2, 19,   3324, 5.8e-5
    - 6 :   2, 10,  619,    6,  7,     7,  2,     2, 10,     2, 19,   3975, 6.3e-5
    - 7 :   2, 10,  573,    5,  8,     6,  2,     3,  7,     2, 19,   4577, 5.8e-5
    - 8 :   2, 10,  567,    7,  6,     6,  2,     3,  8,     2, 19,   5703, 5.3e-5
    - 9 :   2, 10,  583,    8,  5,     6,  2,     3,  8,     2, 19,   6433, 5.8e-5
    - 10:   2, 10,  584,    7,  6,     6,  2,     4,  6,     2, 19,   7491, 6.0e-5
    - 11:   2, 10,  590,    7,  6,     7,  2,     5,  5,     2, 19,   9240, 6.3e-5
    - 12:   2, 10,  576,    7,  6,    13,  1,     7,  4,     2, 19,  12469, 5.9e-5
    - 13:   2, 10,  595,   10,  4,    13,  1,     7,  4,     2, 19,  16682, 6.3e-5
    - 14:   2, 10,  610,   14,  3,    14,  1,     7,  4,     2, 19,  22372, 6.2e-5
    - 15:   2, 10,  579,   14,  3,    13,  1,    10,  3,     3, 14,  31414, 5.9e-5
    - 16:   2, 10,  606,   22,  2,    14,  1,    11,  3,     3, 14,  51856, 6.3e-5
    - 17:   2, 10,  588,   44,  1,    13,  1,    16,  2,     3, 14, 133789, 6.1e-5
    # no solution starting from log norm2 = 18

  - 7: # bits
    -ln2:   k,  N,    n, br_l,br_b, ks_l,ks_b, cb_l,cb_b, pp_l,pp_b,  cost, p_error
    - 0 :   2, 10,  598,    2, 15,     6,  2,     2,  7,     1, 29,   2032, 6.3e-5
    - 1 :   2, 10,  573,    3, 12,     6,  2,     2,  8,     1, 29,   2458, 6.1e-5
    - 2 :   2, 10,  584,    3, 12,     6,  2,     2,  8,     2, 19,   2881, 6.1e-5
    - 3 :   2, 10,  571,    4,  9,     6,  2,     2,  9,     2, 19,   3327, 5.3e-5
    - 4 :   2, 10,  601,    4,  9,     7,  2,     2,  9,     2, 19,   3490, 6.1e-5
    - 5 :   2, 10,  576,    6,  7,     6,  2,     2, 10,     2, 19,   4341, 6.0e-5
    - 6 :   2, 10,  597,    4,  9,     6,  2,     3,  7,     2, 19,   4775, 6.0e-5
    - 7 :   2, 10,  599,    5,  8,     6,  2,     3,  7,     2, 19,   5499, 6.1e-5
    - 8 :   2, 10,  582,    7,  6,     6,  2,     3,  8,     2, 19,   6762, 5.9e-5
    - 9 :   2, 10,  590,    6,  7,     6,  2,     4,  6,     2, 19,   7846, 5.9e-5
    - 10:   2, 10,  597,    6,  7,     7,  2,     5,  5,     2, 19,   9675, 6.1e-5
    - 11:   2, 10,  598,    8,  5,     7,  2,     5,  5,     2, 19,  11895, 6.3e-5
    - 12:   2, 10,  573,    8,  5,    13,  1,     7,  4,     2, 19,  15751, 5.8e-5
    - 13:   2, 10,  576,   11,  4,    13,  1,     7,  4,     2, 19,  20142, 5.8e-5
    - 14:   2, 10,  587,   11,  4,    13,  1,    10,  3,     2, 19,  28470, 6.0e-5
    - 15:   2, 10,  618,   15,  3,    14,  1,    10,  3,     3, 14,  40335, 6.3e-5
    - 16:   2, 10,  610,   22,  2,    14,  1,    15,  2,     3, 14,  80518, 6.3e-5
    - 17:   2, 10,  606,   44,  1,    14,  1,    32,  1,     3, 14, 309780, 6.2e-5
    # no solution starting from log norm2 = 18

  - 8: # bits
    -ln2:   k,  N,    n, br_l,br_b, ks_l,ks_b, cb_l,cb_b, pp_l,pp_b,  cost, p_error
    - 0 :   2, 10,  611,    2, 15,     6,  2,     2,  7,     1, 29,   2383, 6.2e-5
    - 1 :   2, 10,  575,    3, 12,     6,  2,     2,  8,     1, 29,   2837, 5.2e-5
    - 2 :   2, 10,  588,    3, 12,     6,  2,     2,  8,     2, 19,   3323, 6.1e-5
    - 3 :   2, 10,  572,    4,  9,     6,  2,     2,  9,     2, 19,   3820, 5.1e-5
    - 4 :   2, 10,  615,    4,  9,     7,  2,     2,  9,     2, 19,   4074, 6.2e-5
    - 5 :   2, 10,  578,    6,  7,     6,  2,     2, 10,     2, 19,   4989, 5.9e-5
    - 6 :   2, 10,  600,    4,  9,     7,  2,     3,  7,     2, 19,   5511, 6.3e-5
    - 7 :   2, 10,  603,    5,  8,     7,  2,     3,  7,     2, 19,   6348, 6.1e-5
    - 8 :   2, 10,  585,    7,  6,     6,  2,     3,  8,     2, 19,   7749, 6.2e-5
    - 9 :   2, 10,  593,    6,  7,     7,  2,     4,  6,     2, 19,   9008, 5.9e-5
    - 10:   2, 10,  599,    8,  5,     7,  2,     4,  6,     2, 19,  11144, 6.3e-5
    - 11:   2, 10,  609,    8,  5,     7,  2,     5,  5,     2, 19,  13729, 6.3e-5
    - 12:   2, 10,  577,    8,  5,    13,  1,     7,  4,     2, 19,  17982, 5.6e-5
    - 13:   2, 10,  580,   11,  4,    13,  1,     7,  4,     2, 19,  22983, 6.3e-5
    - 14:   2, 10,  598,   11,  4,    13,  1,    10,  3,     2, 19,  32764, 6.3e-5
    - 15:   2, 10,  588,   21,  2,    13,  1,    10,  3,     3, 14,  57607, 6.0e-5
    - 16:   2, 10,  579,   22,  2,    13,  1,    16,  2,     3, 14,  92350, 6.2e-5
    - 17:   2, 10,  606,   45,  1,    14,  1,    33,  1,     3, 14, 367454, 6.3e-5
    # no solution starting from log norm2 = 18

  - 9: # bits
    -ln2:   k,  N,    n, br_l,br_b, ks_l,ks_b, cb_l,cb_b, pp_l,pp_b,  cost, p_error
    - 0 :   2, 10,  596,    5,  8,     6,  2,     1, 14,     2, 19,   3402, 6.0e-5
    - 1 :   2, 10,  577,    3, 12,     6,  2,     2,  8,     1, 29,   3489, 6.0e-5
    - 2 :   2, 10,  599,    3, 12,     6,  2,     2,  8,     2, 19,   4126, 6.1e-5
    - 3 :   2, 10,  573,    4,  9,     6,  2,     2,  9,     2, 19,   4679, 5.9e-5
    - 4 :   2, 10,  575,    5,  8,     6,  2,     2, 10,     2, 19,   5376, 6.0e-5
    - 5 :   2, 10,  582,    6,  7,     6,  2,     2, 10,     2, 19,   6119, 6.1e-5
    - 6 :   2, 10,  572,    5,  8,     6,  2,     3,  7,     2, 19,   7418, 6.1e-5
    - 7 :   2, 10,  585,    6,  7,     6,  2,     3,  8,     2, 19,   8507, 5.9e-5
    - 8 :   2, 10,  594,    7,  6,     6,  2,     3,  8,     2, 19,   9585, 6.2e-5
    - 9 :   2, 10,  609,    6,  7,     7,  2,     4,  6,     2, 19,  11263, 6.1e-5
    - 10:   2, 10,  630,    8,  5,     7,  2,     4,  6,     2, 19,  14207, 6.3e-5
    - 11:   2, 10,  614,    9,  5,     7,  2,     5,  5,     2, 19,  18472, 6.3e-5
    - 12:   2, 10,  586,    8,  5,    13,  1,     7,  4,     2, 19,  22307, 6.2e-5
    - 13:   2, 10,  594,   11,  4,    13,  1,     7,  4,     2, 19,  28696, 6.3e-5
    - 14:   2, 10,  602,   11,  4,    14,  1,    10,  3,     3, 14,  43030, 6.1e-5
    - 15:   2, 10,  575,   22,  2,    13,  1,    10,  3,     3, 14,  71788, 5.6e-5
    - 16:   2, 10,  592,   22,  2,    13,  1,    16,  2,     3, 14, 115192, 6.2e-5
    # no solution starting from log norm2 = 17

  - 10: # bits
    -ln2:   k,  N,    n, br_l,br_b, ks_l,ks_b, cb_l,cb_b, pp_l,pp_b,  cost, p_error
    - 0 :   2, 10,  616,    3, 12,     7,  2,     2,  8,     2, 19,   4366, 6.0e-5
    - 1 :   2, 10,  601,    4,  9,     7,  2,     2,  9,     2, 19,   5027, 6.0e-5
    - 2 :   2, 10,  655,    4,  9,     7,  2,     2,  9,     2, 19,   5373, 6.3e-5
    - 3 :   2, 10,  607,    6,  7,     7,  2,     2, 10,     2, 19,   6560, 6.3e-5
    - 4 :   2, 10,  635,    4,  9,     7,  2,     3,  7,     2, 19,   7188, 6.1e-5
    - 5 :   2, 10,  635,    5,  8,     7,  2,     3,  7,     2, 19,   8256, 6.3e-5
    - 6 :   2, 10,  614,    7,  6,     7,  2,     3,  8,     2, 19,  10105, 6.3e-5
    - 7 :   2, 10,  624,    6,  7,     7,  2,     4,  6,     2, 19,  11674, 6.3e-5
    - 8 :   2, 10,  631,    8,  5,     7,  2,     4,  6,     2, 19,  14470, 6.1e-5
    - 9 :   2, 10,  645,    8,  5,     7,  2,     5,  5,     2, 19,  17868, 6.2e-5
    - 10:   2, 10,  608,    8,  5,    14,  1,     7,  4,     2, 19,  23288, 5.9e-5
    - 11:   2, 10,  612,   11,  4,    14,  1,     7,  4,     2, 19,  29816, 5.9e-5
    - 12:   2, 10,  634,   11,  4,    15,  1,    10,  3,     2, 19,  42618, 6.3e-5
    - 13:   2, 10,  621,   21,  2,    14,  1,    10,  3,     3, 14,  74513, 6.0e-5
    - 14:   2, 10,  611,   22,  2,    14,  1,    16,  2,     3, 14, 119106, 6.1e-5
    # no solution starting from log norm2 = 15

  - 11: # bits
    -ln2:   k,  N,    n, br_l,br_b, ks_l,ks_b, cb_l,cb_b, pp_l,pp_b,  cost, p_error
    - 0 :   2, 10,  596,    3, 12,     6,  2,     2,  8,     1, 29,   4291, 5.9e-5
    - 1 :   2, 10,  575,    4,  9,     6,  2,     2,  9,     2, 19,   5616, 6.0e-5
    - 2 :   2, 10,  587,    4,  9,     6,  2,     2,  9,     2, 19,   5705, 5.7e-5
    - 3 :   2, 10,  592,    5,  8,     6,  2,     2, 10,     2, 19,   6591, 5.8e-5
    - 4 :   2, 10,  605,    6,  7,     7,  2,     2, 10,     2, 19,   7627, 6.1e-5
    - 5 :   2, 10,  585,    5,  8,     6,  2,     3,  7,     2, 19,   9002, 5.9e-5
    - 6 :   2, 10,  616,    6,  7,     7,  2,     3,  8,     2, 19,  10637, 6.2e-5
    - 7 :   2, 10,  592,    8,  5,     6,  2,     3,  8,     2, 19,  12582, 6.2e-5
    - 8 :   2, 10,  590,    7,  6,     7,  2,     4,  6,     2, 19,  14553, 6.2e-5
    - 9 :   2, 10,  595,    7,  6,     7,  2,     5,  5,     2, 19,  17791, 5.8e-5
    - 10:   2, 10,  582,    7,  6,    13,  1,     7,  4,     2, 19,  23945, 6.1e-5
    - 11:   2, 10,  602,    9,  5,    13,  1,     7,  4,     2, 19,  29544, 6.1e-5
    - 12:   2, 10,  596,   14,  3,    13,  1,     7,  4,     2, 19,  41520, 6.1e-5
    - 13:   2, 10,  609,   14,  3,    14,  1,    10,  3,     2, 19,  58782, 6.3e-5
    - 14:   2, 10,  613,   22,  2,    14,  1,    10,  3,     3, 14,  90205, 6.3e-5
    - 15:   2, 10,  588,   44,  1,    13,  1,    16,  2,     3, 14, 250756, 6.2e-5
    # no solution starting from log norm2 = 16

  - 12: # bits
    -ln2:   k,  N,    n, br_l,br_b, ks_l,ks_b, cb_l,cb_b, pp_l,pp_b,  cost, p_error
    - 0 :   2, 10,  606,    3, 12,     6,  2,     2,  8,     2, 19,   5383, 6.3e-5
    - 1 :   2, 10,  592,    4,  9,     6,  2,     2,  9,     2, 19,   6215, 5.6e-5
    - 2 :   2, 10,  615,    4,  9,     7,  2,     2,  9,     2, 19,   6457, 6.0e-5
    - 3 :   2, 10,  654,    5,  8,     8,  2,     2, 10,     2, 19,   7855, 6.3e-5
    - 4 :   2, 10,  609,    4,  9,     7,  2,     3,  7,     2, 19,   8799, 5.8e-5
    - 5 :   2, 10,  610,    5,  8,     7,  2,     3,  7,     2, 19,  10111, 5.9e-5
    - 6 :   2, 10,  599,    7,  6,     7,  2,     3,  8,     2, 19,  12523, 5.5e-5
    - 7 :   2, 10,  604,    6,  7,     7,  2,     4,  6,     2, 19,  14391, 6.1e-5
    - 8 :   2, 10,  642,    7,  6,    15,  1,     4,  6,     2, 19,  17334, 6.3e-5
    - 9 :   2, 10,  613,    8,  5,     7,  2,     5,  5,     2, 19,  21690, 5.9e-5
    - 10:   2, 10,  591,    8,  5,    13,  1,     7,  4,     2, 19,  28770, 5.7e-5
    - 11:   2, 10,  593,   11,  4,    13,  1,     7,  4,     2, 19,  36731, 6.1e-5
    - 12:   2, 10,  602,   11,  4,    14,  1,    10,  3,     2, 19,  51639, 6.1e-5
    - 13:   2, 10,  622,   15,  3,    14,  1,    10,  3,     3, 14,  71785, 6.3e-5
    - 14:   2, 10,  618,   22,  2,    14,  1,    15,  2,     3, 14, 143699, 6.2e-5
    - 15:   2, 10,  616,   44,  1,    14,  1,    32,  1,     3, 14, 552771, 6.2e-5
    # no solution starting from log norm2 = 16

  - 13: # bits
    -ln2:   k,  N,    n, br_l,br_b, ks_l,ks_b, cb_l,cb_b, pp_l,pp_b,  cost, p_error
    - 0 :   2, 10,  609,    3, 12,     6,  2,     2,  8,     2, 19,   5704, 6.0e-5
    - 1 :   2, 10,  592,    4,  9,     6,  2,     2,  9,     2, 19,   6560, 6.1e-5
    - 2 :   2, 10,  620,    4,  9,     7,  2,     2,  9,     2, 19,   6857, 6.1e-5
    - 3 :   2, 10,  599,    6,  7,     6,  2,     2, 10,     2, 19,   8584, 5.9e-5
    - 4 :   2, 10,  612,    4,  9,     7,  2,     3,  7,     2, 19,   9355, 6.1e-5
    - 5 :   2, 10,  613,    5,  8,     7,  2,     3,  7,     2, 19,  10750, 6.2e-5
    - 6 :   2, 10,  600,    7,  6,     7,  2,     3,  8,     2, 19,  13278, 5.9e-5
    - 7 :   2, 10,  607,    6,  7,     7,  2,     4,  6,     2, 19,  15336, 5.7e-5
    - 8 :   2, 10,  617,    6,  7,     7,  2,     5,  5,     2, 19,  18878, 6.0e-5
    - 9 :   2, 10,  617,    8,  5,     7,  2,     5,  5,     2, 19,  23180, 6.1e-5
    - 10:   2, 10,  592,    8,  5,    13,  1,     7,  4,     2, 19,  30675, 6.3e-5
    - 11:   2, 10,  595,   11,  4,    13,  1,     7,  4,     2, 19,  39223, 6.3e-5
    - 12:   2, 10,  606,   11,  4,    14,  1,    10,  3,     2, 19,  55386, 6.3e-5
    - 13:   2, 10,  648,   15,  3,    15,  1,    11,  3,     3, 14,  86786, 6.3e-5
    - 14:   2, 10,  632,   22,  2,    15,  1,    15,  2,     3, 14, 156645, 6.2e-5
    - 15:   2, 10,  629,   44,  1,    15,  1,    32,  1,     3, 14, 603125, 6.3e-5
    # no solution starting from log norm2 = 16

  - 14: # bits
    -ln2:   k,  N,    n, br_l,br_b, ks_l,ks_b, cb_l,cb_b, pp_l,pp_b,  cost, p_error
    - 0 :   2, 10,  605,    3, 12,     7,  2,     2,  8,     2, 19,   6569, 5.9e-5
    - 1 :   2, 10,  593,    4,  9,     6,  2,     2,  9,     2, 19,   7526, 6.1e-5
    - 2 :   2, 10,  637,    4,  9,     7,  2,     2,  9,     2, 19,   8025, 6.3e-5
    - 3 :   2, 10,  601,    6,  7,     6,  2,     2, 10,     2, 19,   9871, 6.3e-5
    - 4 :   2, 10,  621,    4,  9,     7,  2,     3,  7,     2, 19,  10806, 6.2e-5
    - 5 :   2, 10,  623,    5,  8,     7,  2,     3,  7,     2, 19,  12442, 6.0e-5
    - 6 :   2, 10,  603,    7,  6,     7,  2,     3,  8,     2, 19,  15243, 6.0e-5
    - 7 :   2, 10,  612,    6,  7,     7,  2,     4,  6,     2, 19,  17611, 6.2e-5
    - 8 :   2, 10,  619,    8,  5,     7,  2,     4,  6,     2, 19,  21834, 6.0e-5
    - 9 :   2, 10,  630,    8,  5,     7,  2,     5,  5,     2, 19,  26885, 6.2e-5
    - 10:   2, 10,  597,    8,  5,    13,  1,     7,  4,     2, 19,  35157, 5.9e-5
    - 11:   2, 10,  601,   11,  4,    13,  1,     7,  4,     2, 19,  45039, 6.0e-5
    - 12:   2, 10,  620,   11,  4,    14,  1,    10,  3,     2, 19,  64222, 6.1e-5
    - 13:   2, 10,  608,   21,  2,    14,  1,    10,  3,     3, 14, 112616, 6.1e-5
    - 14:   2, 10,  599,   22,  2,    14,  1,    16,  2,     3, 14, 180352, 6.2e-5
    - 15:   2, 10,  634,   45,  1,    15,  1,    33,  1,     3, 14, 725364, 6.3e-5
    # no solution starting from log norm2 = 16

  - 15: # bits
    -ln2:   k,  N,    n, br_l,br_b, ks_l,ks_b, cb_l,cb_b, pp_l,pp_b,  cost, p_error
    - 0 :   2, 10,  615,    4,  9,     7,  2,     2,  9,     2, 19,   7447, 5.8e-5
    - 1 :   2, 10,  635,    4,  9,     7,  2,     2,  9,     2, 19,   7635, 6.0e-5
    - 2 :   2, 10,  652,    5,  8,     7,  2,     2, 10,     2, 19,   8972, 6.3e-5
    - 3 :   2, 10,  631,    4,  9,     7,  2,     3,  7,     2, 19,  10394, 6.0e-5
    - 4 :   2, 10,  631,    5,  8,     7,  2,     3,  7,     2, 19,  11947, 6.1e-5
    - 5 :   2, 10,  623,    7,  6,     7,  2,     3,  8,     2, 19,  14893, 5.9e-5
    - 6 :   2, 10,  627,    6,  7,     7,  2,     4,  6,     2, 19,  17036, 6.2e-5
    - 7 :   2, 10,  654,    7,  6,     7,  2,     4,  6,     2, 19,  19667, 6.3e-5
    - 8 :   2, 10,  633,    8,  5,     7,  2,     5,  5,     2, 19,  25578, 6.2e-5
    - 9 :   2, 10,  614,    8,  5,    14,  1,     7,  4,     2, 19,  34115, 6.2e-5
    - 10:   2, 10,  616,   11,  4,    14,  1,     7,  4,     2, 19,  43606, 6.0e-5
    - 11:   2, 10,  662,   14,  3,    15,  1,     7,  4,     3, 14,  59297, 6.3e-5
    - 12:   2, 10,  634,   15,  3,    15,  1,    10,  3,     3, 14,  83670, 6.1e-5
    - 13:   2, 10,  632,   22,  2,    14,  1,    15,  2,     3, 14, 167831, 6.3e-5
    - 14:   2, 10,  631,   44,  1,    15,  1,    32,  1,     3, 14, 646800, 6.2e-5
    # no solution starting from log norm2 = 15

  - 16: # bits
    -ln2:   k,  N,    n, br_l,br_b, ks_l,ks_b, cb_l,cb_b, pp_l,pp_b,  cost, p_error
    - 0 :   2, 10,  603,    4,  9,     6,  2,     2,  9,     2, 19,   8117, 5.9e-5
    - 1 :   2, 10,  606,    4,  9,     7,  2,     2,  9,     2, 19,   8222, 5.8e-5
    - 2 :   2, 10,  609,    5,  8,     7,  2,     2, 10,     2, 19,   9477, 6.2e-5
    - 3 :   2, 10,  621,    6,  7,     7,  2,     2, 10,     2, 19,  10875, 6.1e-5
    - 4 :   2, 10,  605,    5,  8,     7,  2,     3,  7,     2, 19,  12930, 5.6e-5
    - 5 :   2, 10,  628,    6,  7,     7,  2,     3,  8,     2, 19,  15041, 6.2e-5
    - 6 :   2, 10,  652,    5,  8,     7,  2,     4,  6,     2, 19,  17421, 6.3e-5
    - 7 :   2, 10,  610,    7,  6,     7,  2,     4,  6,     2, 19,  20791, 5.9e-5
    - 8 :   2, 10,  613,    7,  6,     7,  2,     5,  5,     2, 19,  25318, 6.3e-5
    - 9 :   2, 10,  630,    8,  5,    14,  1,     6,  5,     2, 19,  34093, 6.2e-5
    - 10:   2, 10,  615,    9,  5,    14,  1,     7,  4,     2, 19,  41828, 6.0e-5
    - 11:   2, 10,  611,   14,  3,    14,  1,     7,  4,     2, 19,  59015, 6.0e-5
    - 12:   2, 10,  619,   14,  3,    14,  1,    10,  3,     2, 19,  82730, 6.2e-5
    - 13:   2, 10,  621,   22,  2,    14,  1,    10,  3,     3, 14, 126617, 6.2e-5
    - 14:   2, 10,  606,   44,  1,    14,  1,    16,  2,     3, 14, 357751, 6.3e-5
    # no solution starting from log norm2 = 15
