security level: 160
target p_error: 6.3e-5
per precision and log norm2:

  - 1: # bits
    -ln2:   k,  N,    n, br_l,br_b, ks_l,ks_b, cb_l,cb_b,  cost, p_error
    - 0 :   1, 11,  882,    5,  7,     7,  2,     1, 12,    386, 6.1e-5
    - 1 :   2, 10,  880,    3, 10,     7,  2,     2,  7,    441, 6.0e-5
    - 2 :   2, 10,  879,    4,  8,     7,  2,     2,  8,    561, 6.0e-5
    - 3 :   2, 10,  882,    5,  7,     7,  2,     2,  8,    683, 6.0e-5
    - 4 :   2, 10,  924,    6,  6,     8,  2,     2,  8,    831, 6.3e-5
    - 5 :   2, 10,  893,    5,  7,     7,  2,     3,  6,   1020, 6.2e-5
    - 6 :   1, 11,  876,    6,  6,     7,  2,     3,  6,   1298, 6.1e-5
    - 7 :   3, 10,  907,    4,  9,     7,  2,     3,  7,   1657, 6.3e-5
    - 8 :   3, 10,  899,    5,  8,     7,  2,     3,  7,   2024, 6.2e-5
    - 9 :   3, 10,  895,    5,  8,     7,  2,     4,  6,   2681, 6.2e-5
    - 10:   3, 10,  902,    6,  7,     7,  2,     4,  6,   3190, 6.1e-5
    - 11:   3, 10,  919,    7,  6,     8,  2,     4,  6,   3726, 6.2e-5
    - 12:   3, 10,  922,    7,  6,    15,  1,     5,  5,   4692, 6.3e-5
    - 13:   3, 10,  883,    8,  5,    14,  1,     7,  4,   7271, 6.3e-5
    - 14:   3, 10,  906,    8,  5,    15,  1,     9,  3,   9440, 6.3e-5
    - 15:   3, 10,  916,   14,  3,    15,  1,     7,  4,  12677, 6.3e-5
    - 16:   3, 10,  910,   15,  3,    15,  1,    10,  3,  19276, 6.3e-5
    - 17:   3, 10,  894,   22,  2,    15,  1,    15,  2,  41716, 6.3e-5
    - 18:   3, 10,  923,   44,  1,    16,  1,    31,  1, 173346, 6.3e-5
    # no solution starting from log norm2 = 19

  - 2: # bits
    -ln2:   k,  N,    n, br_l,br_b, ks_l,ks_b, cb_l,cb_b,  cost, p_error
    - 0 :   2, 10,  923,    3, 10,     7,  2,     2,  7,   1055, 6.3e-5
    - 1 :   2, 10,  914,    4,  8,     7,  2,     2,  8,   1331, 6.3e-5
    - 2 :   2, 10,  948,    5,  7,     8,  2,     2,  8,   1665, 6.3e-5
    - 3 :   1, 11,  897,    4,  8,     7,  2,     3,  6,   2102, 6.3e-5
    - 4 :   1, 11,  915,    5,  7,     8,  2,     3,  6,   2590, 6.3e-5
    - 5 :   1, 11,  881,    7,  5,     7,  2,     3,  6,   3371, 6.3e-5
    - 6 :   2, 10,  893,    7,  5,    15,  1,     4,  5,   4017, 6.2e-5
    - 7 :   3, 10,  903,    6,  7,     7,  2,     3,  7,   5162, 6.1e-5
    - 8 :   3, 10,  932,    5,  8,     8,  2,     4,  6,   5788, 6.3e-5
    - 9 :   3, 10,  893,    7,  6,     7,  2,     4,  6,   7750, 6.1e-5
    - 10:   3, 10,  922,    8,  5,    15,  1,     4,  6,   9020, 6.3e-5
    - 11:   3, 10,  908,    9,  5,    15,  1,     5,  5,  12341, 6.3e-5
    - 12:   3, 10,  893,    9,  5,    15,  1,     7,  4,  16876, 6.2e-5
    - 13:   3, 10,  918,   11,  4,    15,  1,     7,  4,  20725, 6.3e-5
    - 14:   3, 10,  884,   14,  3,    15,  1,    10,  3,  36355, 6.3e-5
    - 15:   3, 10,  926,   14,  3,    16,  1,    15,  2,  55216, 6.3e-5
    - 16:   3, 10,  919,   44,  1,    15,  1,    15,  2, 169927, 6.3e-5
    # no solution starting from log norm2 = 17

  - 3: # bits
    -ln2:   k,  N,    n, br_l,br_b, ks_l,ks_b, cb_l,cb_b,  cost, p_error
    - 0 :   2, 10,  899,    3, 10,     7,  2,     3,  5,   2259, 6.2e-5
    - 1 :   2, 10,  881,    4,  8,     7,  2,     3,  6,   2840, 6.0e-5
    - 2 :   2, 10,  882,    5,  7,     7,  2,     3,  6,   3456, 6.3e-5
    - 3 :   2, 10,  915,    6,  6,     7,  2,     3,  6,   4174, 6.3e-5
    - 4 :   2, 10,  900,    6,  6,     7,  2,     4,  5,   5311, 6.2e-5
    - 5 :   3, 10,  893,    5,  8,     7,  2,     3,  7,   6653, 6.0e-5
    - 6 :   3, 10,  926,    6,  7,     8,  2,     3,  7,   8041, 6.2e-5
    - 7 :   3, 10,  894,    6,  7,     7,  2,     4,  6,  10237, 6.2e-5
    - 8 :   3, 10,  904,    7,  6,     7,  2,     4,  6,  11899, 6.2e-5
    - 9 :   3, 10,  894,    7,  6,    15,  1,     5,  5,  14689, 6.2e-5
    - 10:   3, 10,  902,    7,  6,    15,  1,     7,  4,  20232, 6.2e-5
    - 11:   3, 10,  916,   10,  4,    15,  1,     7,  4,  28623, 6.3e-5
    - 12:   3, 10,  892,   14,  3,    15,  1,     7,  4,  39129, 6.3e-5
    - 13:   3, 10,  904,   14,  3,    15,  1,    10,  3,  55473, 6.3e-5
    - 14:   3, 10,  907,   21,  2,    15,  1,    15,  2, 122608, 6.3e-5
    - 15:   3, 10,  917,   44,  1,    15,  1,    16,  2, 272568, 6.3e-5
    # no solution starting from log norm2 = 16

  - 4: # bits
    -ln2:   k,  N,    n, br_l,br_b, ks_l,ks_b, cb_l,cb_b,  cost, p_error
    - 0 :   2, 10,  898,    5,  7,     7,  2,     2,  8,   4786, 6.3e-5
    - 1 :   2, 10,  928,    4,  8,     8,  2,     3,  6,   5731, 6.3e-5
    - 2 :   2, 10,  930,    5,  7,    16,  1,     3,  6,   7148, 6.3e-5
    - 3 :   1, 11,  894,    5,  7,     7,  2,     4,  5,   9803, 6.2e-5
    - 4 :   3, 10,  959,    4,  9,     8,  2,     3,  7,  11046, 6.3e-5
    - 5 :   3, 10,  920,    5,  8,     7,  2,     3,  7,  13204, 6.3e-5
    - 6 :   3, 10,  910,    5,  8,     7,  2,     4,  6,  17128, 6.2e-5
    - 7 :   3, 10,  924,    6,  7,     8,  2,     4,  6,  20481, 6.3e-5
    - 8 :   3, 10,  894,    8,  5,    15,  1,     4,  6,  26660, 6.2e-5
    - 9 :   3, 10,  903,    8,  5,    15,  1,     5,  5,  33020, 6.3e-5
    - 10:   3, 10,  898,    8,  5,    15,  1,     7,  4,  45366, 6.3e-5
    - 11:   3, 10,  893,   11,  4,    15,  1,     7,  4,  61388, 6.2e-5
    - 12:   3, 10,  919,   11,  4,    15,  1,    10,  3,  87846, 6.3e-5
    - 13:   3, 10,  895,   14,  3,    15,  1,    15,  2, 163112, 6.1e-5
    - 14:   3, 10,  907,   22,  2,    15,  1,    16,  2, 272245, 6.3e-5
    # no solution starting from log norm2 = 15

  - 5: # bits
    -ln2:   k,  N,    n, br_l,br_b, ks_l,ks_b, cb_l,cb_b,  cost, p_error
    - 0 :   2, 10,  898,    5,  7,     7,  2,     2,  8,   4786, 6.3e-5
    - 1 :   2, 10,  928,    4,  8,     8,  2,     3,  6,   5731, 6.3e-5
    - 2 :   2, 10,  930,    5,  7,    16,  1,     3,  6,   7148, 6.3e-5
    - 3 :   1, 11,  894,    5,  7,     7,  2,     4,  5,   9803, 6.2e-5
    - 4 :   3, 10,  959,    4,  9,     8,  2,     3,  7,  11046, 6.3e-5
    - 5 :   3, 10,  920,    5,  8,     7,  2,     3,  7,  13204, 6.3e-5
    - 6 :   3, 10,  910,    5,  8,     7,  2,     4,  6,  17128, 6.2e-5
    - 7 :   3, 10,  924,    6,  7,     8,  2,     4,  6,  20481, 6.3e-5
    - 8 :   3, 10,  894,    8,  5,    15,  1,     4,  6,  26660, 6.2e-5
    - 9 :   3, 10,  903,    8,  5,    15,  1,     5,  5,  33020, 6.3e-5
    - 10:   3, 10,  898,    8,  5,    15,  1,     7,  4,  45366, 6.3e-5
    - 11:   3, 10,  893,   11,  4,    15,  1,     7,  4,  61388, 6.2e-5
    - 12:   3, 10,  919,   11,  4,    15,  1,    10,  3,  87846, 6.3e-5
    - 13:   3, 10,  895,   14,  3,    15,  1,    15,  2, 163112, 6.1e-5
    - 14:   3, 10,  907,   22,  2,    15,  1,    16,  2, 272245, 6.3e-5
    # no solution starting from log norm2 = 15

  - 6: # bits
    -ln2:   k,  N,    n, br_l,br_b, ks_l,ks_b, cb_l,cb_b,  cost, p_error
    - 0 :   2, 10,  914,    5,  7,     7,  2,     2,  8,   5762, 6.3e-5
    - 1 :   1, 11,  881,    4,  8,     7,  2,     3,  6,   7367, 6.0e-5
    - 2 :   1, 11,  889,    5,  7,     7,  2,     3,  6,   8973, 6.1e-5
    - 3 :   1, 11,  872,    7,  5,     7,  2,     3,  6,  11891, 6.2e-5
    - 4 :   2, 10,  900,    7,  5,     7,  2,     4,  5,  14080, 6.3e-5
    - 5 :   3, 10,  933,    5,  8,     8,  2,     3,  7,  15710, 6.3e-5
    - 6 :   3, 10,  917,    5,  8,     8,  2,     4,  6,  20250, 6.3e-5
    - 7 :   3, 10,  932,    6,  7,    16,  1,     4,  6,  24487, 6.3e-5
    - 8 :   3, 10,  904,    8,  5,    15,  1,     4,  6,  31502, 6.3e-5
    - 9 :   3, 10,  924,    8,  5,    15,  1,     5,  5,  39187, 6.3e-5
    - 10:   3, 10,  913,    8,  5,    15,  1,     7,  4,  53572, 6.2e-5
    - 11:   3, 10,  902,   11,  4,    15,  1,     7,  4,  72260, 6.3e-5
    - 12:   3, 10,  881,   14,  3,    15,  1,    10,  3, 127433, 6.2e-5
    - 13:   3, 10,  906,   14,  3,    15,  1,    15,  2, 191725, 6.2e-5
    - 14:   3, 10,  946,   22,  2,    16,  1,    16,  2, 324312, 6.3e-5
    # no solution starting from log norm2 = 15

  - 7: # bits
    -ln2:   k,  N,    n, br_l,br_b, ks_l,ks_b, cb_l,cb_b,  cost, p_error
    - 0 :   2, 10,  948,    5,  7,     8,  2,     2,  8,   6885, 6.3e-5
    - 1 :   1, 11,  897,    4,  8,     7,  2,     3,  6,   8647, 6.3e-5
    - 2 :   1, 11,  915,    5,  7,     8,  2,     3,  6,  10653, 6.3e-5
    - 3 :   1, 11,  881,    7,  5,     7,  2,     3,  6,  13864, 6.3e-5
    - 4 :   2, 10,  893,    7,  5,    15,  1,     4,  5,  16354, 6.2e-5
    - 5 :   3, 10,  903,    6,  7,     7,  2,     3,  7,  21007, 6.1e-5
    - 6 :   3, 10,  932,    5,  8,     8,  2,     4,  6,  23467, 6.3e-5
    - 7 :   3, 10,  893,    7,  6,     7,  2,     4,  6,  31408, 6.1e-5
    - 8 :   3, 10,  922,    8,  5,    15,  1,     4,  6,  36554, 6.3e-5
    - 9 :   3, 10,  908,    9,  5,    15,  1,     5,  5,  49884, 6.3e-5
    - 10:   3, 10,  893,    9,  5,    15,  1,     7,  4,  68013, 6.2e-5
    - 11:   3, 10,  918,   11,  4,    15,  1,     7,  4,  83531, 6.3e-5
    - 12:   3, 10,  884,   14,  3,    15,  1,    10,  3, 146186, 6.3e-5
    - 13:   3, 10,  926,   14,  3,    16,  1,    15,  2, 221666, 6.3e-5
    - 14:   3, 10,  919,   44,  1,    15,  1,    15,  2, 682117, 6.3e-5
    # no solution starting from log norm2 = 15

  - 8: # bits
    -ln2:   k,  N,    n, br_l,br_b, ks_l,ks_b, cb_l,cb_b,  cost, p_error
    - 0 :   1, 11,  879,    5,  7,     7,  2,     2,  8,   8418, 6.1e-5
    - 1 :   1, 11,  915,    4,  8,    15,  1,     3,  6,  10237, 6.3e-5
    - 2 :   2, 10,  891,    6,  6,     7,  2,     3,  6,  12297, 6.3e-5
    - 3 :   2, 10,  886,    6,  6,     7,  2,     4,  5,  15768, 6.1e-5
    - 4 :   2, 10,  911,    7,  5,    15,  1,     4,  5,  18757, 6.3e-5
    - 5 :   3, 10,  908,    6,  7,     7,  2,     3,  7,  23833, 6.2e-5
    - 6 :   3, 10,  889,    6,  7,     7,  2,     4,  6,  30627, 6.3e-5
    - 7 :   3, 10,  895,    7,  6,     7,  2,     4,  6,  35525, 6.3e-5
    - 8 :   3, 10,  883,    7,  6,    15,  1,     5,  5,  43806, 6.3e-5
    - 9 :   3, 10,  927,    9,  5,    15,  1,     5,  5,  56881, 6.3e-5
    - 10:   3, 10,  900,    9,  5,    15,  1,     7,  4,  76987, 6.3e-5
    - 11:   3, 10,  883,   14,  3,    15,  1,     7,  4, 116845, 6.0e-5
    - 12:   3, 10,  888,   14,  3,    15,  1,    10,  3, 165080, 6.2e-5
    - 13:   3, 10,  904,   22,  2,    15,  1,    10,  3, 258964, 6.3e-5
    - 14:   3, 10,  917,   22,  2,    15,  1,    31,  1, 791059, 6.3e-5
    # no solution starting from log norm2 = 15

  - 9: # bits
    -ln2:   k,  N,    n, br_l,br_b, ks_l,ks_b, cb_l,cb_b,  cost, p_error
    - 0 :   2, 10,  878,    5,  7,     7,  2,     3,  6,  11556, 6.3e-5
    - 1 :   2, 10,  897,    6,  6,     7,  2,     3,  6,  13810, 6.2e-5
    - 2 :   2, 10,  890,    6,  6,     7,  2,     4,  5,  17655, 6.1e-5
    - 3 :   3, 10,  890,    5,  8,     7,  2,     3,  7,  22240, 6.0e-5
    - 4 :   3, 10,  914,    6,  7,     7,  2,     3,  7,  26691, 6.2e-5
    - 5 :   3, 10,  891,    6,  7,     7,  2,     4,  6,  34185, 6.1e-5
    - 6 :   3, 10,  898,    7,  6,     7,  2,     4,  6,  39672, 6.2e-5
    - 7 :   3, 10,  888,    7,  6,    14,  1,     5,  5,  48888, 6.2e-5
    - 8 :   3, 10,  891,    7,  6,    15,  1,     7,  4,  67184, 6.3e-5
    - 9 :   3, 10,  910,    9,  5,    15,  1,     7,  4,  86160, 6.2e-5
    - 10:   3, 10,  886,   14,  3,    15,  1,     7,  4, 130284, 6.0e-5
    - 11:   3, 10,  893,   14,  3,    15,  1,    10,  3, 184145, 6.1e-5
    - 12:   3, 10,  917,   22,  2,    15,  1,    10,  3, 290004, 6.3e-5
    - 13:   3, 10,  938,   43,  1,    16,  1,    16,  2, 897923, 6.3e-5
    # no solution starting from log norm2 = 14

  - 10: # bits
    -ln2:   k,  N,    n, br_l,br_b, ks_l,ks_b, cb_l,cb_b,  cost, p_error
    - 0 :   2, 10,  880,    5,  7,     7,  2,     3,  6,  12794, 6.3e-5
    - 1 :   2, 10,  904,    6,  6,     7,  2,     3,  6,  15348, 6.3e-5
    - 2 :   2, 10,  894,    6,  6,     7,  2,     4,  5,  19554, 6.3e-5
    - 3 :   3, 10,  891,    5,  8,     7,  2,     3,  7,  24568, 6.2e-5
    - 4 :   3, 10,  918,    6,  7,     8,  2,     3,  7,  29594, 6.2e-5
    - 5 :   3, 10,  892,    6,  7,     7,  2,     4,  6,  37730, 6.3e-5
    - 6 :   3, 10,  901,    7,  6,     7,  2,     4,  6,  43833, 6.2e-5
    - 7 :   3, 10,  890,    7,  6,    15,  1,     5,  5,  54014, 6.2e-5
    - 8 :   3, 10,  896,    7,  6,    15,  1,     7,  4,  74221, 6.2e-5
    - 9 :   3, 10,  928,    9,  5,    15,  1,     7,  4,  95822, 6.3e-5
    - 10:   3, 10,  889,   14,  3,    15,  1,     7,  4, 143765, 6.1e-5
    - 11:   3, 10,  898,   14,  3,    15,  1,    10,  3, 203305, 6.2e-5
    - 12:   3, 10,  945,   23,  2,    16,  1,    10,  3, 338318, 6.3e-5
    - 13:   3, 10,  906,   44,  1,    15,  1,    16,  2, 995703, 6.3e-5
    # no solution starting from log norm2 = 14

  - 11: # bits
    -ln2:   k,  N,    n, br_l,br_b, ks_l,ks_b, cb_l,cb_b,  cost, p_error
    - 0 :   2, 10,  882,    5,  7,     7,  2,     3,  6,  14036, 6.3e-5
    - 1 :   2, 10,  915,    6,  6,     7,  2,     3,  6,  16953, 6.3e-5
    - 2 :   2, 10,  900,    6,  6,     7,  2,     4,  5,  21497, 6.2e-5
    - 3 :   3, 10,  893,    5,  8,     7,  2,     3,  7,  26914, 6.0e-5
    - 4 :   3, 10,  926,    6,  7,     8,  2,     3,  7,  32529, 6.2e-5
    - 5 :   3, 10,  894,    6,  7,     7,  2,     4,  6,  41302, 6.2e-5
    - 6 :   3, 10,  904,    7,  6,     7,  2,     4,  6,  48009, 6.2e-5
    - 7 :   3, 10,  894,    7,  6,    15,  1,     5,  5,  59164, 6.2e-5
    - 8 :   3, 10,  902,    7,  6,    15,  1,     7,  4,  81339, 6.2e-5
    - 9 :   3, 10,  916,   10,  4,    15,  1,     7,  4, 115071, 6.3e-5
    - 10:   3, 10,  892,   14,  3,    15,  1,     7,  4, 157288, 6.3e-5
    - 11:   3, 10,  904,   14,  3,    15,  1,    10,  3, 222673, 6.3e-5
    - 12:   3, 10,  907,   21,  2,    15,  1,    15,  2, 491587, 6.3e-5
    - 13:   3, 10,  917,   44,  1,    15,  1,    16,  2, 1092676, 6.3e-5
    # no solution starting from log norm2 = 14

  - 12: # bits
    -ln2:   k,  N,    n, br_l,br_b, ks_l,ks_b, cb_l,cb_b,  cost, p_error
    - 0 :   2, 10,  882,    5,  7,     7,  2,     3,  6,  14036, 6.3e-5
    - 1 :   2, 10,  915,    6,  6,     7,  2,     3,  6,  16953, 6.3e-5
    - 2 :   2, 10,  900,    6,  6,     7,  2,     4,  5,  21497, 6.2e-5
    - 3 :   3, 10,  893,    5,  8,     7,  2,     3,  7,  26914, 6.0e-5
    - 4 :   3, 10,  926,    6,  7,     8,  2,     3,  7,  32529, 6.2e-5
    - 5 :   3, 10,  894,    6,  7,     7,  2,     4,  6,  41302, 6.2e-5
    - 6 :   3, 10,  904,    7,  6,     7,  2,     4,  6,  48009, 6.2e-5
    - 7 :   3, 10,  894,    7,  6,    15,  1,     5,  5,  59164, 6.2e-5
    - 8 :   3, 10,  902,    7,  6,    15,  1,     7,  4,  81339, 6.2e-5
    - 9 :   3, 10,  916,   10,  4,    15,  1,     7,  4, 115071, 6.3e-5
    - 10:   3, 10,  892,   14,  3,    15,  1,     7,  4, 157288, 6.3e-5
    - 11:   3, 10,  904,   14,  3,    15,  1,    10,  3, 222673, 6.3e-5
    - 12:   3, 10,  907,   21,  2,    15,  1,    15,  2, 491587, 6.3e-5
    - 13:   3, 10,  917,   44,  1,    15,  1,    16,  2, 1092676, 6.3e-5
    # no solution starting from log norm2 = 14

  - 13: # bits
    -ln2:   k,  N,    n, br_l,br_b, ks_l,ks_b, cb_l,cb_b,  cost, p_error
    - 0 :   2, 10,  893,    5,  7,     7,  2,     3,  6,  18881, 6.2e-5
    - 1 :   2, 10,  901,    5,  7,     7,  2,     4,  5,  24344, 6.3e-5
    - 2 :   3, 10,  907,    4,  9,     7,  2,     3,  7,  29536, 6.3e-5
    - 3 :   3, 10,  899,    5,  8,     7,  2,     3,  7,  36016, 6.2e-5
    - 4 :   3, 10,  895,    5,  8,     7,  2,     4,  6,  46511, 6.2e-5
    - 5 :   3, 10,  902,    6,  7,     7,  2,     4,  6,  55322, 6.1e-5
    - 6 :   3, 10,  901,    7,  6,    15,  1,     4,  6,  64590, 6.2e-5
    - 7 :   3, 10,  922,    7,  6,    15,  1,     5,  5,  80101, 6.3e-5
    - 8 :   3, 10,  883,    8,  5,    14,  1,     7,  4, 121770, 6.3e-5
    - 9 :   3, 10,  906,    8,  5,    15,  1,     9,  3, 156631, 6.3e-5
    - 10:   3, 10,  916,   14,  3,    15,  1,     7,  4, 212333, 6.3e-5
    - 11:   3, 10,  910,   15,  3,    15,  1,    10,  3, 318510, 6.3e-5
    - 12:   3, 10,  894,   22,  2,    15,  1,    15,  2, 681772, 6.3e-5
    - 13:   3, 10,  923,   44,  1,    16,  1,    31,  1, 2802628, 6.3e-5
    # no solution starting from log norm2 = 14

  - 14: # bits
    -ln2:   k,  N,    n, br_l,br_b, ks_l,ks_b, cb_l,cb_b,  cost, p_error
    - 0 :   2, 10,  893,    5,  7,     7,  2,     3,  6,  18881, 6.2e-5
    - 1 :   2, 10,  901,    5,  7,     7,  2,     4,  5,  24344, 6.3e-5
    - 2 :   3, 10,  907,    4,  9,     7,  2,     3,  7,  29536, 6.3e-5
    - 3 :   3, 10,  899,    5,  8,     7,  2,     3,  7,  36016, 6.2e-5
    - 4 :   3, 10,  895,    5,  8,     7,  2,     4,  6,  46511, 6.2e-5
    - 5 :   3, 10,  902,    6,  7,     7,  2,     4,  6,  55322, 6.1e-5
    - 6 :   3, 10,  901,    7,  6,    15,  1,     4,  6,  64590, 6.2e-5
    - 7 :   3, 10,  922,    7,  6,    15,  1,     5,  5,  80101, 6.3e-5
    - 8 :   3, 10,  883,    8,  5,    14,  1,     7,  4, 121770, 6.3e-5
    - 9 :   3, 10,  906,    8,  5,    15,  1,     9,  3, 156631, 6.3e-5
    - 10:   3, 10,  916,   14,  3,    15,  1,     7,  4, 212333, 6.3e-5
    - 11:   3, 10,  910,   15,  3,    15,  1,    10,  3, 318510, 6.3e-5
    - 12:   3, 10,  894,   22,  2,    15,  1,    15,  2, 681772, 6.3e-5
    - 13:   3, 10,  923,   44,  1,    16,  1,    31,  1, 2802628, 6.3e-5
    # no solution starting from log norm2 = 14

  - 15: # bits
    -ln2:   k,  N,    n, br_l,br_b, ks_l,ks_b, cb_l,cb_b,  cost, p_error
    - 0 :   2, 10,  893,    5,  7,     7,  2,     3,  6,  18881, 6.2e-5
    - 1 :   2, 10,  901,    5,  7,     7,  2,     4,  5,  24344, 6.3e-5
    - 2 :   3, 10,  907,    4,  9,     7,  2,     3,  7,  29536, 6.3e-5
    - 3 :   3, 10,  899,    5,  8,     7,  2,     3,  7,  36016, 6.2e-5
    - 4 :   3, 10,  895,    5,  8,     7,  2,     4,  6,  46511, 6.2e-5
    - 5 :   3, 10,  902,    6,  7,     7,  2,     4,  6,  55322, 6.1e-5
    - 6 :   3, 10,  901,    7,  6,    15,  1,     4,  6,  64590, 6.2e-5
    - 7 :   3, 10,  922,    7,  6,    15,  1,     5,  5,  80101, 6.3e-5
    - 8 :   3, 10,  883,    8,  5,    14,  1,     7,  4, 121770, 6.3e-5
    - 9 :   3, 10,  906,    8,  5,    15,  1,     9,  3, 156631, 6.3e-5
    - 10:   3, 10,  916,   14,  3,    15,  1,     7,  4, 212333, 6.3e-5
    - 11:   3, 10,  910,   15,  3,    15,  1,    10,  3, 318510, 6.3e-5
    - 12:   3, 10,  894,   22,  2,    15,  1,    15,  2, 681772, 6.3e-5
    - 13:   3, 10,  923,   44,  1,    16,  1,    31,  1, 2802628, 6.3e-5
    # no solution starting from log norm2 = 14

  - 16: # bits
    -ln2:   k,  N,    n, br_l,br_b, ks_l,ks_b, cb_l,cb_b,  cost, p_error
    - 0 :   2, 10,  901,    5,  7,     7,  2,     3,  6,  21280, 6.2e-5
    - 1 :   2, 10,  915,    5,  7,     7,  2,     4,  5,  27587, 6.3e-5
    - 2 :   3, 10,  915,    4,  9,     7,  2,     3,  7,  33277, 6.2e-5
    - 3 :   3, 10,  903,    5,  8,     7,  2,     3,  7,  40480, 6.2e-5
    - 4 :   3, 10,  898,    5,  8,     7,  2,     4,  6,  52288, 6.2e-5
    - 5 :   3, 10,  907,    6,  7,     7,  2,     4,  6,  62256, 6.1e-5
    - 6 :   3, 10,  912,    7,  6,    15,  1,     4,  6,  72926, 6.3e-5
    - 7 :   3, 10,  888,    8,  5,    15,  1,     5,  5, 100137, 6.1e-5
    - 8 :   3, 10,  887,    8,  5,    14,  1,     7,  4, 137097, 6.2e-5
    - 9 :   3, 10,  924,    8,  5,    15,  1,     9,  3, 177671, 6.3e-5
    - 10:   3, 10,  907,   15,  3,    15,  1,     7,  4, 253889, 6.2e-5
    - 11:   3, 10,  935,   15,  3,    16,  1,    10,  3, 362547, 6.3e-5
    - 12:   3, 10,  902,   22,  2,    15,  1,    15,  2, 769510, 6.2e-5
    - 13:   3, 10,  921,   44,  1,    15,  1,    32,  1, 3249337, 6.3e-5
    # no solution starting from log norm2 = 14
