security level: 112
target p_error: 6.3e-5
per precision and log norm2:

  - 1: # bits
    -ln2:   k,  N,    n, br_l,br_b, ks_l,ks_b, cb_l,cb_b, pp_l,pp_b,  cost, p_error
    - 0 :   2, 10,  506,    2, 16,     3,  3,     1, 11,     1, 29,     87, 6.1e-5
    - 1 :   2, 10,  509,    2, 16,     3,  3,     1, 11,     1, 29,     88, 5.9e-5
    - 2 :   2, 10,  491,    2, 16,     5,  2,     1, 11,     1, 29,     89, 5.6e-5
    - 3 :   2, 10,  488,    3, 12,     5,  2,     1, 12,     1, 29,    109, 5.9e-5
    - 4 :   2, 10,  495,    3, 12,     5,  2,     1, 13,     2, 19,    134, 5.8e-5
    - 5 :   2, 10,  493,    4,  9,     5,  2,     1, 14,     2, 19,    154, 6.2e-5
    - 6 :   2, 10,  508,    5,  8,     5,  2,     1, 15,     2, 19,    178, 6.2e-5
    - 7 :   2, 10,  494,    3, 12,     5,  2,     2,  8,     1, 29,    211, 5.9e-5
    - 8 :   2, 10,  506,    3, 12,     5,  2,     2,  9,     2, 19,    263, 6.1e-5
    - 9 :   2, 10,  488,    4,  9,     5,  2,     2,  9,     2, 19,    297, 5.5e-5
    - 10:   2, 10,  487,    5,  8,     5,  2,     2, 10,     2, 19,    337, 5.7e-5
    - 11:   2, 10,  495,    6,  7,     5,  2,     2, 10,     2, 19,    381, 5.5e-5
    - 12:   2, 10,  521,    8,  5,     6,  2,     2, 11,     2, 19,    484, 6.3e-5
    - 13:   2, 10,  494,    6,  7,     5,  2,     3,  8,     2, 19,    566, 5.5e-5
    - 14:   2, 10,  490,    7,  6,    10,  1,     3,  8,     2, 19,    633, 6.0e-5
    - 15:   2, 10,  503,    6,  7,    11,  1,     4,  6,     2, 19,    774, 5.9e-5
    - 16:   2, 10,  532,    6,  7,    12,  1,     5,  5,     2, 19,   1006, 6.2e-5
    - 17:   2, 10,  489,    8,  5,    11,  1,     6,  5,     2, 19,   1367, 5.8e-5
    - 18:   2, 10,  499,    8,  5,    11,  1,     7,  4,     2, 19,   1617, 6.0e-5
    - 19:   2, 10,  506,   11,  4,    11,  1,     7,  4,     2, 19,   2071, 6.1e-5
    - 20:   2, 10,  500,   11,  4,    11,  1,    10,  3,     3, 15,   3160, 6.0e-5
    - 21:   2, 10,  487,   22,  2,    11,  1,    10,  3,     3, 15,   5294, 6.3e-5
    - 22:   2, 10,  496,   22,  2,    11,  1,    16,  2,     3, 15,   8593, 6.2e-5
    - 23:   2, 10,  538,   46,  1,    12,  1,    33,  1,     4, 12,  37268, 6.3e-5
    # no solution starting from log norm2 = 24

  - 2: # bits
    -ln2:   k,  N,    n, br_l,br_b, ks_l,ks_b, cb_l,cb_b, pp_l,pp_b,  cost, p_error
    - 0 :   2, 10,  556,    2, 16,     6,  2,     1, 11,     1, 29,    265, 6.2e-5
    - 1 :   2, 10,  539,    3, 12,     6,  2,     1, 12,     1, 29,    324, 6.3e-5
    - 2 :   2, 10,  519,    2, 16,     6,  2,     2,  7,     1, 29,    417, 5.7e-5
    - 3 :   2, 10,  536,    2, 16,     6,  2,     2,  7,     1, 29,    428, 6.0e-5
    - 4 :   2, 10,  522,    3, 12,     6,  2,     2,  8,     1, 29,    526, 5.1e-5
    - 5 :   2, 10,  575,    3, 12,     6,  2,     2,  8,     1, 29,    570, 6.2e-5
    - 6 :   2, 10,  520,    4,  9,     6,  2,     2,  9,     2, 19,    727, 4.9e-5
    - 7 :   2, 10,  540,    4,  9,     6,  2,     2,  9,     2, 19,    748, 6.0e-5
    - 8 :   2, 10,  539,    5,  8,     6,  2,     2, 10,     2, 19,    857, 5.7e-5
    - 9 :   2, 10,  533,    4,  9,     6,  2,     3,  7,     2, 19,   1046, 5.8e-5
    - 10:   2, 10,  535,    5,  8,     6,  2,     3,  7,     2, 19,   1202, 5.5e-5
    - 11:   2, 10,  514,    7,  6,    11,  1,     3,  8,     2, 19,   1482, 5.9e-5
    - 12:   2, 10,  535,    8,  5,    12,  1,     3,  8,     2, 19,   1688, 5.8e-5
    - 13:   2, 10,  537,    7,  6,    12,  1,     4,  6,     2, 19,   1979, 6.0e-5
    - 14:   2, 10,  548,    7,  6,    12,  1,     5,  5,     2, 19,   2458, 6.3e-5
    - 15:   2, 10,  533,    7,  6,    12,  1,     7,  4,     2, 19,   3277, 6.1e-5
    - 16:   2, 10,  560,   11,  4,    13,  1,     6,  5,     3, 15,   4442, 6.3e-5
    - 17:   2, 10,  550,   14,  3,    12,  1,     7,  4,     3, 15,   6065, 6.2e-5
    - 18:   2, 10,  544,   14,  3,    12,  1,    10,  3,     3, 15,   8422, 6.3e-5
    - 19:   2, 10,  565,   22,  2,    13,  1,    11,  3,     3, 15,  13790, 6.3e-5
    - 20:   2, 10,  552,   44,  1,    13,  1,    16,  2,     3, 15,  35827, 6.1e-5
    # no solution starting from log norm2 = 21

  - 3: # bits
    -ln2:   k,  N,    n, br_l,br_b, ks_l,ks_b, cb_l,cb_b, pp_l,pp_b,  cost, p_error
    - 0 :   2, 10,  560,    2, 16,     6,  2,     2,  7,     1, 29,    696, 5.5e-5
    - 1 :   2, 10,  578,    5,  8,     6,  2,     1, 15,     2, 19,    871, 6.1e-5
    - 2 :   2, 10,  565,    3, 12,     6,  2,     2,  8,     1, 29,    886, 5.9e-5
    - 3 :   2, 10,  578,    3, 12,     6,  2,     2,  9,     2, 19,   1047, 5.8e-5
    - 4 :   2, 10,  561,    4,  9,     6,  2,     2,  9,     2, 19,   1209, 5.5e-5
    - 5 :   2, 10,  561,    5,  8,     6,  2,     2, 10,     2, 19,   1393, 5.3e-5
    - 6 :   2, 10,  567,    6,  7,     6,  2,     2, 10,     2, 19,   1591, 5.7e-5
    - 7 :   2, 10,  622,    4,  9,     7,  2,     3,  7,     2, 19,   1827, 6.3e-5
    - 8 :   2, 10,  617,    5,  8,     7,  2,     3,  7,     2, 19,   2094, 6.3e-5
    - 9 :   2, 10,  560,    7,  6,    13,  1,     3,  8,     2, 19,   2486, 6.3e-5
    - 10:   2, 10,  571,    6,  7,    13,  1,     4,  6,     2, 19,   2890, 5.9e-5
    - 11:   2, 10,  587,    6,  7,    13,  1,     5,  5,     2, 19,   3589, 6.2e-5
    - 12:   2, 10,  588,    9,  5,    14,  1,     5,  5,     2, 19,   4831, 6.1e-5
    - 13:   2, 10,  569,    8,  5,    13,  1,     7,  4,     2, 19,   5814, 5.9e-5
    - 14:   2, 10,  572,   11,  4,    13,  1,     7,  4,     2, 19,   7458, 5.9e-5
    - 15:   2, 10,  590,   11,  4,    14,  1,    10,  3,     2, 19,  10668, 6.3e-5
    - 16:   2, 10,  559,   22,  2,    13,  1,    10,  3,     3, 15,  18968, 5.6e-5
    - 17:   2, 10,  567,   22,  2,    13,  1,    16,  2,     3, 15,  30046, 6.0e-5
    - 18:   2, 10,  593,   45,  1,    14,  1,    33,  1,     3, 15, 119718, 6.2e-5
    # no solution starting from log norm2 = 19

  - 4: # bits
    -ln2:   k,  N,    n, br_l,br_b, ks_l,ks_b, cb_l,cb_b, pp_l,pp_b,  cost, p_error
    - 0 :   2, 10,  570,    2, 16,     6,  2,     2,  7,     1, 29,   1347, 6.1e-5
    - 1 :   2, 10,  558,    3, 12,     6,  2,     2,  8,     1, 29,   1668, 5.8e-5
    - 2 :   2, 10,  586,    3, 12,     7,  2,     2,  8,     1, 29,   1751, 6.1e-5
    - 3 :   2, 10,  556,    4,  9,     6,  2,     2,  9,     2, 19,   2293, 6.2e-5
    - 4 :   2, 10,  573,    4,  9,     6,  2,     2,  9,     2, 19,   2346, 6.2e-5
    - 5 :   2, 10,  573,    5,  8,     6,  2,     2, 10,     2, 19,   2698, 6.0e-5
    - 6 :   2, 10,  598,    6,  7,     7,  2,     2, 10,     2, 19,   3173, 6.3e-5
    - 7 :   2, 10,  569,    5,  8,     6,  2,     3,  7,     2, 19,   3782, 5.9e-5
    - 8 :   2, 10,  602,    6,  7,     7,  2,     3,  8,     2, 19,   4484, 6.2e-5
    - 9 :   2, 10,  565,    8,  5,    13,  1,     3,  8,     2, 19,   5315, 5.8e-5
    - 10:   2, 10,  565,    7,  6,    13,  1,     4,  6,     2, 19,   6200, 6.3e-5
    - 11:   2, 10,  571,    7,  6,    13,  1,     5,  5,     2, 19,   7636, 6.3e-5
    - 12:   2, 10,  564,    7,  6,    13,  1,     7,  4,     2, 19,  10300, 6.1e-5
    - 13:   2, 10,  589,    9,  5,    14,  1,     7,  4,     2, 19,  12855, 6.3e-5
    - 14:   2, 10,  572,   14,  3,    13,  1,     7,  4,     3, 15,  18816, 6.1e-5
    - 15:   2, 10,  570,   14,  3,    13,  1,    10,  3,     3, 15,  26282, 6.2e-5
    - 16:   2, 10,  578,   22,  2,    13,  1,    11,  3,     3, 15,  42213, 6.3e-5
    - 17:   2, 10,  574,   44,  1,    13,  1,    16,  2,     3, 15, 111489, 6.0e-5
    # no solution starting from log norm2 = 18

  - 5: # bits
    -ln2:   k,  N,    n, br_l,br_b, ks_l,ks_b, cb_l,cb_b, pp_l,pp_b,  cost, p_error
    - 0 :   2, 10,  570,    2, 16,     6,  2,     2,  7,     1, 29,   1347, 6.1e-5
    - 1 :   2, 10,  558,    3, 12,     6,  2,     2,  8,     1, 29,   1668, 5.8e-5
    - 2 :   2, 10,  586,    3, 12,     7,  2,     2,  8,     1, 29,   1751, 6.1e-5
    - 3 :   2, 10,  556,    4,  9,     6,  2,     2,  9,     2, 19,   2293, 6.2e-5
    - 4 :   2, 10,  573,    4,  9,     6,  2,     2,  9,     2, 19,   2346, 6.2e-5
    - 5 :   2, 10,  573,    5,  8,     6,  2,     2, 10,     2, 19,   2698, 6.0e-5
    - 6 :   2, 10,  598,    6,  7,     7,  2,     2, 10,     2, 19,   3173, 6.3e-5
    - 7 :   2, 10,  569,    5,  8,     6,  2,     3,  7,     2, 19,   3782, 5.9e-5
    - 8 :   2, 10,  602,    6,  7,     7,  2,     3,  8,     2, 19,   4484, 6.2e-5
    - 9 :   2, 10,  565,    8,  5,    13,  1,     3,  8,     2, 19,   5315, 5.8e-5
    - 10:   2, 10,  565,    7,  6,    13,  1,     4,  6,     2, 19,   6200, 6.3e-5
    - 11:   2, 10,  571,    7,  6,    13,  1,     5,  5,     2, 19,   7636, 6.3e-5
    - 12:   2, 10,  564,    7,  6,    13,  1,     7,  4,     2, 19,  10300, 6.1e-5
    - 13:   2, 10,  589,    9,  5,    14,  1,     7,  4,     2, 19,  12855, 6.3e-5
    - 14:   2, 10,  572,   14,  3,    13,  1,     7,  4,     3, 15,  18816, 6.1e-5
    - 15:   2, 10,  570,   14,  3,    13,  1,    10,  3,     3, 15,  26282, 6.2e-5
    - 16:   2, 10,  578,   22,  2,    13,  1,    11,  3,     3, 15,  42213, 6.3e-5
    - 17:   2, 10,  574,   44,  1,    13,  1,    16,  2,     3, 15, 111489, 6.0e-5
    # no solution starting from log norm2 = 18

  - 6: # bits
    -ln2:   k,  N,    n, br_l,br_b, ks_l,ks_b, cb_l,cb_b, pp_l,pp_b,  cost, p_error
    - 0 :   2, 10,  575,    2, 16,     6,  2,     2,  7,     1, 29,   1615, 6.0e-5
    - 1 :   2, 10,  559,    3, 12,     6,  2,     2,  8,     1, 29,   1992, 5.8e-5
    - 2 :   2, 10,  601,    3, 12,     7,  2,     2,  8,     1, 29,   2133, 6.3e-5
    - 3 :   2, 10,  557,    4,  9,     6,  2,     2,  9,     2, 19,   2734, 5.8e-5
    - 4 :   2, 10,  580,    4,  9,     6,  2,     2,  9,     2, 19,   2819, 5.9e-5
    - 5 :   2, 10,  580,    5,  8,     6,  2,     2, 10,     2, 19,   3247, 5.9e-5
    - 6 :   2, 10,  572,    4,  9,     6,  2,     3,  7,     2, 19,   3912, 6.3e-5
    - 7 :   2, 10,  573,    5,  8,     6,  2,     3,  7,     2, 19,   4505, 6.2e-5
    - 8 :   2, 10,  562,    7,  6,     6,  2,     3,  8,     2, 19,   5590, 6.0e-5
    - 9 :   2, 10,  572,    8,  5,    13,  1,     3,  8,     2, 19,   6368, 6.2e-5
    - 10:   2, 10,  573,    7,  6,    13,  1,     4,  6,     2, 19,   7408, 6.1e-5
    - 11:   2, 10,  584,    7,  6,    13,  1,     5,  5,     2, 19,   9167, 6.2e-5
    - 12:   2, 10,  571,    7,  6,    13,  1,     7,  4,     2, 19,  12227, 6.2e-5
    - 13:   2, 10,  601,   11,  4,    14,  1,     6,  5,     3, 15,  16626, 6.3e-5
    - 14:   2, 10,  585,   14,  3,    14,  1,     7,  4,     3, 15,  22564, 6.2e-5
    - 15:   2, 10,  582,   14,  3,    13,  1,    10,  3,     3, 15,  31378, 6.3e-5
    - 16:   2, 10,  608,   22,  2,    14,  1,    11,  3,     3, 15,  51817, 6.3e-5
    - 17:   2, 10,  590,   44,  1,    14,  1,    16,  2,     3, 15, 134029, 6.2e-5
    # no solution starting from log norm2 = 18

  - 7: # bits
    -ln2:   k,  N,    n, br_l,br_b, ks_l,ks_b, cb_l,cb_b, pp_l,pp_b,  cost, p_error
    - 0 :   2, 10,  581,    2, 16,     6,  2,     2,  7,     1, 29,   1889, 6.2e-5
    - 1 :   2, 10,  560,    3, 12,     6,  2,     2,  8,     1, 29,   2317, 6.0e-5
    - 2 :   2, 10,  566,    3, 12,     6,  2,     2,  9,     2, 19,   2722, 5.7e-5
    - 3 :   2, 10,  558,    4,  9,     6,  2,     2,  9,     2, 19,   3175, 5.4e-5
    - 4 :   2, 10,  584,    4,  9,     7,  2,     2,  9,     2, 19,   3306, 5.9e-5
    - 5 :   2, 10,  584,    5,  8,     7,  2,     2, 10,     2, 19,   3809, 6.0e-5
    - 6 :   2, 10,  578,    4,  9,     6,  2,     3,  7,     2, 19,   4555, 5.8e-5
    - 7 :   2, 10,  576,    5,  8,     7,  2,     3,  7,     2, 19,   5246, 6.2e-5
    - 8 :   2, 10,  564,    7,  6,     6,  2,     3,  8,     2, 19,   6485, 5.7e-5
    - 9 :   2, 10,  584,    8,  5,    13,  1,     3,  8,     2, 19,   7497, 6.2e-5
    - 10:   2, 10,  585,    7,  6,    13,  1,     4,  6,     2, 19,   8691, 6.1e-5
    - 11:   2, 10,  617,    7,  6,    14,  1,     5,  5,     2, 19,  11063, 6.3e-5
    - 12:   2, 10,  582,    7,  6,    13,  1,     7,  4,     2, 19,  14271, 6.2e-5
    - 13:   2, 10,  558,   11,  4,    13,  1,     7,  4,     2, 19,  19378, 5.6e-5
    - 14:   2, 10,  580,   15,  3,    13,  1,     7,  4,     3, 15,  27185, 6.0e-5
    - 15:   2, 10,  570,   15,  3,    13,  1,    10,  3,     3, 15,  37376, 6.0e-5
    - 16:   2, 10,  577,   22,  2,    13,  1,    15,  2,     3, 15,  76303, 6.2e-5
    - 17:   2, 10,  604,   45,  1,    14,  1,    16,  2,     3, 15, 160362, 6.3e-5
    # no solution starting from log norm2 = 18

  - 8: # bits
    -ln2:   k,  N,    n, br_l,br_b, ks_l,ks_b, cb_l,cb_b, pp_l,pp_b,  cost, p_error
    - 0 :   2, 10,  590,    2, 16,     6,  2,     2,  7,     1, 29,   2177, 6.0e-5
    - 1 :   2, 10,  561,    3, 12,     6,  2,     2,  8,     1, 29,   2644, 6.1e-5
    - 2 :   2, 10,  568,    3, 12,     6,  2,     2,  9,     2, 19,   3104, 6.1e-5
    - 3 :   2, 10,  559,    4,  9,     6,  2,     2,  9,     2, 19,   3618, 5.1e-5
    - 4 :   2, 10,  593,    4,  9,     7,  2,     2,  9,     2, 19,   3807, 6.2e-5
    - 5 :   2, 10,  594,    5,  8,     7,  2,     2, 10,     2, 19,   4396, 6.1e-5
    - 6 :   2, 10,  580,    4,  9,     7,  2,     3,  7,     2, 19,   5200, 6.3e-5
    - 7 :   2, 10,  582,    5,  8,     7,  2,     3,  7,     2, 19,   6002, 5.8e-5
    - 8 :   2, 10,  566,    7,  6,     6,  2,     3,  8,     2, 19,   7385, 5.7e-5
    - 9 :   2, 10,  560,    6,  7,    13,  1,     4,  6,     2, 19,   8537, 5.8e-5
    - 10:   2, 10,  609,    7,  6,    14,  1,     4,  6,     2, 19,  10202, 6.3e-5
    - 11:   2, 10,  578,    8,  5,    13,  1,     5,  5,     2, 19,  13055, 6.0e-5
    - 12:   2, 10,  607,    7,  6,    14,  1,     7,  4,     2, 19,  16709, 6.3e-5
    - 13:   2, 10,  560,   11,  4,    13,  1,     7,  4,     2, 19,  21969, 6.3e-5
    - 14:   2, 10,  567,   11,  4,    13,  1,    10,  3,     2, 19,  30907, 6.0e-5
    - 15:   2, 10,  578,   15,  3,    13,  1,    10,  3,     3, 15,  42688, 6.2e-5
    - 16:   2, 10,  590,   22,  2,    14,  1,    15,  2,     3, 15,  87783, 6.1e-5
    - 17:   2, 10,  577,   44,  1,    13,  1,    32,  1,     3, 15, 332664, 6.3e-5
    # no solution starting from log norm2 = 18

  - 9: # bits
    -ln2:   k,  N,    n, br_l,br_b, ks_l,ks_b, cb_l,cb_b, pp_l,pp_b,  cost, p_error
    - 0 :   2, 10,  653,    3, 12,     7,  2,     2,  9,     2, 19,   3880, 6.3e-5
    - 1 :   2, 10,  609,    4,  9,     7,  2,     2,  9,     2, 19,   4358, 6.0e-5
    - 2 :   2, 10,  609,    5,  8,     7,  2,     2, 10,     2, 19,   5032, 6.2e-5
    - 3 :   2, 10,  619,    6,  7,     7,  2,     2, 10,     2, 19,   5784, 5.9e-5
    - 4 :   2, 10,  607,    5,  8,     7,  2,     3,  7,     2, 19,   6941, 6.0e-5
    - 5 :   2, 10,  620,    6,  7,     7,  2,     3,  8,     2, 19,   7999, 6.0e-5
    - 6 :   2, 10,  632,    7,  6,     7,  2,     3,  8,     2, 19,   9085, 6.3e-5
    - 7 :   2, 10,  611,    7,  6,     7,  2,     4,  6,     2, 19,  11264, 6.1e-5
    - 8 :   2, 10,  603,    7,  6,    14,  1,     5,  5,     2, 19,  13715, 6.1e-5
    - 9 :   2, 10,  621,    8,  5,    15,  1,     6,  5,     2, 19,  18248, 6.1e-5
    - 10:   2, 10,  609,    9,  5,    14,  1,     7,  4,     2, 19,  22527, 5.9e-5
    - 11:   2, 10,  627,   11,  4,    15,  1,     7,  4,     3, 15,  28759, 6.2e-5
    - 12:   2, 10,  616,   14,  3,    15,  1,    10,  3,     2, 19,  45150, 6.3e-5
    - 13:   2, 10,  614,   22,  2,    14,  1,    10,  3,     3, 15,  68954, 6.3e-5
    - 14:   2, 10,  642,   23,  2,    15,  1,    16,  2,     3, 15, 116523, 6.3e-5
    # no solution starting from log norm2 = 15

  - 10: # bits
    -ln2:   k,  N,    n, br_l,br_b, ks_l,ks_b, cb_l,cb_b, pp_l,pp_b,  cost, p_error
    - 0 :   2, 10,  601,    4,  9,     7,  2,     2,  9,     2, 19,   4780, 5.7e-5
    - 1 :   2, 10,  610,    4,  9,     7,  2,     2,  9,     2, 19,   4836, 6.3e-5
    - 2 :   2, 10,  611,    5,  8,     7,  2,     2, 10,     2, 19,   5594, 5.8e-5
    - 3 :   2, 10,  622,    6,  7,     7,  2,     2, 10,     2, 19,   6441, 6.2e-5
    - 4 :   2, 10,  608,    5,  8,     7,  2,     3,  7,     2, 19,   7688, 6.1e-5
    - 5 :   2, 10,  624,    6,  7,     7,  2,     3,  8,     2, 19,   8898, 6.1e-5
    - 6 :   2, 10,  636,    5,  8,     7,  2,     4,  6,     2, 19,  10159, 6.2e-5
    - 7 :   2, 10,  602,    7,  6,    14,  1,     4,  6,     2, 19,  12479, 6.3e-5
    - 8 :   2, 10,  605,    7,  6,    14,  1,     5,  5,     2, 19,  15185, 6.2e-5
    - 9 :   2, 10,  602,    7,  6,    14,  1,     7,  4,     2, 19,  20412, 6.2e-5
    - 10:   2, 10,  612,    9,  5,    14,  1,     7,  4,     2, 19,  24957, 6.3e-5
    - 11:   2, 10,  645,   11,  4,    15,  1,     7,  4,     3, 15,  32477, 6.3e-5
    - 12:   2, 10,  623,   14,  3,    15,  1,    10,  3,     2, 19,  50283, 6.1e-5
    - 13:   2, 10,  620,   22,  2,    14,  1,    10,  3,     3, 15,  76687, 6.3e-5
    - 14:   2, 10,  607,   44,  1,    14,  1,    16,  2,     3, 15, 218232, 6.0e-5
    # no solution starting from log norm2 = 15

  - 11: # bits
    -ln2:   k,  N,    n, br_l,br_b, ks_l,ks_b, cb_l,cb_b, pp_l,pp_b,  cost, p_error
    - 0 :   2, 10,  601,    4,  9,     7,  2,     2,  9,     2, 19,   5247, 5.9e-5
    - 1 :   2, 10,  612,    4,  9,     7,  2,     2,  9,     2, 19,   5321, 5.9e-5
    - 2 :   2, 10,  612,    5,  8,     7,  2,     2, 10,     2, 19,   6150, 6.2e-5
    - 3 :   2, 10,  627,    6,  7,     7,  2,     2, 10,     2, 19,   7121, 6.1e-5
    - 4 :   2, 10,  609,    5,  8,     7,  2,     3,  7,     2, 19,   8438, 6.2e-5
    - 5 :   2, 10,  629,    6,  7,     7,  2,     3,  8,     2, 19,   9819, 6.2e-5
    - 6 :   2, 10,  632,    5,  8,    15,  1,     4,  6,     2, 19,  11306, 6.2e-5
    - 7 :   2, 10,  604,    7,  6,    14,  1,     4,  6,     2, 19,  13703, 6.2e-5
    - 8 :   2, 10,  608,    7,  6,    14,  1,     5,  5,     2, 19,  16687, 6.0e-5
    - 9 :   2, 10,  604,    7,  6,    14,  1,     7,  4,     2, 19,  22381, 6.1e-5
    - 10:   2, 10,  617,    9,  5,    14,  1,     7,  4,     2, 19,  27483, 6.2e-5
    - 11:   2, 10,  644,   15,  3,    15,  1,     6,  5,     3, 15,  39425, 6.3e-5
    - 12:   2, 10,  632,   14,  3,    15,  1,    10,  3,     2, 19,  55668, 6.3e-5
    - 13:   2, 10,  627,   22,  2,    15,  1,    10,  3,     3, 15,  84695, 6.3e-5
    - 14:   2, 10,  610,   44,  1,    14,  1,    16,  2,     3, 15, 239485, 6.0e-5
    # no solution starting from log norm2 = 15

  - 12: # bits
    -ln2:   k,  N,    n, br_l,br_b, ks_l,ks_b, cb_l,cb_b, pp_l,pp_b,  cost, p_error
    - 0 :   2, 10,  601,    4,  9,     7,  2,     2,  9,     2, 19,   5247, 5.9e-5
    - 1 :   2, 10,  612,    4,  9,     7,  2,     2,  9,     2, 19,   5321, 5.9e-5
    - 2 :   2, 10,  612,    5,  8,     7,  2,     2, 10,     2, 19,   6150, 6.2e-5
    - 3 :   2, 10,  627,    6,  7,     7,  2,     2, 10,     2, 19,   7121, 6.1e-5
    - 4 :   2, 10,  609,    5,  8,     7,  2,     3,  7,     2, 19,   8438, 6.2e-5
    - 5 :   2, 10,  629,    6,  7,     7,  2,     3,  8,     2, 19,   9819, 6.2e-5
    - 6 :   2, 10,  632,    5,  8,    15,  1,     4,  6,     2, 19,  11306, 6.2e-5
    - 7 :   2, 10,  604,    7,  6,    14,  1,     4,  6,     2, 19,  13703, 6.2e-5
    - 8 :   2, 10,  608,    7,  6,    14,  1,     5,  5,     2, 19,  16687, 6.0e-5
    - 9 :   2, 10,  604,    7,  6,    14,  1,     7,  4,     2, 19,  22381, 6.1e-5
    - 10:   2, 10,  617,    9,  5,    14,  1,     7,  4,     2, 19,  27483, 6.2e-5
    - 11:   2, 10,  644,   15,  3,    15,  1,     6,  5,     3, 15,  39425, 6.3e-5
    - 12:   2, 10,  632,   14,  3,    15,  1,    10,  3,     2, 19,  55668, 6.3e-5
    - 13:   2, 10,  627,   22,  2,    15,  1,    10,  3,     3, 15,  84695, 6.3e-5
    - 14:   2, 10,  610,   44,  1,    14,  1,    16,  2,     3, 15, 239485, 6.0e-5
    # no solution starting from log norm2 = 15

  - 13: # bits
    -ln2:   k,  N,    n, br_l,br_b, ks_l,ks_b, cb_l,cb_b, pp_l,pp_b,  cost, p_error
    - 0 :   2, 10,  602,    4,  9,     7,  2,     2,  9,     2, 19,   7008, 5.9e-5
    - 1 :   2, 10,  619,    4,  9,     7,  2,     2,  9,     2, 19,   7162, 6.2e-5
    - 2 :   2, 10,  620,    5,  8,     7,  2,     2, 10,     2, 19,   8290, 6.1e-5
    - 3 :   2, 10,  615,    4,  9,     7,  2,     3,  7,     2, 19,   9829, 5.9e-5
    - 4 :   2, 10,  615,    5,  8,     7,  2,     3,  7,     2, 19,  11342, 5.8e-5
    - 5 :   2, 10,  607,    7,  6,     7,  2,     3,  8,     2, 19,  14212, 5.6e-5
    - 6 :   2, 10,  626,    8,  5,     7,  2,     3,  8,     2, 19,  16125, 6.2e-5
    - 7 :   2, 10,  614,    7,  6,    14,  1,     4,  6,     2, 19,  18528, 6.1e-5
    - 8 :   2, 10,  622,    7,  6,    14,  1,     5,  5,     2, 19,  22679, 6.3e-5
    - 9 :   2, 10,  614,    7,  6,    14,  1,     7,  4,     2, 19,  30255, 6.1e-5
    - 10:   2, 10,  635,   11,  4,    15,  1,     6,  5,     3, 15,  40685, 6.3e-5
    - 11:   2, 10,  623,   14,  3,    15,  1,     7,  4,     3, 15,  55528, 6.1e-5
    - 12:   2, 10,  622,   14,  3,    15,  1,    10,  3,     3, 15,  77026, 6.2e-5
    - 13:   2, 10,  639,   22,  2,    15,  1,    11,  3,     3, 15, 125589, 6.2e-5
    - 14:   2, 10,  628,   44,  1,    15,  1,    16,  2,     3, 15, 328247, 6.1e-5
    # no solution starting from log norm2 = 15

  - 14: # bits
    -ln2:   k,  N,    n, br_l,br_b, ks_l,ks_b, cb_l,cb_b, pp_l,pp_b,  cost, p_error
    - 0 :   2, 10,  602,    4,  9,     7,  2,     2,  9,     2, 19,   7008, 5.9e-5
    - 1 :   2, 10,  619,    4,  9,     7,  2,     2,  9,     2, 19,   7162, 6.2e-5
    - 2 :   2, 10,  620,    5,  8,     7,  2,     2, 10,     2, 19,   8290, 6.1e-5
    - 3 :   2, 10,  615,    4,  9,     7,  2,     3,  7,     2, 19,   9829, 5.9e-5
    - 4 :   2, 10,  615,    5,  8,     7,  2,     3,  7,     2, 19,  11342, 5.8e-5
    - 5 :   2, 10,  607,    7,  6,     7,  2,     3,  8,     2, 19,  14212, 5.6e-5
    - 6 :   2, 10,  626,    8,  5,     7,  2,     3,  8,     2, 19,  16125, 6.2e-5
    - 7 :   2, 10,  614,    7,  6,    14,  1,     4,  6,     2, 19,  18528, 6.1e-5
    - 8 :   2, 10,  622,    7,  6,    14,  1,     5,  5,     2, 19,  22679, 6.3e-5
    - 9 :   2, 10,  614,    7,  6,    14,  1,     7,  4,     2, 19,  30255, 6.1e-5
    - 10:   2, 10,  635,   11,  4,    15,  1,     6,  5,     3, 15,  40685, 6.3e-5
    - 11:   2, 10,  623,   14,  3,    15,  1,     7,  4,     3, 15,  55528, 6.1e-5
    - 12:   2, 10,  622,   14,  3,    15,  1,    10,  3,     3, 15,  77026, 6.2e-5
    - 13:   2, 10,  639,   22,  2,    15,  1,    11,  3,     3, 15, 125589, 6.2e-5
    - 14:   2, 10,  628,   44,  1,    15,  1,    16,  2,     3, 15, 328247, 6.1e-5
    # no solution starting from log norm2 = 15

  - 15: # bits
    -ln2:   k,  N,    n, br_l,br_b, ks_l,ks_b, cb_l,cb_b, pp_l,pp_b,  cost, p_error
    - 0 :   2, 10,  602,    4,  9,     7,  2,     2,  9,     2, 19,   7008, 5.9e-5
    - 1 :   2, 10,  619,    4,  9,     7,  2,     2,  9,     2, 19,   7162, 6.2e-5
    - 2 :   2, 10,  620,    5,  8,     7,  2,     2, 10,     2, 19,   8290, 6.1e-5
    - 3 :   2, 10,  615,    4,  9,     7,  2,     3,  7,     2, 19,   9829, 5.9e-5
    - 4 :   2, 10,  615,    5,  8,     7,  2,     3,  7,     2, 19,  11342, 5.8e-5
    - 5 :   2, 10,  607,    7,  6,     7,  2,     3,  8,     2, 19,  14212, 5.6e-5
    - 6 :   2, 10,  626,    8,  5,     7,  2,     3,  8,     2, 19,  16125, 6.2e-5
    - 7 :   2, 10,  614,    7,  6,    14,  1,     4,  6,     2, 19,  18528, 6.1e-5
    - 8 :   2, 10,  622,    7,  6,    14,  1,     5,  5,     2, 19,  22679, 6.3e-5
    - 9 :   2, 10,  614,    7,  6,    14,  1,     7,  4,     2, 19,  30255, 6.1e-5
    - 10:   2, 10,  635,   11,  4,    15,  1,     6,  5,     3, 15,  40685, 6.3e-5
    - 11:   2, 10,  623,   14,  3,    15,  1,     7,  4,     3, 15,  55528, 6.1e-5
    - 12:   2, 10,  622,   14,  3,    15,  1,    10,  3,     3, 15,  77026, 6.2e-5
    - 13:   2, 10,  639,   22,  2,    15,  1,    11,  3,     3, 15, 125589, 6.2e-5
    - 14:   2, 10,  628,   44,  1,    15,  1,    16,  2,     3, 15, 328247, 6.1e-5
    # no solution starting from log norm2 = 15

  - 16: # bits
    -ln2:   k,  N,    n, br_l,br_b, ks_l,ks_b, cb_l,cb_b, pp_l,pp_b,  cost, p_error
    - 0 :   2, 10,  603,    4,  9,     7,  2,     2,  9,     2, 19,   7845, 5.5e-5
    - 1 :   2, 10,  624,    4,  9,     7,  2,     2,  9,     2, 19,   8057, 6.1e-5
    - 2 :   2, 10,  625,    5,  8,     7,  2,     2, 10,     2, 19,   9324, 6.3e-5
    - 3 :   2, 10,  618,    4,  9,     7,  2,     3,  7,     2, 19,  11052, 6.1e-5
    - 4 :   2, 10,  618,    5,  8,     7,  2,     3,  7,     2, 19,  12750, 5.9e-5
    - 5 :   2, 10,  608,    7,  6,     7,  2,     3,  8,     2, 19,  15928, 5.8e-5
    - 6 :   2, 10,  622,    8,  5,    14,  1,     3,  8,     2, 19,  18251, 6.3e-5
    - 7 :   2, 10,  621,    7,  6,    14,  1,     4,  6,     2, 19,  20961, 6.3e-5
    - 8 :   2, 10,  635,    7,  6,    15,  1,     5,  5,     2, 19,  25921, 6.2e-5
    - 9 :   2, 10,  621,    7,  6,    15,  1,     7,  4,     2, 19,  34329, 6.1e-5
    - 10:   2, 10,  601,   11,  4,    14,  1,     7,  4,     2, 19,  47083, 6.2e-5
    - 11:   2, 10,  637,   14,  3,    15,  1,     7,  4,     3, 15,  63504, 6.3e-5
    - 12:   2, 10,  637,   14,  3,    15,  1,    10,  3,     3, 15,  88277, 6.3e-5
    - 13:   2, 10,  616,   22,  2,    14,  1,    15,  2,     3, 15, 183097, 6.2e-5
    - 14:   2, 10,  633,   45,  1,    15,  1,    16,  2,     3, 15, 379349, 6.2e-5
    # no solution starting from log norm2 = 15
