security level: 80
target p_error: 6.3e-5
per precision and log norm2:

  - 1: # bits
    -ln2:   k,  N,    n, br_l,br_b, ks_l,ks_b, cb_l,cb_b,  cost, p_error
    - 0 :   1, 10,  452,    5,  7,     5,  3,     1, 11,     91, 6.0e-5
    - 1 :   1, 10,  450,    3, 10,     4,  3,     2,  7,    115, 1.7e-5
    - 2 :   1, 10,  450,    4,  8,     4,  3,     2,  7,    146, 6.0e-6
    - 3 :   1, 10,  453,    4,  8,     7,  2,     2,  7,    149, 6.2e-5
    - 4 :   1, 10,  452,    6,  6,     5,  3,     2,  8,    209, 5.9e-5
    - 5 :   1, 10,  450,    5,  7,     7,  2,     3,  6,    266, 3.5e-5
    - 6 :   1, 10,  450,    7,  5,     4,  3,     3,  6,    356, 2.4e-5
    - 7 :   1, 10,  450,    9,  4,     7,  2,     3,  6,    452, 4.4e-5
    - 8 :   1, 11,  454,    6,  7,     5,  3,     2, 10,    541, 5.8e-5
    - 9 :   1, 11,  450,    5,  8,     5,  3,     3,  7,    681, 6.6e-6
    - 10:   1, 11,  450,    6,  7,     7,  2,     3,  8,    807, 2.0e-5
    - 11:   1, 11,  450,    5,  8,     7,  2,     4,  6,    909, 5.7e-5
    - 12:   2, 10,  458,    5,  8,     7,  2,     5,  5,   1157, 6.3e-5
    - 13:   1, 11,  450,    7,  6,     5,  3,     5,  5,   1536, 4.5e-5
    - 14:   1, 11,  450,    8,  5,     7,  2,     6,  5,   2089, 4.3e-5
    - 15:   2, 10,  451,    8,  5,    15,  1,     7,  4,   2510, 6.3e-5
    - 16:   1, 11,  457,   11,  4,    15,  1,     7,  4,   3335, 6.3e-5
    - 17:   1, 11,  450,   14,  3,     5,  3,    10,  3,   5908, 4.7e-5
    - 18:   1, 11,  450,   22,  2,     7,  2,    10,  3,   9161, 3.5e-5
    - 19:   2, 10,  452,   22,  2,    15,  1,    16,  2,  15241, 6.2e-5
    # no solution starting from log norm2 = 20

  - 2: # bits
    -ln2:   k,  N,    n, br_l,br_b, ks_l,ks_b, cb_l,cb_b,  cost, p_error
    - 0 :   1, 10,  450,    3, 10,     5,  3,     2,  7,    276, 5.4e-5
    - 1 :   1, 10,  450,    4,  8,     4,  3,     2,  7,    348, 3.6e-5
    - 2 :   1, 10,  450,    4,  8,     4,  3,     3,  6,    491, 1.3e-5
    - 3 :   1, 10,  450,    7,  5,     5,  3,     2,  8,    569, 3.1e-5
    - 4 :   1, 10,  450,    6,  6,     4,  3,     3,  6,    699, 5.6e-5
    - 5 :   1, 10,  450,    7,  5,     7,  2,     3,  6,    808, 3.2e-5
    - 6 :   2, 10,  450,    5,  8,     7,  2,     2, 10,   1039, 5.2e-5
    - 7 :   2, 10,  450,    4,  9,     7,  2,     3,  7,   1220, 2.5e-5
    - 8 :   2, 10,  450,    5,  8,     7,  2,     3,  7,   1493, 4.6e-5
    - 9 :   2, 10,  450,    5,  8,     5,  3,     4,  6,   1940, 3.8e-5
    - 10:   2, 10,  450,    6,  7,     7,  2,     4,  6,   2305, 8.2e-6
    - 11:   1, 11,  452,    7,  6,    15,  1,     4,  6,   2699, 6.3e-5
    - 12:   1, 11,  450,    8,  5,     7,  2,     5,  5,   3704, 2.0e-5
    - 13:   2, 10,  452,    7,  6,     7,  2,     7,  4,   4545, 6.2e-5
    - 14:   1, 11,  450,   11,  4,     5,  3,     7,  4,   6862, 2.7e-5
    - 15:   1, 11,  450,   15,  3,    14,  1,     7,  4,   9267, 5.6e-5
    - 16:   1, 11,  450,   15,  3,     7,  2,    10,  3,  13026, 6.2e-5
    - 17:   1, 11,  450,   22,  2,    14,  1,    15,  2,  28059, 4.2e-5
    - 18:   2, 10,  466,   45,  1,    16,  1,    16,  2,  63526, 6.3e-5
    # no solution starting from log norm2 = 19

  - 3: # bits
    -ln2:   k,  N,    n, br_l,br_b, ks_l,ks_b, cb_l,cb_b,  cost, p_error
    - 0 :   1, 10,  450,    4,  8,     5,  3,     2,  7,    552, 4.9e-5
    - 1 :   1, 10,  450,    4,  8,     4,  3,     3,  6,    764, 4.2e-5
    - 2 :   1, 10,  454,    7,  5,     7,  2,     2,  8,    910, 6.3e-5
    - 3 :   1, 10,  450,    6,  6,     7,  2,     3,  6,   1095, 3.1e-5
    - 4 :   2, 10,  464,    3, 12,     7,  2,     3,  7,   1480, 6.3e-5
    - 5 :   2, 10,  450,    4,  9,     5,  3,     3,  7,   1864, 1.8e-5
    - 6 :   2, 10,  450,    5,  8,     5,  3,     3,  7,   2283, 2.4e-5
    - 7 :   2, 10,  450,    6,  7,     5,  3,     3,  8,   2702, 6.2e-5
    - 8 :   2, 10,  453,    5,  8,     5,  3,     4,  6,   2974, 6.3e-5
    - 9 :   2, 10,  450,    6,  7,     7,  2,     4,  6,   3521, 4.9e-5
    - 10:   2, 10,  451,    6,  7,    15,  1,     5,  5,   4377, 6.3e-5
    - 11:   1, 11,  450,    9,  5,    14,  1,     5,  5,   6361, 5.7e-5
    - 12:   1, 11,  450,    8,  5,     7,  2,     7,  4,   7743, 2.6e-5
    - 13:   1, 11,  450,   11,  4,     7,  2,     7,  4,  10450, 1.9e-5
    - 14:   1, 11,  450,   11,  4,    14,  1,    10,  3,  14699, 4.5e-5
    - 15:   1, 11,  450,   14,  3,     7,  2,    15,  2,  27315, 2.7e-5
    - 16:   1, 11,  450,   22,  2,     7,  2,    16,  2,  45077, 4.3e-5
    - 17:   2, 10,  451,   45,  1,    15,  1,    33,  1, 192632, 6.2e-5
    # no solution starting from log norm2 = 18

  - 4: # bits
    -ln2:   k,  N,    n, br_l,br_b, ks_l,ks_b, cb_l,cb_b,  cost, p_error
    - 0 :   1, 10,  450,    3, 10,     7,  2,     3,  5,   1177, 6.3e-5
    - 1 :   1, 10,  465,    4,  8,    15,  1,     3,  5,   1573, 6.3e-5
    - 2 :   1, 10,  450,    6,  6,     4,  3,     3,  6,   2097, 2.4e-5
    - 3 :   1, 10,  450,    7,  5,     5,  3,     3,  6,   2415, 2.8e-5
    - 4 :   2, 10,  455,    5,  8,     5,  3,     2, 10,   3115, 6.1e-5
    - 5 :   2, 10,  452,    4,  9,     5,  3,     3,  7,   3648, 5.9e-5
    - 6 :   2, 10,  450,    5,  8,     7,  2,     3,  7,   4480, 1.3e-5
    - 7 :   2, 10,  458,    6,  7,     8,  2,     3,  8,   5359, 6.3e-5
    - 8 :   2, 10,  450,    6,  7,     5,  3,     4,  6,   6896, 4.5e-5
    - 9 :   1, 11,  450,    7,  6,     7,  2,     4,  6,   7988, 1.7e-5
    - 10:   1, 11,  450,    7,  6,     7,  2,     5,  5,   9822, 4.3e-5
    - 11:   1, 11,  450,    7,  6,     7,  2,     7,  4,  13489, 2.7e-5
    - 12:   2, 10,  450,    9,  5,    14,  1,     7,  4,  17360, 5.0e-5
    - 13:   1, 11,  450,   14,  3,     7,  2,     7,  4,  25948, 4.0e-5
    - 14:   1, 11,  450,   14,  3,     7,  2,    10,  3,  36567, 4.7e-5
    - 15:   2, 10,  450,   15,  3,    14,  1,    16,  2,  63590, 4.5e-5
    - 16:   1, 11,  450,   44,  1,    14,  1,    16,  2, 177082, 5.2e-5
    # no solution starting from log norm2 = 17

  - 5: # bits
    -ln2:   k,  N,    n, br_l,br_b, ks_l,ks_b, cb_l,cb_b,  cost, p_error
    - 0 :   1, 10,  450,    3, 10,     7,  2,     3,  5,   1177, 6.3e-5
    - 1 :   1, 10,  465,    4,  8,    15,  1,     3,  5,   1573, 6.3e-5
    - 2 :   1, 10,  450,    6,  6,     4,  3,     3,  6,   2097, 2.4e-5
    - 3 :   1, 10,  450,    7,  5,     5,  3,     3,  6,   2415, 2.8e-5
    - 4 :   2, 10,  455,    5,  8,     5,  3,     2, 10,   3115, 6.1e-5
    - 5 :   2, 10,  452,    4,  9,     5,  3,     3,  7,   3648, 5.9e-5
    - 6 :   2, 10,  450,    5,  8,     7,  2,     3,  7,   4480, 1.3e-5
    - 7 :   2, 10,  458,    6,  7,     8,  2,     3,  8,   5359, 6.3e-5
    - 8 :   2, 10,  450,    6,  7,     5,  3,     4,  6,   6896, 4.5e-5
    - 9 :   1, 11,  450,    7,  6,     7,  2,     4,  6,   7988, 1.7e-5
    - 10:   1, 11,  450,    7,  6,     7,  2,     5,  5,   9822, 4.3e-5
    - 11:   1, 11,  450,    7,  6,     7,  2,     7,  4,  13489, 2.7e-5
    - 12:   2, 10,  450,    9,  5,    14,  1,     7,  4,  17360, 5.0e-5
    - 13:   1, 11,  450,   14,  3,     7,  2,     7,  4,  25948, 4.0e-5
    - 14:   1, 11,  450,   14,  3,     7,  2,    10,  3,  36567, 4.7e-5
    - 15:   2, 10,  450,   15,  3,    14,  1,    16,  2,  63590, 4.5e-5
    - 16:   1, 11,  450,   44,  1,    14,  1,    16,  2, 177082, 5.2e-5
    # no solution starting from log norm2 = 17

  - 6: # bits
    -ln2:   k,  N,    n, br_l,br_b, ks_l,ks_b, cb_l,cb_b,  cost, p_error
    - 0 :   1, 10,  450,    4,  8,     4,  3,     3,  6,   1747, 9.7e-6
    - 1 :   1, 10,  450,    7,  5,     4,  3,     2,  8,   2032, 5.9e-5
    - 2 :   1, 10,  450,    6,  6,     4,  3,     3,  6,   2486, 3.7e-5
    - 3 :   1, 10,  450,    7,  5,     5,  3,     3,  6,   2862, 5.2e-5
    - 4 :   1, 10,  450,    7,  5,     5,  3,     4,  5,   3686, 5.3e-5
    - 5 :   2, 10,  450,    4,  9,     7,  2,     3,  7,   4315, 1.4e-5
    - 6 :   2, 10,  450,    5,  8,     7,  2,     3,  7,   5280, 2.5e-5
    - 7 :   2, 10,  450,    5,  8,     5,  3,     4,  6,   6845, 2.9e-5
    - 8 :   2, 10,  451,    6,  7,     5,  3,     4,  6,   8117, 5.3e-5
    - 9 :   1, 11,  450,    7,  6,     7,  2,     4,  6,   9416, 4.7e-5
    - 10:   1, 11,  453,    7,  6,    15,  1,     5,  5,  11705, 6.3e-5
    - 11:   1, 11,  453,    7,  6,     7,  2,     7,  4,  15902, 6.2e-5
    - 12:   2, 10,  456,   11,  4,    15,  1,     6,  5,  21429, 6.2e-5
    - 13:   1, 11,  451,   14,  3,    15,  1,     7,  4,  30598, 6.2e-5
    - 14:   1, 11,  458,   14,  3,    15,  1,    10,  3,  43427, 6.2e-5
    - 15:   2, 10,  458,   22,  2,    15,  1,    11,  3,  75555, 6.3e-5
    - 16:   2, 10,  451,   44,  1,    15,  1,    16,  2, 214659, 6.3e-5
    # no solution starting from log norm2 = 17

  - 7: # bits
    -ln2:   k,  N,    n, br_l,br_b, ks_l,ks_b, cb_l,cb_b,  cost, p_error
    - 0 :   1, 10,  450,    4,  8,     4,  3,     3,  6,   2020, 1.3e-5
    - 1 :   1, 10,  450,    7,  5,     5,  3,     2,  8,   2367, 3.1e-5
    - 2 :   1, 10,  450,    6,  6,     4,  3,     3,  6,   2875, 5.6e-5
    - 3 :   1, 10,  450,    7,  5,     7,  2,     3,  6,   3323, 3.2e-5
    - 4 :   2, 10,  450,    5,  8,     7,  2,     2, 10,   4265, 5.2e-5
    - 5 :   2, 10,  450,    4,  9,     7,  2,     3,  7,   4969, 2.5e-5
    - 6 :   2, 10,  450,    5,  8,     7,  2,     3,  7,   6081, 4.6e-5
    - 7 :   2, 10,  450,    5,  8,     5,  3,     4,  6,   7868, 3.8e-5
    - 8 :   2, 10,  450,    6,  7,     7,  2,     4,  6,   9348, 8.2e-6
    - 9 :   1, 11,  452,    7,  6,    15,  1,     4,  6,  10990, 6.3e-5
    - 10:   1, 11,  450,    8,  5,     7,  2,     5,  5,  15037, 2.0e-5
    - 11:   2, 10,  452,    7,  6,     7,  2,     7,  4,  18326, 6.2e-5
    - 12:   1, 11,  450,   11,  4,     5,  3,     7,  4,  27741, 2.7e-5
    - 13:   1, 11,  450,   15,  3,    14,  1,     7,  4,  37460, 5.6e-5
    - 14:   1, 11,  450,   15,  3,     7,  2,    10,  3,  52494, 6.2e-5
    - 15:   1, 11,  450,   22,  2,    14,  1,    15,  2, 112798, 4.2e-5
    - 16:   2, 10,  466,   45,  1,    16,  1,    16,  2, 254982, 6.3e-5
    # no solution starting from log norm2 = 17

  - 8: # bits
    -ln2:   k,  N,    n, br_l,br_b, ks_l,ks_b, cb_l,cb_b,  cost, p_error
    - 0 :   1, 10,  450,    4,  8,     4,  3,     3,  6,   2293, 1.8e-5
    - 1 :   1, 10,  450,    7,  5,     5,  3,     2,  8,   2697, 5.0e-5
    - 2 :   1, 10,  450,    6,  6,     5,  3,     3,  6,   3271, 2.7e-5
    - 3 :   1, 10,  450,    7,  5,     7,  2,     3,  6,   3773, 6.0e-5
    - 4 :   1, 10,  450,    7,  5,     7,  2,     4,  5,   4832, 6.1e-5
    - 5 :   2, 10,  450,    4,  9,     7,  2,     3,  7,   5623, 4.2e-5
    - 6 :   2, 10,  454,    5,  8,     7,  2,     3,  7,   6913, 6.2e-5
    - 7 :   2, 10,  450,    5,  8,     5,  3,     4,  6,   8892, 5.0e-5
    - 8 :   2, 10,  450,    6,  7,     7,  2,     4,  6,  10564, 1.4e-5
    - 9 :   2, 10,  450,    6,  7,     7,  2,     5,  5,  12989, 2.9e-5
    - 10:   1, 11,  450,    8,  5,     7,  2,     5,  5,  16998, 4.4e-5
    - 11:   2, 10,  455,    7,  6,    15,  1,     7,  4,  20866, 6.3e-5
    - 12:   1, 11,  450,   11,  4,     5,  3,     7,  4,  31318, 4.4e-5
    - 13:   1, 11,  450,   11,  4,     7,  2,    10,  3,  43988, 1.0e-5
    - 14:   1, 11,  461,   15,  3,    15,  1,    10,  3,  60251, 6.3e-5
    - 15:   1, 11,  462,   22,  2,    16,  1,    15,  2, 129262, 6.3e-5
    - 16:   1, 11,  451,   44,  1,    15,  1,    32,  1, 528450, 6.1e-5
    # no solution starting from log norm2 = 17

  - 9: # bits
    -ln2:   k,  N,    n, br_l,br_b, ks_l,ks_b, cb_l,cb_b,  cost, p_error
    - 0 :   1, 10,  453,    7,  5,     5,  3,     2,  8,   3043, 6.2e-5
    - 1 :   1, 10,  450,    6,  6,     5,  3,     3,  6,   3661, 4.2e-5
    - 2 :   1, 10,  450,    6,  6,     7,  2,     4,  5,   4702, 3.3e-5
    - 3 :   2, 10,  450,    4,  9,     5,  3,     3,  7,   6242, 1.4e-5
    - 4 :   2, 10,  452,    4,  9,     7,  2,     3,  7,   6293, 6.0e-5
    - 5 :   2, 10,  467,    5,  8,     8,  2,     3,  7,   7853, 6.2e-5
    - 6 :   2, 10,  451,    5,  8,     5,  3,     4,  6,   9927, 5.3e-5
    - 7 :   2, 10,  450,    6,  7,     7,  2,     4,  6,  11779, 2.2e-5
    - 8 :   2, 10,  450,    6,  7,     7,  2,     5,  5,  14474, 4.7e-5
    - 9 :   1, 11,  450,    8,  5,    14,  1,     5,  5,  19083, 5.5e-5
    - 10:   1, 11,  450,    8,  5,     7,  2,     7,  4,  25884, 7.2e-6
    - 11:   1, 11,  450,   11,  4,     7,  2,     7,  4,  34931, 5.3e-6
    - 12:   1, 11,  450,   11,  4,     7,  2,    10,  3,  48973, 2.2e-5
    - 13:   2, 10,  455,   15,  3,    15,  1,    10,  3,  67828, 6.3e-5
    - 14:   1, 11,  450,   22,  2,     7,  2,    16,  2, 150445, 1.3e-5
    - 15:   2, 10,  453,   44,  1,    15,  1,    32,  1, 610580, 6.2e-5
    # no solution starting from log norm2 = 16

  - 10: # bits
    -ln2:   k,  N,    n, br_l,br_b, ks_l,ks_b, cb_l,cb_b,  cost, p_error
    - 0 :   1, 10,  450,    7,  5,     7,  2,     2,  8,   3375, 4.4e-5
    - 1 :   1, 10,  450,    6,  6,     5,  3,     3,  6,   4051, 6.2e-5
    - 2 :   1, 10,  450,    6,  6,     7,  2,     4,  5,   5196, 5.4e-5
    - 3 :   2, 10,  450,    4,  9,     5,  3,     3,  7,   6893, 1.6e-5
    - 4 :   2, 10,  461,    4,  9,     8,  2,     3,  7,   7044, 6.3e-5
    - 5 :   1, 11,  461,    5,  8,     8,  2,     3,  7,   8860, 6.3e-5
    - 6 :   2, 10,  452,    5,  8,     5,  3,     4,  6,  10965, 5.7e-5
    - 7 :   2, 10,  450,    6,  7,     7,  2,     4,  6,  12995, 3.3e-5
    - 8 :   2, 10,  453,    6,  7,     7,  2,     5,  5,  16013, 6.1e-5
    - 9 :   1, 11,  469,    8,  5,    16,  1,     5,  5,  21688, 6.3e-5
    - 10:   1, 11,  450,    8,  5,     7,  2,     7,  4,  28538, 1.4e-5
    - 11:   1, 11,  450,   11,  4,     7,  2,     7,  4,  38512, 1.1e-5
    - 12:   1, 11,  450,   11,  4,     7,  2,    10,  3,  53958, 4.1e-5
    - 13:   2, 10,  457,   15,  3,    15,  1,    11,  3,  82073, 6.2e-5
    - 14:   1, 11,  450,   22,  2,     7,  2,    16,  2, 165659, 2.4e-5
    - 15:   2, 10,  457,   45,  1,    15,  1,    32,  1, 689737, 6.3e-5
    # no solution starting from log norm2 = 16

  - 11: # bits
    -ln2:   k,  N,    n, br_l,br_b, ks_l,ks_b, cb_l,cb_b,  cost, p_error
    - 0 :   1, 10,  454,    7,  5,     7,  2,     2,  8,   3734, 6.3e-5
    - 1 :   1, 10,  450,    6,  6,     7,  2,     3,  6,   4462, 3.1e-5
    - 2 :   2, 10,  461,    3, 12,     8,  2,     3,  7,   5993, 6.3e-5
    - 3 :   2, 10,  450,    4,  9,     5,  3,     3,  7,   7544, 1.8e-5
    - 4 :   2, 10,  450,    5,  8,     5,  3,     3,  7,   9239, 2.4e-5
    - 5 :   2, 10,  450,    6,  7,     5,  3,     3,  8,  10934, 6.2e-5
    - 6 :   2, 10,  453,    5,  8,     5,  3,     4,  6,  12004, 6.3e-5
    - 7 :   2, 10,  450,    6,  7,     7,  2,     4,  6,  14210, 4.9e-5
    - 8 :   2, 10,  451,    6,  7,    15,  1,     5,  5,  17633, 6.3e-5
    - 9 :   1, 11,  450,    9,  5,    14,  1,     5,  5,  25689, 5.7e-5
    - 10:   1, 11,  450,    8,  5,     7,  2,     7,  4,  31191, 2.6e-5
    - 11:   1, 11,  450,   11,  4,     7,  2,     7,  4,  42092, 1.9e-5
    - 12:   1, 11,  450,   11,  4,    14,  1,    10,  3,  59091, 4.5e-5
    - 13:   1, 11,  450,   14,  3,     7,  2,    15,  2, 109627, 2.7e-5
    - 14:   1, 11,  450,   22,  2,     7,  2,    16,  2, 180872, 4.3e-5
    - 15:   2, 10,  451,   45,  1,    15,  1,    33,  1, 771377, 6.2e-5
    # no solution starting from log norm2 = 16

  - 12: # bits
    -ln2:   k,  N,    n, br_l,br_b, ks_l,ks_b, cb_l,cb_b,  cost, p_error
    - 0 :   1, 10,  454,    7,  5,     7,  2,     2,  8,   3734, 6.3e-5
    - 1 :   1, 10,  450,    6,  6,     7,  2,     3,  6,   4462, 3.1e-5
    - 2 :   2, 10,  461,    3, 12,     8,  2,     3,  7,   5993, 6.3e-5
    - 3 :   2, 10,  450,    4,  9,     5,  3,     3,  7,   7544, 1.8e-5
    - 4 :   2, 10,  450,    5,  8,     5,  3,     3,  7,   9239, 2.4e-5
    - 5 :   2, 10,  450,    6,  7,     5,  3,     3,  8,  10934, 6.2e-5
    - 6 :   2, 10,  453,    5,  8,     5,  3,     4,  6,  12004, 6.3e-5
    - 7 :   2, 10,  450,    6,  7,     7,  2,     4,  6,  14210, 4.9e-5
    - 8 :   2, 10,  451,    6,  7,    15,  1,     5,  5,  17633, 6.3e-5
    - 9 :   1, 11,  450,    9,  5,    14,  1,     5,  5,  25689, 5.7e-5
    - 10:   1, 11,  450,    8,  5,     7,  2,     7,  4,  31191, 2.6e-5
    - 11:   1, 11,  450,   11,  4,     7,  2,     7,  4,  42092, 1.9e-5
    - 12:   1, 11,  450,   11,  4,    14,  1,    10,  3,  59091, 4.5e-5
    - 13:   1, 11,  450,   14,  3,     7,  2,    15,  2, 109627, 2.7e-5
    - 14:   1, 11,  450,   22,  2,     7,  2,    16,  2, 180872, 4.3e-5
    - 15:   2, 10,  451,   45,  1,    15,  1,    33,  1, 771377, 6.2e-5
    # no solution starting from log norm2 = 16

  - 13: # bits
    -ln2:   k,  N,    n, br_l,br_b, ks_l,ks_b, cb_l,cb_b,  cost, p_error
    - 0 :   1, 10,  450,    5,  7,     7,  2,     3,  6,   5074, 3.5e-5
    - 1 :   1, 10,  450,    7,  5,     4,  3,     3,  6,   6787, 2.4e-5
    - 2 :   1, 10,  450,    9,  4,     7,  2,     3,  6,   8585, 4.4e-5
    - 3 :   2, 10,  450,    4,  9,     5,  3,     3,  7,  10063, 3.2e-5
    - 4 :   2, 10,  450,    5,  8,     5,  3,     3,  7,  12323, 4.3e-5
    - 5 :   2, 10,  450,    6,  7,     7,  2,     3,  8,  14640, 1.5e-5
    - 6 :   2, 10,  450,    5,  8,     7,  2,     4,  6,  16013, 3.5e-5
    - 7 :   2, 10,  458,    5,  8,     7,  2,     5,  5,  19824, 6.3e-5
    - 8 :   2, 10,  450,    7,  6,     7,  2,     5,  5,  26885, 1.0e-5
    - 9 :   1, 11,  450,    8,  5,     7,  2,     6,  5,  36053, 4.3e-5
    - 10:   2, 10,  451,    8,  5,    15,  1,     7,  4,  42119, 6.3e-5
    - 11:   1, 11,  457,   11,  4,    15,  1,     7,  4,  56923, 6.3e-5
    - 12:   1, 11,  450,   14,  3,     5,  3,    10,  3,  98925, 4.7e-5
    - 13:   2, 10,  464,   14,  3,    16,  1,    15,  2, 152123, 6.3e-5
    - 14:   2, 10,  452,   22,  2,    15,  1,    16,  2, 248954, 6.2e-5
    # no solution starting from log norm2 = 15

  - 14: # bits
    -ln2:   k,  N,    n, br_l,br_b, ks_l,ks_b, cb_l,cb_b,  cost, p_error
    - 0 :   1, 10,  450,    5,  7,     7,  2,     3,  6,   5074, 3.5e-5
    - 1 :   1, 10,  450,    7,  5,     4,  3,     3,  6,   6787, 2.4e-5
    - 2 :   1, 10,  450,    9,  4,     7,  2,     3,  6,   8585, 4.4e-5
    - 3 :   2, 10,  450,    4,  9,     5,  3,     3,  7,  10063, 3.2e-5
    - 4 :   2, 10,  450,    5,  8,     5,  3,     3,  7,  12323, 4.3e-5
    - 5 :   2, 10,  450,    6,  7,     7,  2,     3,  8,  14640, 1.5e-5
    - 6 :   2, 10,  450,    5,  8,     7,  2,     4,  6,  16013, 3.5e-5
    - 7 :   2, 10,  458,    5,  8,     7,  2,     5,  5,  19824, 6.3e-5
    - 8 :   2, 10,  450,    7,  6,     7,  2,     5,  5,  26885, 1.0e-5
    - 9 :   1, 11,  450,    8,  5,     7,  2,     6,  5,  36053, 4.3e-5
    - 10:   2, 10,  451,    8,  5,    15,  1,     7,  4,  42119, 6.3e-5
    - 11:   1, 11,  457,   11,  4,    15,  1,     7,  4,  56923, 6.3e-5
    - 12:   1, 11,  450,   14,  3,     5,  3,    10,  3,  98925, 4.7e-5
    - 13:   2, 10,  464,   14,  3,    16,  1,    15,  2, 152123, 6.3e-5
    - 14:   2, 10,  452,   22,  2,    15,  1,    16,  2, 248954, 6.2e-5
    # no solution starting from log norm2 = 15

  - 15: # bits
    -ln2:   k,  N,    n, br_l,br_b, ks_l,ks_b, cb_l,cb_b,  cost, p_error
    - 0 :   1, 10,  450,    5,  7,     7,  2,     3,  6,   5074, 3.5e-5
    - 1 :   1, 10,  450,    7,  5,     4,  3,     3,  6,   6787, 2.4e-5
    - 2 :   1, 10,  450,    9,  4,     7,  2,     3,  6,   8585, 4.4e-5
    - 3 :   2, 10,  450,    4,  9,     5,  3,     3,  7,  10063, 3.2e-5
    - 4 :   2, 10,  450,    5,  8,     5,  3,     3,  7,  12323, 4.3e-5
    - 5 :   2, 10,  450,    6,  7,     7,  2,     3,  8,  14640, 1.5e-5
    - 6 :   2, 10,  450,    5,  8,     7,  2,     4,  6,  16013, 3.5e-5
    - 7 :   2, 10,  458,    5,  8,     7,  2,     5,  5,  19824, 6.3e-5
    - 8 :   2, 10,  450,    7,  6,     7,  2,     5,  5,  26885, 1.0e-5
    - 9 :   1, 11,  450,    8,  5,     7,  2,     6,  5,  36053, 4.3e-5
    - 10:   2, 10,  451,    8,  5,    15,  1,     7,  4,  42119, 6.3e-5
    - 11:   1, 11,  457,   11,  4,    15,  1,     7,  4,  56923, 6.3e-5
    - 12:   1, 11,  450,   14,  3,     5,  3,    10,  3,  98925, 4.7e-5
    - 13:   2, 10,  464,   14,  3,    16,  1,    15,  2, 152123, 6.3e-5
    - 14:   2, 10,  452,   22,  2,    15,  1,    16,  2, 248954, 6.2e-5
    # no solution starting from log norm2 = 15

  - 16: # bits
    -ln2:   k,  N,    n, br_l,br_b, ks_l,ks_b, cb_l,cb_b,  cost, p_error
    - 0 :   1, 10,  452,    5,  7,     7,  2,     3,  6,   5704, 6.3e-5
    - 1 :   1, 10,  450,    7,  5,     4,  3,     3,  6,   7599, 3.4e-5
    - 2 :   1, 10,  450,    7,  5,     4,  3,     4,  5,   9722, 3.4e-5
    - 3 :   2, 10,  450,    4,  9,     5,  3,     3,  7,  11290, 4.1e-5
    - 4 :   2, 10,  450,    5,  8,     5,  3,     3,  7,  13824, 5.7e-5
    - 5 :   2, 10,  450,    6,  7,     7,  2,     3,  8,  16421, 2.6e-5
    - 6 :   2, 10,  450,    5,  8,     7,  2,     4,  6,  17979, 6.0e-5
    - 7 :   2, 10,  450,    7,  6,     7,  2,     4,  6,  24575, 1.1e-5
    - 8 :   2, 10,  450,    7,  6,     7,  2,     5,  5,  30195, 1.7e-5
    - 9 :   2, 10,  451,    8,  5,     7,  2,     6,  5,  40686, 6.0e-5
    - 10:   1, 11,  450,    9,  5,     7,  2,     7,  4,  52141, 2.7e-5
    - 11:   2, 10,  450,   11,  4,     7,  2,     8,  4,  72480, 5.9e-5
    - 12:   1, 11,  450,   14,  3,     7,  2,    10,  3, 111198, 6.5e-6
    - 13:   1, 11,  450,   22,  2,    14,  1,    10,  3, 172474, 4.7e-5
    - 14:   1, 11,  450,   43,  1,    14,  1,    16,  2, 523696, 4.4e-5
    # no solution starting from log norm2 = 15
