security level: 80
target p_error: 6.3e-5
per precision and log norm2:

  - 1: # bits
    -ln2:   k,  N,    n, br_l,br_b, ks_l,ks_b, cb_l,cb_b,  cost, p_error
    - 0 :   1, 10,  452,    5,  7,     5,  3,     1, 11,     91, 6.0e-5
    - 1 :   1, 10,  450,    3, 10,     4,  3,     2,  7,    115, 1.7e-5
    - 2 :   1, 10,  450,    4,  8,     4,  3,     2,  7,    146, 6.0e-6
    - 3 :   1, 10,  453,    4,  8,     7,  2,     2,  7,    149, 6.2e-5
    - 4 :   1, 10,  452,    6,  6,     5,  3,     2,  8,    209, 5.9e-5
    - 5 :   1, 10,  450,    5,  7,     7,  2,     3,  6,    266, 3.5e-5
    - 6 :   1, 10,  450,    7,  5,     4,  3,     3,  6,    356, 2.4e-5
    - 7 :   1, 10,  450,    9,  4,     7,  2,     3,  6,    452, 4.4e-5
    - 8 :   2, 10,  450,    6,  7,     7,  2,     2, 10,    551, 5.0e-5
    - 9 :   1, 11,  452,    5,  8,     5,  3,     3,  7,    683, 5.6e-5
    - 10:   2, 10,  450,    6,  7,     7,  2,     3,  8,    820, 5.4e-5
    - 11:   2, 10,  455,    5,  8,    15,  1,     4,  6,    939, 6.2e-5
    - 12:   2, 10,  450,    7,  6,     7,  2,     4,  6,   1260, 1.2e-5
    - 13:   2, 10,  450,    7,  6,     7,  2,     5,  5,   1572, 2.1e-5
    - 14:   2, 10,  455,    8,  5,     7,  2,     6,  5,   2149, 6.2e-5
    - 15:   2, 10,  450,    9,  5,     7,  2,     7,  4,   2790, 4.2e-5
    - 16:   2, 10,  461,   11,  4,    15,  1,     8,  4,   3924, 6.3e-5
    - 17:   2, 10,  450,   14,  3,     7,  2,    10,  3,   6105, 1.6e-5
    - 18:   2, 10,  450,   22,  2,    15,  1,    10,  3,   9517, 6.0e-5
    - 19:   2, 10,  450,   43,  1,    14,  1,    16,  2,  29481, 4.5e-5
    # no solution starting from log norm2 = 20

  - 2: # bits
    -ln2:   k,  N,    n, br_l,br_b, ks_l,ks_b, cb_l,cb_b,  cost, p_error
    - 0 :   1, 10,  450,    3, 10,     5,  3,     2,  7,    276, 5.4e-5
    - 1 :   1, 10,  450,    4,  8,     4,  3,     2,  7,    348, 3.6e-5
    - 2 :   1, 10,  450,    4,  8,     4,  3,     3,  6,    491, 1.3e-5
    - 3 :   1, 10,  450,    7,  5,     5,  3,     2,  8,    569, 3.1e-5
    - 4 :   1, 10,  450,    6,  6,     4,  3,     3,  6,    699, 5.6e-5
    - 5 :   1, 10,  450,    7,  5,     7,  2,     3,  6,    808, 3.2e-5
    - 6 :   1, 10,  450,    7,  5,     7,  2,     4,  5,   1044, 3.3e-5
    - 7 :   2, 10,  450,    4,  9,     7,  2,     3,  7,   1220, 3.8e-5
    - 8 :   2, 10,  453,    5,  8,     7,  2,     3,  7,   1498, 6.1e-5
    - 9 :   2, 10,  451,    5,  8,     5,  3,     4,  6,   1942, 5.9e-5
    - 10:   2, 10,  450,    6,  7,     7,  2,     4,  6,   2305, 2.2e-5
    - 11:   2, 10,  450,    6,  7,     7,  2,     5,  5,   2844, 5.0e-5
    - 12:   2, 10,  456,    8,  5,     7,  2,     5,  5,   3755, 6.3e-5
    - 13:   2, 10,  450,    8,  5,     7,  2,     7,  4,   5148, 9.7e-6
    - 14:   2, 10,  450,   11,  4,     7,  2,     7,  4,   6988, 1.1e-5
    - 15:   2, 10,  450,   11,  4,     7,  2,    10,  3,   9879, 2.2e-5
    - 16:   2, 10,  462,   15,  3,    15,  1,    10,  3,  13543, 6.3e-5
    - 17:   2, 10,  450,   22,  2,     7,  2,    16,  2,  30815, 1.5e-5
    - 18:   2, 10,  452,   44,  1,    15,  1,    32,  1, 121663, 6.2e-5
    # no solution starting from log norm2 = 19

  - 3: # bits
    -ln2:   k,  N,    n, br_l,br_b, ks_l,ks_b, cb_l,cb_b,  cost, p_error
    - 0 :   1, 10,  450,    4,  8,     5,  3,     2,  7,    552, 4.9e-5
    - 1 :   1, 10,  450,    4,  8,     4,  3,     3,  6,    764, 4.2e-5
    - 2 :   1, 10,  454,    7,  5,     7,  2,     2,  8,    910, 6.3e-5
    - 3 :   1, 10,  450,    6,  6,     7,  2,     3,  6,   1095, 3.1e-5
    - 4 :   1, 10,  450,    9,  4,     5,  3,     3,  6,   1575, 3.5e-5
    - 5 :   2, 10,  450,    4,  9,     5,  3,     3,  7,   1864, 2.2e-5
    - 6 :   2, 10,  450,    5,  8,     5,  3,     3,  7,   2283, 2.9e-5
    - 7 :   2, 10,  450,    6,  7,     7,  2,     3,  8,   2712, 1.5e-5
    - 8 :   2, 10,  450,    5,  8,     7,  2,     4,  6,   2974, 3.2e-5
    - 9 :   2, 10,  464,    6,  7,    15,  1,     4,  6,   3620, 6.3e-5
    - 10:   2, 10,  451,    7,  6,     5,  3,     5,  5,   4998, 6.3e-5
    - 11:   2, 10,  450,    8,  5,     7,  2,     6,  5,   6741, 2.2e-5
    - 12:   2, 10,  450,    8,  5,     7,  2,     7,  4,   7804, 5.8e-5
    - 13:   2, 10,  451,   11,  4,     7,  2,     7,  4,  10602, 6.1e-5
    - 14:   2, 10,  465,   11,  4,    16,  1,    10,  3,  15210, 6.3e-5
    - 15:   2, 10,  450,   14,  3,    14,  1,    15,  2,  28037, 4.8e-5
    - 16:   2, 10,  450,   22,  2,    14,  1,    16,  2,  46470, 6.1e-5
    # no solution starting from log norm2 = 17

  - 4: # bits
    -ln2:   k,  N,    n, br_l,br_b, ks_l,ks_b, cb_l,cb_b,  cost, p_error
    - 0 :   1, 10,  450,    3, 10,     7,  2,     3,  5,   1177, 6.3e-5
    - 1 :   1, 10,  465,    4,  8,    15,  1,     3,  5,   1573, 6.3e-5
    - 2 :   1, 10,  450,    6,  6,     4,  3,     3,  6,   2097, 2.4e-5
    - 3 :   1, 10,  450,    7,  5,     5,  3,     3,  6,   2415, 2.8e-5
    - 4 :   2, 10,  450,    5,  8,     7,  2,     2, 10,   3118, 4.3e-5
    - 5 :   2, 10,  454,    4,  9,     5,  3,     3,  7,   3656, 5.6e-5
    - 6 :   2, 10,  450,    5,  8,     7,  2,     3,  7,   4480, 2.0e-5
    - 7 :   2, 10,  450,    5,  8,     5,  3,     4,  6,   5821, 3.6e-5
    - 8 :   2, 10,  452,    6,  7,     5,  3,     4,  6,   6911, 5.4e-5
    - 9 :   2, 10,  453,    7,  6,     7,  2,     4,  6,   8018, 6.1e-5
    - 10:   2, 10,  459,    7,  6,    15,  1,     5,  5,  10046, 6.2e-5
    - 11:   2, 10,  451,    7,  6,     7,  2,     7,  4,  13622, 6.3e-5
    - 12:   2, 10,  450,    8,  5,    14,  1,     9,  3,  19774, 5.8e-5
    - 13:   2, 10,  454,   14,  3,    15,  1,     7,  4,  26677, 6.2e-5
    - 14:   2, 10,  450,   14,  3,    14,  1,    10,  3,  37523, 6.3e-5
    - 15:   2, 10,  450,   22,  2,     7,  2,    15,  2,  86752, 5.2e-5
    - 16:   2, 10,  454,   45,  1,    15,  1,    16,  2, 188334, 6.3e-5
    # no solution starting from log norm2 = 17

  - 5: # bits
    -ln2:   k,  N,    n, br_l,br_b, ks_l,ks_b, cb_l,cb_b,  cost, p_error
    - 0 :   1, 10,  450,    3, 10,     7,  2,     3,  5,   1177, 6.3e-5
    - 1 :   1, 10,  465,    4,  8,    15,  1,     3,  5,   1573, 6.3e-5
    - 2 :   1, 10,  450,    6,  6,     4,  3,     3,  6,   2097, 2.4e-5
    - 3 :   1, 10,  450,    7,  5,     5,  3,     3,  6,   2415, 2.8e-5
    - 4 :   2, 10,  450,    5,  8,     7,  2,     2, 10,   3118, 4.3e-5
    - 5 :   2, 10,  454,    4,  9,     5,  3,     3,  7,   3656, 5.6e-5
    - 6 :   2, 10,  450,    5,  8,     7,  2,     3,  7,   4480, 2.0e-5
    - 7 :   2, 10,  450,    5,  8,     5,  3,     4,  6,   5821, 3.6e-5
    - 8 :   2, 10,  452,    6,  7,     5,  3,     4,  6,   6911, 5.4e-5
    - 9 :   2, 10,  453,    7,  6,     7,  2,     4,  6,   8018, 6.1e-5
    - 10:   2, 10,  459,    7,  6,    15,  1,     5,  5,  10046, 6.2e-5
    - 11:   2, 10,  451,    7,  6,     7,  2,     7,  4,  13622, 6.3e-5
    - 12:   2, 10,  450,    8,  5,    14,  1,     9,  3,  19774, 5.8e-5
    - 13:   2, 10,  454,   14,  3,    15,  1,     7,  4,  26677, 6.2e-5
    - 14:   2, 10,  450,   14,  3,    14,  1,    10,  3,  37523, 6.3e-5
    - 15:   2, 10,  450,   22,  2,     7,  2,    15,  2,  86752, 5.2e-5
    - 16:   2, 10,  454,   45,  1,    15,  1,    16,  2, 188334, 6.3e-5
    # no solution starting from log norm2 = 17

  - 6: # bits
    -ln2:   k,  N,    n, br_l,br_b, ks_l,ks_b, cb_l,cb_b,  cost, p_error
    - 0 :   1, 10,  450,    4,  8,     4,  3,     3,  6,   1747, 9.7e-6
    - 1 :   1, 10,  450,    7,  5,     4,  3,     2,  8,   2032, 5.9e-5
    - 2 :   1, 10,  450,    6,  6,     4,  3,     3,  6,   2486, 3.7e-5
    - 3 :   1, 10,  450,    7,  5,     5,  3,     3,  6,   2862, 5.2e-5
    - 4 :   1, 10,  450,    7,  5,     5,  3,     4,  5,   3686, 5.3e-5
    - 5 :   2, 10,  450,    4,  9,     7,  2,     3,  7,   4315, 2.1e-5
    - 6 :   2, 10,  450,    5,  8,     7,  2,     3,  7,   5280, 4.0e-5
    - 7 :   2, 10,  450,    5,  8,     5,  3,     4,  6,   6845, 5.1e-5
    - 8 :   2, 10,  450,    6,  7,     7,  2,     4,  6,   8133, 1.2e-5
    - 9 :   2, 10,  469,    7,  6,    15,  1,     4,  6,   9696, 6.3e-5
    - 10:   2, 10,  450,    8,  5,     7,  2,     5,  5,  13140, 4.7e-5
    - 11:   2, 10,  465,    7,  6,    15,  1,     7,  4,  16306, 6.3e-5
    - 12:   2, 10,  450,   11,  4,     7,  2,     7,  4,  24567, 6.0e-6
    - 13:   2, 10,  457,   15,  3,    15,  1,     7,  4,  33529, 6.2e-5
    - 14:   2, 10,  450,   15,  3,    14,  1,    10,  3,  46961, 4.6e-5
    - 15:   2, 10,  451,   22,  2,    15,  1,    15,  2, 101622, 6.1e-5
    - 16:   2, 10,  450,   44,  1,     7,  2,    32,  1, 425300, 5.9e-5
    # no solution starting from log norm2 = 17

  - 7: # bits
    -ln2:   k,  N,    n, br_l,br_b, ks_l,ks_b, cb_l,cb_b,  cost, p_error
    - 0 :   1, 10,  450,    4,  8,     4,  3,     3,  6,   2020, 1.3e-5
    - 1 :   1, 10,  450,    7,  5,     5,  3,     2,  8,   2367, 3.1e-5
    - 2 :   1, 10,  450,    6,  6,     4,  3,     3,  6,   2875, 5.6e-5
    - 3 :   1, 10,  450,    7,  5,     7,  2,     3,  6,   3323, 3.2e-5
    - 4 :   1, 10,  450,    7,  5,     7,  2,     4,  5,   4265, 3.3e-5
    - 5 :   2, 10,  450,    4,  9,     7,  2,     3,  7,   4969, 3.8e-5
    - 6 :   2, 10,  453,    5,  8,     7,  2,     3,  7,   6102, 6.1e-5
    - 7 :   2, 10,  451,    5,  8,     5,  3,     4,  6,   7877, 5.9e-5
    - 8 :   2, 10,  450,    6,  7,     7,  2,     4,  6,   9348, 2.2e-5
    - 9 :   2, 10,  450,    6,  7,     7,  2,     5,  5,  11504, 5.0e-5
    - 10:   2, 10,  456,    8,  5,     7,  2,     5,  5,  15185, 6.3e-5
    - 11:   2, 10,  450,    8,  5,     7,  2,     7,  4,  20757, 9.7e-6
    - 12:   2, 10,  450,   11,  4,     7,  2,     7,  4,  28170, 1.1e-5
    - 13:   2, 10,  450,   11,  4,     7,  2,    10,  3,  39735, 2.2e-5
    - 14:   2, 10,  462,   15,  3,    15,  1,    10,  3,  54474, 6.3e-5
    - 15:   2, 10,  450,   22,  2,     7,  2,    16,  2, 123683, 1.5e-5
    - 16:   2, 10,  452,   44,  1,    15,  1,    32,  1, 487485, 6.2e-5
    # no solution starting from log norm2 = 17

  - 8: # bits
    -ln2:   k,  N,    n, br_l,br_b, ks_l,ks_b, cb_l,cb_b,  cost, p_error
    - 0 :   1, 10,  450,    4,  8,     4,  3,     3,  6,   2293, 1.8e-5
    - 1 :   1, 10,  450,    7,  5,     5,  3,     2,  8,   2697, 5.0e-5
    - 2 :   1, 10,  450,    6,  6,     5,  3,     3,  6,   3271, 2.7e-5
    - 3 :   1, 10,  450,    7,  5,     7,  2,     3,  6,   3773, 6.0e-5
    - 4 :   1, 10,  450,    7,  5,     7,  2,     4,  5,   4832, 6.1e-5
    - 5 :   2, 10,  451,    4,  9,     7,  2,     3,  7,   5630, 6.0e-5
    - 6 :   2, 10,  466,    5,  8,     8,  2,     3,  7,   7026, 6.3e-5
    - 7 :   2, 10,  453,    5,  8,     5,  3,     4,  6,   8923, 5.9e-5
    - 8 :   2, 10,  450,    6,  7,     7,  2,     4,  6,  10564, 3.7e-5
    - 9 :   2, 10,  456,    6,  7,     7,  2,     5,  5,  13076, 6.3e-5
    - 10:   2, 10,  466,    8,  5,    15,  1,     5,  5,  17463, 6.3e-5
    - 11:   2, 10,  450,    8,  5,     7,  2,     7,  4,  23413, 1.6e-5
    - 12:   2, 10,  450,   11,  4,     7,  2,     7,  4,  31773, 1.8e-5
    - 13:   2, 10,  450,   11,  4,     7,  2,    10,  3,  44783, 3.7e-5
    - 14:   2, 10,  450,   14,  3,     7,  2,    15,  2,  84001, 2.1e-5
    - 15:   2, 10,  450,   22,  2,     7,  2,    16,  2, 139301, 2.6e-5
    - 16:   2, 10,  460,   44,  1,    15,  1,    33,  1, 570173, 6.3e-5
    # no solution starting from log norm2 = 17

  - 9: # bits
    -ln2:   k,  N,    n, br_l,br_b, ks_l,ks_b, cb_l,cb_b,  cost, p_error
    - 0 :   1, 10,  453,    7,  5,     5,  3,     2,  8,   3043, 6.2e-5
    - 1 :   1, 10,  450,    6,  6,     5,  3,     3,  6,   3661, 4.2e-5
    - 2 :   1, 10,  450,    6,  6,     7,  2,     4,  5,   4702, 3.3e-5
    - 3 :   2, 10,  450,    4,  9,     5,  3,     3,  7,   6242, 1.6e-5
    - 4 :   2, 10,  461,    4,  9,     8,  2,     3,  7,   6379, 6.3e-5
    - 5 :   2, 10,  452,    6,  7,     5,  3,     3,  8,   9070, 5.7e-5
    - 6 :   2, 10,  450,    5,  8,     7,  2,     4,  6,   9951, 1.4e-5
    - 7 :   2, 10,  450,    6,  7,     7,  2,     4,  6,  11779, 5.9e-5
    - 8 :   2, 10,  465,    6,  7,    15,  1,     5,  5,  14862, 6.3e-5
    - 9 :   2, 10,  456,    9,  5,    15,  1,     5,  5,  21515, 6.2e-5
    - 10:   2, 10,  450,    8,  5,     7,  2,     7,  4,  26069, 2.6e-5
    - 11:   2, 10,  450,   11,  4,     7,  2,     7,  4,  35376, 2.9e-5
    - 12:   2, 10,  450,   11,  4,     7,  2,    10,  3,  49831, 5.9e-5
    - 13:   2, 10,  450,   14,  3,     7,  2,    15,  2,  93425, 3.3e-5
    - 14:   2, 10,  450,   22,  2,     7,  2,    16,  2, 154919, 4.1e-5
    # no solution starting from log norm2 = 15

  - 10: # bits
    -ln2:   k,  N,    n, br_l,br_b, ks_l,ks_b, cb_l,cb_b,  cost, p_error
    - 0 :   1, 10,  450,    7,  5,     7,  2,     2,  8,   3375, 4.4e-5
    - 1 :   1, 10,  450,    6,  6,     5,  3,     3,  6,   4051, 6.2e-5
    - 2 :   1, 10,  450,    6,  6,     7,  2,     4,  5,   5196, 5.4e-5
    - 3 :   2, 10,  450,    4,  9,     5,  3,     3,  7,   6893, 1.9e-5
    - 4 :   2, 10,  450,    5,  8,     5,  3,     3,  7,   8442, 2.4e-5
    - 5 :   2, 10,  450,    6,  7,     7,  2,     3,  8,  10030, 1.0e-5
    - 6 :   2, 10,  450,    5,  8,     7,  2,     4,  6,  10978, 2.2e-5
    - 7 :   2, 10,  459,    6,  7,     7,  2,     4,  6,  13128, 6.2e-5
    - 8 :   2, 10,  450,    7,  6,     5,  3,     5,  5,  18404, 6.0e-5
    - 9 :   2, 10,  450,    8,  5,     7,  2,     6,  5,  24825, 1.5e-5
    - 10:   2, 10,  450,    8,  5,     7,  2,     7,  4,  28724, 4.0e-5
    - 11:   2, 10,  450,   11,  4,     7,  2,     7,  4,  38979, 4.4e-5
    - 12:   2, 10,  450,   11,  4,    14,  1,    10,  3,  55016, 5.9e-5
    - 13:   2, 10,  450,   14,  3,     7,  2,    15,  2, 102850, 5.1e-5
    - 14:   2, 10,  450,   22,  2,     7,  2,    16,  2, 170537, 6.3e-5
    # no solution starting from log norm2 = 15

  - 11: # bits
    -ln2:   k,  N,    n, br_l,br_b, ks_l,ks_b, cb_l,cb_b,  cost, p_error
    - 0 :   1, 10,  454,    7,  5,     7,  2,     2,  8,   3734, 6.3e-5
    - 1 :   1, 10,  450,    6,  6,     7,  2,     3,  6,   4462, 3.1e-5
    - 2 :   1, 10,  450,    9,  4,     5,  3,     3,  6,   6415, 3.5e-5
    - 3 :   2, 10,  450,    4,  9,     5,  3,     3,  7,   7544, 2.2e-5
    - 4 :   2, 10,  450,    5,  8,     5,  3,     3,  7,   9239, 2.9e-5
    - 5 :   2, 10,  450,    6,  7,     7,  2,     3,  8,  10977, 1.5e-5
    - 6 :   2, 10,  450,    5,  8,     7,  2,     4,  6,  12005, 3.2e-5
    - 7 :   2, 10,  464,    6,  7,    15,  1,     4,  6,  14612, 6.3e-5
    - 8 :   2, 10,  451,    7,  6,     5,  3,     5,  5,  20139, 6.3e-5
    - 9 :   2, 10,  450,    8,  5,     7,  2,     6,  5,  27126, 2.2e-5
    - 10:   2, 10,  450,    8,  5,     7,  2,     7,  4,  31380, 5.8e-5
    - 11:   2, 10,  451,   11,  4,     7,  2,     7,  4,  42627, 6.1e-5
    - 12:   2, 10,  465,   11,  4,    16,  1,    10,  3,  61065, 6.3e-5
    - 13:   2, 10,  450,   14,  3,    14,  1,    15,  2, 112422, 4.8e-5
    - 14:   2, 10,  450,   22,  2,    14,  1,    16,  2, 186304, 6.1e-5
    # no solution starting from log norm2 = 15

  - 12: # bits
    -ln2:   k,  N,    n, br_l,br_b, ks_l,ks_b, cb_l,cb_b,  cost, p_error
    - 0 :   1, 10,  454,    7,  5,     7,  2,     2,  8,   3734, 6.3e-5
    - 1 :   1, 10,  450,    6,  6,     7,  2,     3,  6,   4462, 3.1e-5
    - 2 :   1, 10,  450,    9,  4,     5,  3,     3,  6,   6415, 3.5e-5
    - 3 :   2, 10,  450,    4,  9,     5,  3,     3,  7,   7544, 2.2e-5
    - 4 :   2, 10,  450,    5,  8,     5,  3,     3,  7,   9239, 2.9e-5
    - 5 :   2, 10,  450,    6,  7,     7,  2,     3,  8,  10977, 1.5e-5
    - 6 :   2, 10,  450,    5,  8,     7,  2,     4,  6,  12005, 3.2e-5
    - 7 :   2, 10,  464,    6,  7,    15,  1,     4,  6,  14612, 6.3e-5
    - 8 :   2, 10,  451,    7,  6,     5,  3,     5,  5,  20139, 6.3e-5
    - 9 :   2, 10,  450,    8,  5,     7,  2,     6,  5,  27126, 2.2e-5
    - 10:   2, 10,  450,    8,  5,     7,  2,     7,  4,  31380, 5.8e-5
    - 11:   2, 10,  451,   11,  4,     7,  2,     7,  4,  42627, 6.1e-5
    - 12:   2, 10,  465,   11,  4,    16,  1,    10,  3,  61065, 6.3e-5
    - 13:   2, 10,  450,   14,  3,    14,  1,    15,  2, 112422, 4.8e-5
    - 14:   2, 10,  450,   22,  2,    14,  1,    16,  2, 186304, 6.1e-5
    # no solution starting from log norm2 = 15

  - 13: # bits
    -ln2:   k,  N,    n, br_l,br_b, ks_l,ks_b, cb_l,cb_b,  cost, p_error
    - 0 :   1, 10,  450,    5,  7,     7,  2,     3,  6,   5074, 3.5e-5
    - 1 :   1, 10,  450,    7,  5,     4,  3,     3,  6,   6787, 2.4e-5
    - 2 :   1, 10,  450,    9,  4,     7,  2,     3,  6,   8585, 4.4e-5
    - 3 :   2, 10,  450,    4,  9,     5,  3,     3,  7,  10063, 3.9e-5
    - 4 :   2, 10,  450,    5,  8,     5,  3,     3,  7,  12323, 5.5e-5
    - 5 :   2, 10,  450,    6,  7,     7,  2,     3,  8,  14640, 5.4e-5
    - 6 :   2, 10,  455,    5,  8,    15,  1,     4,  6,  16333, 6.2e-5
    - 7 :   2, 10,  450,    7,  6,     7,  2,     4,  6,  21892, 1.2e-5
    - 8 :   2, 10,  450,    7,  6,     7,  2,     5,  5,  26885, 2.1e-5
    - 9 :   2, 10,  455,    8,  5,     7,  2,     6,  5,  36373, 6.2e-5
    - 10:   2, 10,  450,    9,  5,     7,  2,     7,  4,  46827, 4.2e-5
    - 11:   2, 10,  461,   11,  4,    15,  1,     8,  4,  65475, 6.3e-5
    - 12:   2, 10,  450,   14,  3,     7,  2,    10,  3, 100968, 1.6e-5
    - 13:   2, 10,  450,   22,  2,    15,  1,    10,  3, 157334, 6.0e-5
    - 14:   2, 10,  450,   43,  1,    14,  1,    16,  2, 481418, 4.5e-5
    # no solution starting from log norm2 = 15

  - 14: # bits
    -ln2:   k,  N,    n, br_l,br_b, ks_l,ks_b, cb_l,cb_b,  cost, p_error
    - 0 :   1, 10,  450,    5,  7,     7,  2,     3,  6,   5074, 3.5e-5
    - 1 :   1, 10,  450,    7,  5,     4,  3,     3,  6,   6787, 2.4e-5
    - 2 :   1, 10,  450,    9,  4,     7,  2,     3,  6,   8585, 4.4e-5
    - 3 :   2, 10,  450,    4,  9,     5,  3,     3,  7,  10063, 3.9e-5
    - 4 :   2, 10,  450,    5,  8,     5,  3,     3,  7,  12323, 5.5e-5
    - 5 :   2, 10,  450,    6,  7,     7,  2,     3,  8,  14640, 5.4e-5
    - 6 :   2, 10,  455,    5,  8,    15,  1,     4,  6,  16333, 6.2e-5
    - 7 :   2, 10,  450,    7,  6,     7,  2,     4,  6,  21892, 1.2e-5
    - 8 :   2, 10,  450,    7,  6,     7,  2,     5,  5,  26885, 2.1e-5
    - 9 :   2, 10,  455,    8,  5,     7,  2,     6,  5,  36373, 6.2e-5
    - 10:   2, 10,  450,    9,  5,     7,  2,     7,  4,  46827, 4.2e-5
    - 11:   2, 10,  461,   11,  4,    15,  1,     8,  4,  65475, 6.3e-5
    - 12:   2, 10,  450,   14,  3,     7,  2,    10,  3, 100968, 1.6e-5
    - 13:   2, 10,  450,   22,  2,    15,  1,    10,  3, 157334, 6.0e-5
    - 14:   2, 10,  450,   43,  1,    14,  1,    16,  2, 481418, 4.5e-5
    # no solution starting from log norm2 = 15

  - 15: # bits
    -ln2:   k,  N,    n, br_l,br_b, ks_l,ks_b, cb_l,cb_b,  cost, p_error
    - 0 :   1, 10,  450,    5,  7,     7,  2,     3,  6,   5074, 3.5e-5
    - 1 :   1, 10,  450,    7,  5,     4,  3,     3,  6,   6787, 2.4e-5
    - 2 :   1, 10,  450,    9,  4,     7,  2,     3,  6,   8585, 4.4e-5
    - 3 :   2, 10,  450,    4,  9,     5,  3,     3,  7,  10063, 3.9e-5
    - 4 :   2, 10,  450,    5,  8,     5,  3,     3,  7,  12323, 5.5e-5
    - 5 :   2, 10,  450,    6,  7,     7,  2,     3,  8,  14640, 5.4e-5
    - 6 :   2, 10,  455,    5,  8,    15,  1,     4,  6,  16333, 6.2e-5
    - 7 :   2, 10,  450,    7,  6,     7,  2,     4,  6,  21892, 1.2e-5
    - 8 :   2, 10,  450,    7,  6,     7,  2,     5,  5,  26885, 2.1e-5
    - 9 :   2, 10,  455,    8,  5,     7,  2,     6,  5,  36373, 6.2e-5
    - 10:   2, 10,  450,    9,  5,     7,  2,     7,  4,  46827, 4.2e-5
    - 11:   2, 10,  461,   11,  4,    15,  1,     8,  4,  65475, 6.3e-5
    - 12:   2, 10,  450,   14,  3,     7,  2,    10,  3, 100968, 1.6e-5
    - 13:   2, 10,  450,   22,  2,    15,  1,    10,  3, 157334, 6.0e-5
    - 14:   2, 10,  450,   43,  1,    14,  1,    16,  2, 481418, 4.5e-5
    # no solution starting from log norm2 = 15

  - 16: # bits
    -ln2:   k,  N,    n, br_l,br_b, ks_l,ks_b, cb_l,cb_b,  cost, p_error
    - 0 :   1, 10,  452,    5,  7,     7,  2,     3,  6,   5704, 6.3e-5
    - 1 :   1, 10,  450,    7,  5,     4,  3,     3,  6,   7599, 3.4e-5
    - 2 :   1, 10,  450,    7,  5,     4,  3,     4,  5,   9722, 3.4e-5
    - 3 :   2, 10,  450,    4,  9,     5,  3,     3,  7,  11290, 5.1e-5
    - 4 :   2, 10,  451,    5,  8,     5,  3,     3,  7,  13840, 6.1e-5
    - 5 :   2, 10,  459,    6,  7,     7,  2,     3,  8,  16593, 6.3e-5
    - 6 :   2, 10,  450,    6,  7,     5,  3,     4,  6,  21213, 3.9e-5
    - 7 :   2, 10,  450,    7,  6,     7,  2,     4,  6,  24575, 2.0e-5
    - 8 :   2, 10,  450,    7,  6,     7,  2,     5,  5,  30195, 3.5e-5
    - 9 :   2, 10,  450,    7,  6,     7,  2,     7,  4,  41435, 1.8e-5
    - 10:   2, 10,  452,    9,  5,     7,  2,     7,  4,  52731, 6.3e-5
    - 11:   2, 10,  450,   14,  3,     7,  2,     7,  4,  80577, 3.2e-5
    - 12:   2, 10,  450,   14,  3,     7,  2,    10,  3, 113493, 2.6e-5
    - 13:   2, 10,  450,   15,  3,    14,  1,    16,  2, 192020, 4.4e-5
    - 14:   2, 10,  457,   43,  1,    15,  1,    16,  2, 545076, 6.2e-5
    # no solution starting from log norm2 = 15
