security level: 128
target p_error: 6.3e-5
per precision and log norm2:

  - 1: # bits
    -ln2:   k,  N,    n, br_l,br_b, ks_l,ks_b, cb_l,cb_b,  cost, p_error
    - 0 :   2, 10,  723,    3, 12,     5,  3,     1, 13,    198, 5.9e-5
    - 1 :   1, 11,  779,    3, 12,     8,  2,     1, 12,    236, 6.3e-5
    - 2 :   1, 11,  720,    4,  9,     7,  2,     1, 14,    275, 6.1e-5
    - 3 :   2, 10,  724,    6,  7,     7,  2,     1, 15,    365, 6.2e-5
    - 4 :   2, 10,  702,    3, 12,     7,  2,     2,  9,    381, 6.1e-5
    - 5 :   2, 10,  692,    4,  9,     7,  2,     2,  9,    483, 6.2e-5
    - 6 :   2, 10,  720,    4,  9,     7,  2,     2,  9,    494, 6.3e-5
    - 7 :   2, 10,  728,    5,  8,     7,  2,     2, 10,    605, 6.2e-5
    - 8 :   2, 10,  714,    4,  9,     7,  2,     3,  7,    728, 6.3e-5
    - 9 :   2, 10,  711,    5,  8,     7,  2,     3,  7,    886, 6.1e-5
    - 10:   2, 10,  699,    5,  8,     7,  2,     4,  6,   1163, 5.9e-5
    - 11:   2, 10,  705,    6,  7,     7,  2,     4,  6,   1381, 5.9e-5
    - 12:   2, 10,  735,    7,  6,     7,  2,     4,  6,   1632, 6.3e-5
    - 13:   1, 11,  700,    7,  6,    14,  1,     5,  5,   2103, 6.0e-5
    - 14:   2, 10,  726,    7,  6,    15,  1,     7,  4,   2843, 6.3e-5
    - 15:   2, 10,  750,    8,  5,    16,  1,     9,  3,   4209, 6.3e-5
    - 16:   1, 11,  698,   14,  3,    14,  1,     7,  4,   5578, 6.3e-5
    - 17:   1, 11,  713,   14,  3,    15,  1,    10,  3,   8078, 6.3e-5
    - 18:   2, 10,  711,   22,  2,    15,  1,    15,  2,  17936, 6.2e-5
    - 19:   1, 11,  719,   45,  1,    15,  1,    16,  2,  40422, 6.2e-5
    # no solution starting from log norm2 = 20

  - 2: # bits
    -ln2:   k,  N,    n, br_l,br_b, ks_l,ks_b, cb_l,cb_b,  cost, p_error
    - 0 :   2, 10,  697,    2, 16,     7,  2,     2,  7,    629, 6.0e-5
    - 1 :   1, 11,  735,    2, 15,     7,  2,     2,  7,    743, 6.2e-5
    - 2 :   2, 10,  694,    3, 12,     7,  2,     2,  9,    865, 5.7e-5
    - 3 :   2, 10,  746,    3, 12,     8,  2,     2,  8,    914, 6.2e-5
    - 4 :   2, 10,  699,    4,  9,     7,  2,     2,  9,   1109, 5.8e-5
    - 5 :   2, 10,  700,    5,  8,     7,  2,     2, 10,   1349, 5.9e-5
    - 6 :   2, 10,  697,    4,  9,     7,  2,     3,  7,   1573, 6.1e-5
    - 7 :   2, 10,  696,    5,  8,     7,  2,     3,  7,   1915, 6.3e-5
    - 8 :   1, 11,  733,    5,  8,     7,  2,     3,  7,   2165, 6.2e-5
    - 9 :   2, 10,  722,    5,  8,     7,  2,     4,  6,   2543, 6.3e-5
    - 10:   2, 10,  739,    5,  8,    15,  1,     5,  5,   3218, 6.3e-5
    - 11:   2, 10,  692,    7,  6,    14,  1,     5,  5,   4189, 5.8e-5
    - 12:   1, 11,  739,    8,  5,    15,  1,     5,  5,   5306, 6.3e-5
    - 13:   1, 11,  703,    8,  5,    14,  1,     7,  4,   6980, 6.3e-5
    - 14:   2, 10,  719,   11,  4,    15,  1,     7,  4,   8998, 6.3e-5
    - 15:   2, 10,  693,   14,  3,    14,  1,    10,  3,  15629, 6.0e-5
    - 16:   2, 10,  746,   14,  3,    16,  1,    15,  2,  24209, 6.3e-5
    - 17:   1, 11,  714,   22,  2,    15,  1,    16,  2,  40813, 6.3e-5
    # no solution starting from log norm2 = 18

  - 3: # bits
    -ln2:   k,  N,    n, br_l,br_b, ks_l,ks_b, cb_l,cb_b,  cost, p_error
    - 0 :   2, 10,  689,    3, 12,     7,  2,     2,  9,   1345, 6.3e-5
    - 1 :   2, 10,  697,    3, 12,     7,  2,     2,  9,   1356, 6.3e-5
    - 2 :   1, 11,  733,    3, 12,     7,  2,     2,  8,   1586, 6.2e-5
    - 3 :   2, 10,  707,    4,  9,     7,  2,     2,  9,   1745, 6.2e-5
    - 4 :   2, 10,  710,    5,  8,     7,  2,     2, 10,   2127, 6.0e-5
    - 5 :   2, 10,  704,    4,  9,     7,  2,     3,  7,   2443, 6.2e-5
    - 6 :   2, 10,  703,    5,  8,     7,  2,     3,  7,   2974, 5.9e-5
    - 7 :   2, 10,  695,    5,  8,     7,  2,     4,  6,   3808, 6.3e-5
    - 8 :   2, 10,  699,    6,  7,     7,  2,     4,  6,   4512, 6.0e-5
    - 9 :   2, 10,  712,    7,  6,     7,  2,     4,  6,   5260, 6.2e-5
    - 10:   2, 10,  706,    7,  6,    14,  1,     5,  5,   6472, 6.3e-5
    - 11:   2, 10,  702,    7,  6,    14,  1,     7,  4,   8804, 6.0e-5
    - 12:   2, 10,  726,    9,  5,    15,  1,     7,  4,  11372, 6.3e-5
    - 13:   2, 10,  708,   14,  3,    14,  1,     7,  4,  17055, 6.3e-5
    - 14:   2, 10,  710,   14,  3,    15,  1,    10,  3,  23994, 6.1e-5
    - 15:   1, 11,  715,   22,  2,    15,  1,    10,  3,  39298, 6.3e-5
    - 16:   2, 10,  714,   44,  1,    15,  1,    16,  2, 116435, 6.2e-5
    # no solution starting from log norm2 = 17

  - 4: # bits
    -ln2:   k,  N,    n, br_l,br_b, ks_l,ks_b, cb_l,cb_b,  cost, p_error
    - 0 :   2, 10,  692,    3, 12,     7,  2,     2,  9,   2591, 5.8e-5
    - 1 :   2, 10,  715,    3, 12,     7,  2,     2,  9,   2649, 6.3e-5
    - 2 :   2, 10,  695,    4,  9,     7,  2,     2,  9,   3315, 6.2e-5
    - 3 :   1, 11,  712,    4,  9,     7,  2,     2,  9,   3724, 6.0e-5
    - 4 :   2, 10,  694,    4,  9,     7,  2,     3,  7,   4706, 6.2e-5
    - 5 :   1, 11,  713,    4,  9,     7,  2,     3,  7,   5250, 6.2e-5
    - 6 :   2, 10,  750,    5,  8,     8,  2,     3,  7,   6042, 6.3e-5
    - 7 :   2, 10,  708,    5,  8,     7,  2,     4,  6,   7538, 6.0e-5
    - 8 :   2, 10,  723,    6,  7,     7,  2,     4,  6,   9013, 6.2e-5
    - 9 :   2, 10,  732,    6,  7,    15,  1,     5,  5,  11308, 6.3e-5
    - 10:   1, 11,  694,    8,  5,    14,  1,     5,  5,  15168, 6.2e-5
    - 11:   2, 10,  706,    8,  5,    14,  1,     7,  4,  19756, 6.2e-5
    - 12:   2, 10,  700,   11,  4,    14,  1,     7,  4,  26559, 6.1e-5
    - 13:   2, 10,  710,   11,  4,    15,  1,    10,  3,  37732, 6.2e-5
    - 14:   2, 10,  704,   14,  3,    15,  1,    15,  2,  70227, 6.3e-5
    - 15:   1, 11,  719,   22,  2,    15,  1,    15,  2, 115553, 6.2e-5
    - 16:   1, 11,  726,   45,  1,    15,  1,    32,  1, 493656, 6.3e-5
    # no solution starting from log norm2 = 17

  - 5: # bits
    -ln2:   k,  N,    n, br_l,br_b, ks_l,ks_b, cb_l,cb_b,  cost, p_error
    - 0 :   2, 10,  692,    3, 12,     7,  2,     2,  9,   2591, 5.8e-5
    - 1 :   2, 10,  715,    3, 12,     7,  2,     2,  9,   2649, 6.3e-5
    - 2 :   2, 10,  695,    4,  9,     7,  2,     2,  9,   3315, 6.2e-5
    - 3 :   1, 11,  712,    4,  9,     7,  2,     2,  9,   3724, 6.0e-5
    - 4 :   2, 10,  694,    4,  9,     7,  2,     3,  7,   4706, 6.2e-5
    - 5 :   1, 11,  713,    4,  9,     7,  2,     3,  7,   5250, 6.2e-5
    - 6 :   2, 10,  750,    5,  8,     8,  2,     3,  7,   6042, 6.3e-5
    - 7 :   2, 10,  708,    5,  8,     7,  2,     4,  6,   7538, 6.0e-5
    - 8 :   2, 10,  723,    6,  7,     7,  2,     4,  6,   9013, 6.2e-5
    - 9 :   2, 10,  732,    6,  7,    15,  1,     5,  5,  11308, 6.3e-5
    - 10:   1, 11,  694,    8,  5,    14,  1,     5,  5,  15168, 6.2e-5
    - 11:   2, 10,  706,    8,  5,    14,  1,     7,  4,  19756, 6.2e-5
    - 12:   2, 10,  700,   11,  4,    14,  1,     7,  4,  26559, 6.1e-5
    - 13:   2, 10,  710,   11,  4,    15,  1,    10,  3,  37732, 6.2e-5
    - 14:   2, 10,  704,   14,  3,    15,  1,    15,  2,  70227, 6.3e-5
    - 15:   1, 11,  719,   22,  2,    15,  1,    15,  2, 115553, 6.2e-5
    - 16:   1, 11,  726,   45,  1,    15,  1,    32,  1, 493656, 6.3e-5
    # no solution starting from log norm2 = 17

  - 6: # bits
    -ln2:   k,  N,    n, br_l,br_b, ks_l,ks_b, cb_l,cb_b,  cost, p_error
    - 0 :   2, 10,  693,    3, 12,     7,  2,     2,  9,   3080, 5.7e-5
    - 1 :   2, 10,  727,    3, 12,     7,  2,     2,  9,   3182, 6.3e-5
    - 2 :   2, 10,  697,    4,  9,     7,  2,     2,  9,   3943, 5.9e-5
    - 3 :   1, 11,  735,    4,  9,     7,  2,     2,  9,   4554, 6.3e-5
    - 4 :   2, 10,  696,    4,  9,     7,  2,     3,  7,   5569, 5.8e-5
    - 5 :   1, 11,  741,    4,  9,     8,  2,     3,  7,   6431, 6.3e-5
    - 6 :   1, 11,  713,    5,  8,     7,  2,     3,  7,   7530, 6.1e-5
    - 7 :   2, 10,  714,    5,  8,     7,  2,     4,  6,   8925, 6.1e-5
    - 8 :   2, 10,  724,    6,  7,    15,  1,     4,  6,  10784, 6.3e-5
    - 9 :   1, 11,  737,    6,  7,    15,  1,     5,  5,  14449, 6.3e-5
    - 10:   1, 11,  708,    8,  5,    14,  1,     5,  5,  18134, 6.2e-5
    - 11:   2, 10,  718,    8,  5,    15,  1,     7,  4,  23429, 6.2e-5
    - 12:   2, 10,  707,   11,  4,    15,  1,     7,  4,  31356, 6.3e-5
    - 13:   2, 10,  730,   11,  4,    15,  1,    10,  3,  44916, 6.3e-5
    - 14:   2, 10,  716,   14,  3,    15,  1,    15,  2,  82943, 6.2e-5
    - 15:   2, 10,  718,   22,  2,    15,  1,    16,  2, 137327, 6.3e-5
    # no solution starting from log norm2 = 16

  - 7: # bits
    -ln2:   k,  N,    n, br_l,br_b, ks_l,ks_b, cb_l,cb_b,  cost, p_error
    - 0 :   2, 10,  694,    3, 12,     7,  2,     2,  9,   3570, 5.7e-5
    - 1 :   2, 10,  746,    3, 12,     8,  2,     2,  8,   3774, 6.2e-5
    - 2 :   2, 10,  699,    4,  9,     7,  2,     2,  9,   4574, 5.8e-5
    - 3 :   2, 10,  700,    5,  8,     7,  2,     2, 10,   5565, 5.9e-5
    - 4 :   2, 10,  697,    4,  9,     7,  2,     3,  7,   6429, 6.1e-5
    - 5 :   2, 10,  696,    5,  8,     7,  2,     3,  7,   7827, 6.3e-5
    - 6 :   1, 11,  733,    5,  8,     7,  2,     3,  7,   8894, 6.2e-5
    - 7 :   2, 10,  722,    5,  8,     7,  2,     4,  6,  10344, 6.3e-5
    - 8 :   2, 10,  739,    5,  8,    15,  1,     5,  5,  13047, 6.3e-5
    - 9 :   2, 10,  692,    7,  6,    14,  1,     5,  5,  16977, 5.8e-5
    - 10:   1, 11,  739,    8,  5,    15,  1,     5,  5,  21584, 6.3e-5
    - 11:   1, 11,  703,    8,  5,    14,  1,     7,  4,  28261, 6.3e-5
    - 12:   2, 10,  719,   11,  4,    15,  1,     7,  4,  36341, 6.3e-5
    - 13:   2, 10,  693,   14,  3,    14,  1,    10,  3,  62936, 6.0e-5
    - 14:   2, 10,  746,   14,  3,    16,  1,    15,  2,  97290, 6.3e-5
    - 15:   1, 11,  714,   22,  2,    15,  1,    16,  2, 164145, 6.3e-5
    # no solution starting from log norm2 = 16

  - 8: # bits
    -ln2:   k,  N,    n, br_l,br_b, ks_l,ks_b, cb_l,cb_b,  cost, p_error
    - 0 :   2, 10,  694,    3, 12,     7,  2,     2,  9,   4056, 6.3e-5
    - 1 :   1, 11,  703,    3, 12,     7,  2,     2,  8,   4599, 5.8e-5
    - 2 :   2, 10,  700,    4,  9,     7,  2,     2,  9,   5202, 6.3e-5
    - 3 :   2, 10,  702,    5,  8,     7,  2,     2, 10,   6335, 6.0e-5
    - 4 :   2, 10,  699,    4,  9,     7,  2,     3,  7,   7297, 5.9e-5
    - 5 :   2, 10,  698,    5,  8,     7,  2,     3,  7,   8884, 5.9e-5
    - 6 :   2, 10,  719,    6,  7,     7,  2,     3,  8,  10675, 6.1e-5
    - 7 :   2, 10,  737,    5,  8,     7,  2,     4,  6,  11855, 6.3e-5
    - 8 :   2, 10,  703,    7,  6,     7,  2,     4,  6,  15659, 6.2e-5
    - 9 :   2, 10,  694,    7,  6,    14,  1,     5,  5,  19216, 6.3e-5
    - 10:   2, 10,  692,    7,  6,    14,  1,     7,  4,  26189, 6.1e-5
    - 11:   1, 11,  722,    8,  5,    15,  1,     7,  4,  32591, 6.3e-5
    - 12:   1, 11,  705,   11,  4,    15,  1,     7,  4,  43021, 6.3e-5
    - 13:   2, 10,  696,   14,  3,    14,  1,    10,  3,  71137, 6.2e-5
    - 14:   2, 10,  712,   22,  2,    15,  1,    10,  3, 111822, 6.2e-5
    - 15:   2, 10,  722,   22,  2,    15,  1,    31,  1, 340145, 6.2e-5
    # no solution starting from log norm2 = 16

  - 9: # bits
    -ln2:   k,  N,    n, br_l,br_b, ks_l,ks_b, cb_l,cb_b,  cost, p_error
    - 0 :   1, 11,  709,    3, 12,     7,  2,     2,  8,   5196, 6.2e-5
    - 1 :   2, 10,  703,    4,  9,     7,  2,     2,  9,   5842, 5.8e-5
    - 2 :   2, 10,  704,    5,  8,     7,  2,     2, 10,   7108, 6.1e-5
    - 3 :   2, 10,  700,    4,  9,     7,  2,     3,  7,   8162, 6.3e-5
    - 4 :   2, 10,  699,    5,  8,     7,  2,     3,  7,   9935, 6.3e-5
    - 5 :   2, 10,  728,    6,  7,     7,  2,     3,  8,  12023, 6.3e-5
    - 6 :   2, 10,  747,    5,  8,    15,  1,     4,  6,  13579, 6.3e-5
    - 7 :   2, 10,  706,    7,  6,     7,  2,     4,  6,  17520, 6.0e-5
    - 8 :   2, 10,  698,    7,  6,    14,  1,     5,  5,  21500, 6.0e-5
    - 9 :   2, 10,  695,    7,  6,    14,  1,     7,  4,  29248, 6.0e-5
    - 10:   2, 10,  707,    9,  5,    15,  1,     7,  4,  37405, 6.2e-5
    - 11:   1, 11,  724,   11,  4,    15,  1,     7,  4,  48913, 6.3e-5
    - 12:   2, 10,  700,   14,  3,    14,  1,    10,  3,  79444, 6.1e-5
    - 13:   2, 10,  724,   22,  2,    15,  1,    10,  3, 125676, 6.3e-5
    - 14:   2, 10,  702,   44,  1,    14,  1,    16,  2, 384838, 6.3e-5
    # no solution starting from log norm2 = 15

  - 10: # bits
    -ln2:   k,  N,    n, br_l,br_b, ks_l,ks_b, cb_l,cb_b,  cost, p_error
    - 0 :   1, 11,  718,    3, 12,     7,  2,     2,  8,   5820, 6.3e-5
    - 1 :   2, 10,  705,    4,  9,     7,  2,     2,  9,   6480, 5.9e-5
    - 2 :   2, 10,  707,    5,  8,     7,  2,     2, 10,   7891, 6.0e-5
    - 3 :   2, 10,  702,    4,  9,     7,  2,     3,  7,   9036, 6.2e-5
    - 4 :   2, 10,  701,    5,  8,     7,  2,     3,  7,  10999, 6.0e-5
    - 5 :   2, 10,  741,    6,  7,     8,  2,     3,  8,  13471, 6.3e-5
    - 6 :   1, 11,  738,    5,  8,    15,  1,     4,  6,  16298, 6.3e-5
    - 7 :   2, 10,  696,    7,  6,    14,  1,     4,  6,  19380, 6.3e-5
    - 8 :   2, 10,  702,    7,  6,    14,  1,     5,  5,  23800, 6.0e-5
    - 9 :   2, 10,  698,    7,  6,    14,  1,     7,  4,  32322, 6.1e-5
    - 10:   2, 10,  714,    9,  5,    15,  1,     7,  4,  41474, 6.3e-5
    - 11:   2, 10,  703,   14,  3,    14,  1,     7,  4,  62563, 6.2e-5
    - 12:   2, 10,  704,   14,  3,    15,  1,    10,  3,  87835, 6.3e-5
    - 13:   1, 11,  704,   22,  2,    14,  1,    10,  3, 143029, 6.1e-5
    - 14:   2, 10,  707,   44,  1,    15,  1,    16,  2, 425432, 6.3e-5
    # no solution starting from log norm2 = 15

  - 11: # bits
    -ln2:   k,  N,    n, br_l,br_b, ks_l,ks_b, cb_l,cb_b,  cost, p_error
    - 0 :   1, 11,  733,    3, 12,     7,  2,     2,  8,   6500, 6.2e-5
    - 1 :   2, 10,  707,    4,  9,     7,  2,     2,  9,   7121, 6.2e-5
    - 2 :   2, 10,  710,    5,  8,     7,  2,     2, 10,   8679, 6.0e-5
    - 3 :   2, 10,  704,    4,  9,     7,  2,     3,  7,   9913, 6.2e-5
    - 4 :   2, 10,  703,    5,  8,     7,  2,     3,  7,  12066, 5.9e-5
    - 5 :   2, 10,  695,    5,  8,     7,  2,     4,  6,  15400, 6.3e-5
    - 6 :   2, 10,  699,    6,  7,     7,  2,     4,  6,  18242, 6.0e-5
    - 7 :   2, 10,  712,    7,  6,     7,  2,     4,  6,  21270, 6.2e-5
    - 8 :   2, 10,  706,    7,  6,    14,  1,     5,  5,  26116, 6.3e-5
    - 9 :   2, 10,  702,    7,  6,    14,  1,     7,  4,  35443, 6.0e-5
    - 10:   2, 10,  726,    9,  5,    15,  1,     7,  4,  45779, 6.3e-5
    - 11:   2, 10,  708,   14,  3,    14,  1,     7,  4,  68652, 6.3e-5
    - 12:   2, 10,  710,   14,  3,    15,  1,    10,  3,  96410, 6.1e-5
    - 13:   1, 11,  715,   22,  2,    15,  1,    10,  3, 158086, 6.3e-5
    - 14:   2, 10,  714,   44,  1,    15,  1,    16,  2, 467052, 6.2e-5
    # no solution starting from log norm2 = 15

  - 12: # bits
    -ln2:   k,  N,    n, br_l,br_b, ks_l,ks_b, cb_l,cb_b,  cost, p_error
    - 0 :   1, 11,  733,    3, 12,     7,  2,     2,  8,   6500, 6.2e-5
    - 1 :   2, 10,  707,    4,  9,     7,  2,     2,  9,   7121, 6.2e-5
    - 2 :   2, 10,  710,    5,  8,     7,  2,     2, 10,   8679, 6.0e-5
    - 3 :   2, 10,  704,    4,  9,     7,  2,     3,  7,   9913, 6.2e-5
    - 4 :   2, 10,  703,    5,  8,     7,  2,     3,  7,  12066, 5.9e-5
    - 5 :   2, 10,  695,    5,  8,     7,  2,     4,  6,  15400, 6.3e-5
    - 6 :   2, 10,  699,    6,  7,     7,  2,     4,  6,  18242, 6.0e-5
    - 7 :   2, 10,  712,    7,  6,     7,  2,     4,  6,  21270, 6.2e-5
    - 8 :   2, 10,  706,    7,  6,    14,  1,     5,  5,  26116, 6.3e-5
    - 9 :   2, 10,  702,    7,  6,    14,  1,     7,  4,  35443, 6.0e-5
    - 10:   2, 10,  726,    9,  5,    15,  1,     7,  4,  45779, 6.3e-5
    - 11:   2, 10,  708,   14,  3,    14,  1,     7,  4,  68652, 6.3e-5
    - 12:   2, 10,  710,   14,  3,    15,  1,    10,  3,  96410, 6.1e-5
    - 13:   1, 11,  715,   22,  2,    15,  1,    10,  3, 158086, 6.3e-5
    - 14:   2, 10,  714,   44,  1,    15,  1,    16,  2, 467052, 6.2e-5
    # no solution starting from log norm2 = 15

  - 13: # bits
    -ln2:   k,  N,    n, br_l,br_b, ks_l,ks_b, cb_l,cb_b,  cost, p_error
    - 0 :   2, 10,  692,    4,  9,     7,  2,     2,  9,   9361, 6.2e-5
    - 1 :   2, 10,  720,    4,  9,     7,  2,     2,  9,   9616, 6.3e-5
    - 2 :   2, 10,  728,    5,  8,     7,  2,     2, 10,  11771, 6.2e-5
    - 3 :   2, 10,  714,    4,  9,     7,  2,     3,  7,  13344, 6.3e-5
    - 4 :   2, 10,  711,    5,  8,     7,  2,     3,  7,  16210, 6.1e-5
    - 5 :   2, 10,  699,    5,  8,     7,  2,     4,  6,  20612, 5.9e-5
    - 6 :   2, 10,  705,    6,  7,     7,  2,     4,  6,  24458, 5.9e-5
    - 7 :   2, 10,  718,    7,  6,    15,  1,     4,  6,  28873, 6.2e-5
    - 8 :   1, 11,  700,    7,  6,    14,  1,     5,  5,  37268, 6.0e-5
    - 9 :   2, 10,  726,    7,  6,    15,  1,     7,  4,  48283, 6.3e-5
    - 10:   2, 10,  750,    8,  5,    16,  1,     9,  3,  70610, 6.3e-5
    - 11:   1, 11,  698,   14,  3,    14,  1,     7,  4,  96063, 6.3e-5
    - 12:   1, 11,  713,   14,  3,    15,  1,    10,  3, 136208, 6.3e-5
    - 13:   2, 10,  711,   22,  2,    15,  1,    15,  2, 294978, 6.2e-5
    - 14:   1, 11,  719,   45,  1,    15,  1,    16,  2, 668413, 6.2e-5
    # no solution starting from log norm2 = 15

  - 14: # bits
    -ln2:   k,  N,    n, br_l,br_b, ks_l,ks_b, cb_l,cb_b,  cost, p_error
    - 0 :   2, 10,  692,    4,  9,     7,  2,     2,  9,   9361, 6.2e-5
    - 1 :   2, 10,  720,    4,  9,     7,  2,     2,  9,   9616, 6.3e-5
    - 2 :   2, 10,  728,    5,  8,     7,  2,     2, 10,  11771, 6.2e-5
    - 3 :   2, 10,  714,    4,  9,     7,  2,     3,  7,  13344, 6.3e-5
    - 4 :   2, 10,  711,    5,  8,     7,  2,     3,  7,  16210, 6.1e-5
    - 5 :   2, 10,  699,    5,  8,     7,  2,     4,  6,  20612, 5.9e-5
    - 6 :   2, 10,  705,    6,  7,     7,  2,     4,  6,  24458, 5.9e-5
    - 7 :   2, 10,  718,    7,  6,    15,  1,     4,  6,  28873, 6.2e-5
    - 8 :   1, 11,  700,    7,  6,    14,  1,     5,  5,  37268, 6.0e-5
    - 9 :   2, 10,  726,    7,  6,    15,  1,     7,  4,  48283, 6.3e-5
    - 10:   2, 10,  750,    8,  5,    16,  1,     9,  3,  70610, 6.3e-5
    - 11:   1, 11,  698,   14,  3,    14,  1,     7,  4,  96063, 6.3e-5
    - 12:   1, 11,  713,   14,  3,    15,  1,    10,  3, 136208, 6.3e-5
    - 13:   2, 10,  711,   22,  2,    15,  1,    15,  2, 294978, 6.2e-5
    - 14:   1, 11,  719,   45,  1,    15,  1,    16,  2, 668413, 6.2e-5
    # no solution starting from log norm2 = 15

  - 15: # bits
    -ln2:   k,  N,    n, br_l,br_b, ks_l,ks_b, cb_l,cb_b,  cost, p_error
    - 0 :   2, 10,  692,    4,  9,     7,  2,     2,  9,   9361, 6.2e-5
    - 1 :   2, 10,  720,    4,  9,     7,  2,     2,  9,   9616, 6.3e-5
    - 2 :   2, 10,  728,    5,  8,     7,  2,     2, 10,  11771, 6.2e-5
    - 3 :   2, 10,  714,    4,  9,     7,  2,     3,  7,  13344, 6.3e-5
    - 4 :   2, 10,  711,    5,  8,     7,  2,     3,  7,  16210, 6.1e-5
    - 5 :   2, 10,  699,    5,  8,     7,  2,     4,  6,  20612, 5.9e-5
    - 6 :   2, 10,  705,    6,  7,     7,  2,     4,  6,  24458, 5.9e-5
    - 7 :   2, 10,  718,    7,  6,    15,  1,     4,  6,  28873, 6.2e-5
    - 8 :   1, 11,  700,    7,  6,    14,  1,     5,  5,  37268, 6.0e-5
    - 9 :   2, 10,  726,    7,  6,    15,  1,     7,  4,  48283, 6.3e-5
    - 10:   2, 10,  750,    8,  5,    16,  1,     9,  3,  70610, 6.3e-5
    - 11:   1, 11,  698,   14,  3,    14,  1,     7,  4,  96063, 6.3e-5
    - 12:   1, 11,  713,   14,  3,    15,  1,    10,  3, 136208, 6.3e-5
    - 13:   2, 10,  711,   22,  2,    15,  1,    15,  2, 294978, 6.2e-5
    - 14:   1, 11,  719,   45,  1,    15,  1,    16,  2, 668413, 6.2e-5
    # no solution starting from log norm2 = 15

  - 16: # bits
    -ln2:   k,  N,    n, br_l,br_b, ks_l,ks_b, cb_l,cb_b,  cost, p_error
    - 0 :   2, 10,  693,    4,  9,     7,  2,     2,  9,  10484, 6.0e-5
    - 1 :   2, 10,  732,    4,  9,     7,  2,     2,  9,  10879, 6.2e-5
    - 2 :   2, 10,  746,    5,  8,     8,  2,     2, 10,  13437, 6.3e-5
    - 3 :   2, 10,  722,    4,  9,     7,  2,     3,  7,  15065, 6.2e-5
    - 4 :   2, 10,  717,    5,  8,     7,  2,     3,  7,  18264, 6.1e-5
    - 5 :   2, 10,  701,    5,  8,     7,  2,     4,  6,  23165, 5.9e-5
    - 6 :   2, 10,  708,    6,  7,     7,  2,     4,  6,  27507, 6.1e-5
    - 7 :   2, 10,  743,    7,  6,    15,  1,     4,  6,  33091, 6.3e-5
    - 8 :   1, 11,  714,    7,  6,    14,  1,     5,  5,  42423, 6.3e-5
    - 9 :   1, 11,  728,    7,  6,    15,  1,     7,  4,  58416, 6.3e-5
    - 10:   2, 10,  691,   11,  4,    14,  1,     7,  4,  80455, 6.2e-5
    - 11:   1, 11,  710,   14,  3,    15,  1,     7,  4, 109224, 6.3e-5
    - 12:   2, 10,  720,   15,  3,    15,  1,    10,  3, 155656, 6.2e-5
    - 13:   2, 10,  724,   22,  2,    15,  1,    15,  2, 335029, 6.2e-5
    - 14:   2, 10,  718,   44,  1,    15,  1,    32,  1, 1386532, 6.3e-5
    # no solution starting from log norm2 = 15
