security level: 80
target p_error: 6.3e-5
per precision and log norm2:

  - 1: # bits
    -ln2:   k,  N,    n, br_l,br_b, ks_l,ks_b, cb_l,cb_b, pp_l,pp_b,  cost, p_error
    - 0 :   1, 10,  450,    2, 13,     2,  5,     1,  8,     2, 13,     42, 9.9e-9
    - 1 :   1, 10,  450,    3, 10,     2,  5,     1, 10,     2, 13,     53, 3.0e-14
    - 2 :   1, 10,  450,    3, 10,     2,  5,     1, 10,     2, 13,     53, 2.7e-5
    - 3 :   1, 10,  450,    4,  8,     3,  4,     1, 11,     3, 10,     70, 4.5e-5
    - 4 :   2, 10,  450,    3, 12,     2,  5,     1, 13,     1, 31,     97, 1.4e-5
    - 5 :   1, 10,  450,    3, 10,     4,  3,     2,  7,     3, 10,    115, 6.1e-5
    - 6 :   1, 10,  450,    4,  8,     2,  5,     2,  7,     3, 10,    136, 2.0e-6
    - 7 :   1, 10,  450,    6,  6,     2,  5,     2,  8,     3, 10,    182, 2.5e-6
    - 8 :   2, 10,  450,    3, 12,     3,  4,     2,  8,     1, 31,    193, 4.8e-5
    - 9 :   1, 10,  450,    6,  6,     3,  4,     3,  6,     3, 10,    273, 4.2e-5
    - 10:   2, 10,  450,    5,  8,     2,  5,     2, 10,     2, 20,    313, 2.8e-9
    - 11:   2, 10,  450,    6,  7,     2,  5,     2, 10,     2, 20,    350, 4.7e-7
    - 12:   2, 10,  450,    4,  9,     3,  4,     3,  7,     2, 20,    414, 4.6e-5
    - 13:   2, 10,  450,    6,  7,     2,  5,     3,  8,     2, 20,    523, 5.7e-7
    - 14:   2, 10,  450,    7,  6,     2,  5,     3,  8,     2, 20,    579, 4.4e-6
    - 15:   2, 10,  450,    9,  5,     3,  4,     3,  8,     2, 20,    691, 3.8e-5
    - 16:   2, 10,  450,    9,  5,     3,  4,     4,  6,     2, 20,    920, 3.8e-5
    - 17:   2, 10,  450,    9,  5,     4,  3,     5,  5,     2, 20,   1150, 6.1e-5
    - 18:   2, 10,  450,    8,  5,     2,  5,     7,  4,     2, 20,   1475, 1.0e-5
    - 19:   2, 10,  450,   11,  4,     2,  5,     7,  4,     2, 20,   1863, 1.3e-5
    - 20:   2, 10,  450,   11,  4,     2,  5,    10,  3,     2, 20,   2660, 4.9e-5
    - 21:   2, 10,  450,   21,  2,     3,  4,    10,  3,     2, 20,   4507, 5.6e-5
    - 22:   2, 10,  450,   22,  2,     2,  5,    16,  2,     2, 20,   7503, 4.8e-5
    # no solution starting from log norm2 = 23

  - 2: # bits
    -ln2:   k,  N,    n, br_l,br_b, ks_l,ks_b, cb_l,cb_b, pp_l,pp_b,  cost, p_error
    - 0 :   1, 10,  450,    4,  8,     3,  4,     1, 10,     2, 13,    187, 2.9e-5
    - 1 :   1, 10,  450,    3, 10,     2,  5,     2,  7,     2, 13,    255, 3.6e-10
    - 2 :   1, 10,  450,    3, 10,     2,  5,     2,  7,     2, 13,    255, 9.6e-6
    - 3 :   1, 10,  450,    4,  8,     2,  5,     2,  7,     2, 13,    312, 8.6e-6
    - 4 :   1, 10,  450,    3, 10,     3,  4,     3,  5,     2, 13,    361, 5.7e-5
    - 5 :   2, 10,  450,    3, 12,     2,  5,     2,  8,     1, 31,    453, 5.9e-5
    - 6 :   1, 10,  450,    4,  8,    14,  1,     4,  4,     3, 10,    619, 6.3e-5
    - 7 :   2, 10,  450,    3, 12,     3,  4,     3,  6,     1, 31,    644, 6.1e-7
    - 8 :   2, 10,  450,    5,  8,     3,  4,     2, 10,     2, 20,    737, 3.8e-6
    - 9 :   2, 10,  450,    4,  9,     2,  5,     3,  7,     2, 20,    914, 5.8e-5
    - 10:   2, 10,  450,    5,  8,     3,  4,     3,  7,     2, 20,   1047, 6.7e-7
    - 11:   2, 10,  450,    7,  6,     2,  5,     3,  8,     2, 20,   1302, 1.2e-5
    - 12:   2, 10,  450,    8,  5,     3,  4,     3,  8,     2, 20,   1434, 3.3e-6
    - 13:   2, 10,  450,    7,  6,     3,  4,     4,  6,     2, 20,   1689, 1.1e-5
    - 14:   2, 10,  450,    7,  6,     3,  4,     5,  5,     2, 20,   2073, 3.3e-5
    - 15:   2, 10,  450,    7,  6,     3,  4,     7,  4,     2, 20,   2840, 9.4e-6
    - 16:   2, 10,  450,    9,  5,     7,  2,     7,  4,     2, 20,   3408, 6.0e-5
    - 17:   2, 10,  450,   14,  3,     3,  4,     7,  4,     2, 20,   4778, 3.1e-5
    - 18:   2, 10,  450,   14,  3,     3,  4,    10,  3,     2, 20,   6704, 2.3e-5
    - 19:   2, 10,  450,   22,  2,     4,  3,    11,  3,     3, 15,  11275, 5.3e-5
    - 20:   2, 10,  450,   45,  1,     5,  3,    16,  2,     2, 20,  29446, 5.8e-5
    # no solution starting from log norm2 = 21

  - 3: # bits
    -ln2:   k,  N,    n, br_l,br_b, ks_l,ks_b, cb_l,cb_b, pp_l,pp_b,  cost, p_error
    - 0 :   1, 10,  450,    3, 10,     4,  3,     2,  7,     2, 13,    410, 5.3e-5
    - 1 :   1, 10,  450,    4,  8,     4,  3,     2,  7,     2, 13,    502, 4.7e-5
    - 2 :   1, 10,  450,    4,  8,     3,  4,     3,  5,     2, 13,    689, 1.8e-6
    - 3 :   2, 10,  450,    3, 12,     4,  3,     2,  8,     1, 31,    725, 4.1e-5
    - 4 :   1, 10,  450,    6,  6,     3,  4,     3,  6,     3, 10,    977, 4.0e-5
    - 5 :   2, 10,  450,    3, 12,     5,  3,     3,  6,     1, 31,   1012, 6.0e-5
    - 6 :   2, 10,  450,    3, 12,     3,  4,     4,  5,     1, 31,   1283, 4.1e-5
    - 7 :   2, 10,  450,    4,  9,     4,  3,     3,  7,     2, 20,   1426, 4.0e-5
    - 8 :   2, 10,  451,    5,  8,     5,  3,     3,  7,     2, 20,   1637, 6.1e-5
    - 9 :   2, 10,  450,    7,  6,     3,  4,     3,  8,     2, 20,   2030, 2.1e-5
    - 10:   2, 10,  450,    6,  7,     4,  3,     4,  6,     2, 20,   2352, 1.8e-5
    - 11:   2, 10,  450,    6,  7,     4,  3,     5,  5,     2, 20,   2872, 6.0e-5
    - 12:   2, 10,  450,    8,  5,     7,  2,     5,  5,     2, 20,   3516, 4.8e-5
    - 13:   2, 10,  450,    8,  5,     3,  4,     7,  4,     2, 20,   4757, 3.4e-5
    - 14:   2, 10,  450,   11,  4,     3,  4,     7,  4,     2, 20,   6030, 4.0e-5
    - 15:   2, 10,  450,   14,  3,     7,  2,     8,  4,     2, 20,   8288, 4.1e-5
    - 16:   2, 10,  450,   15,  3,    14,  1,    11,  3,     3, 15,  12653, 6.0e-5
    - 17:   2, 10,  450,   22,  2,     4,  3,    16,  2,     2, 20,  23361, 1.8e-5
    - 18:   2, 10,  450,   44,  1,    14,  1,    32,  1,     3, 15,  88011, 6.2e-5
    # no solution starting from log norm2 = 19

  - 4: # bits
    -ln2:   k,  N,    n, br_l,br_b, ks_l,ks_b, cb_l,cb_b, pp_l,pp_b,  cost, p_error
    - 0 :   1, 10,  450,    4,  8,     3,  4,     2,  7,     2, 13,    943, 6.6e-7
    - 1 :   1, 10,  450,    3, 10,     3,  4,     3,  5,     2, 13,   1084, 3.6e-5
    - 2 :   2, 10,  450,    3, 12,     3,  4,     2,  8,     1, 31,   1369, 4.9e-6
    - 3 :   2, 10,  450,    4,  9,     4,  3,     2,  9,     1, 31,   1657, 5.4e-5
    - 4 :   2, 10,  450,    3, 12,     3,  4,     3,  6,     1, 31,   1933, 9.7e-6
    - 5 :   2, 10,  450,    5,  8,     3,  4,     2, 10,     2, 20,   2211, 2.4e-5
    - 6 :   2, 10,  450,    6,  7,     4,  3,     2, 10,     2, 20,   2499, 6.0e-5
    - 7 :   2, 10,  450,    5,  8,     3,  4,     3,  7,     2, 20,   3141, 1.0e-5
    - 8 :   2, 10,  450,    6,  7,     5,  3,     3,  8,     2, 20,   3550, 4.0e-5
    - 9 :   2, 10,  450,    8,  5,     3,  4,     3,  8,     2, 20,   4304, 2.2e-5
    - 10:   2, 10,  450,    7,  6,     3,  4,     4,  6,     2, 20,   5067, 4.3e-5
    - 11:   2, 10,  450,    7,  6,     4,  3,     5,  5,     2, 20,   6229, 1.7e-5
    - 12:   2, 10,  450,    8,  5,     7,  2,     6,  5,     2, 20,   8132, 4.1e-5
    - 13:   2, 10,  450,    9,  5,     4,  3,     7,  4,     2, 20,  10193, 4.8e-5
    - 14:   2, 10,  450,   14,  3,     4,  3,     7,  4,     2, 20,  14346, 1.6e-5
    - 15:   2, 10,  450,   14,  3,     4,  3,    10,  3,     2, 20,  20125, 1.2e-5
    - 16:   2, 10,  450,   22,  2,     7,  2,    10,  3,     3, 15,  30900, 6.0e-5
    - 17:   2, 10,  450,   44,  1,     4,  3,    16,  2,     2, 20,  86501, 5.7e-5
    # no solution starting from log norm2 = 18

  - 5: # bits
    -ln2:   k,  N,    n, br_l,br_b, ks_l,ks_b, cb_l,cb_b, pp_l,pp_b,  cost, p_error
    - 0 :   1, 10,  450,    4,  8,     3,  4,     2,  7,     2, 13,    943, 6.6e-7
    - 1 :   1, 10,  450,    3, 10,     3,  4,     3,  5,     2, 13,   1084, 3.6e-5
    - 2 :   2, 10,  450,    3, 12,     3,  4,     2,  8,     1, 31,   1369, 4.9e-6
    - 3 :   2, 10,  450,    4,  9,     4,  3,     2,  9,     1, 31,   1657, 5.4e-5
    - 4 :   2, 10,  450,    3, 12,     3,  4,     3,  6,     1, 31,   1933, 9.7e-6
    - 5 :   2, 10,  450,    5,  8,     3,  4,     2, 10,     2, 20,   2211, 2.4e-5
    - 6 :   2, 10,  450,    6,  7,     4,  3,     2, 10,     2, 20,   2499, 6.0e-5
    - 7 :   2, 10,  450,    5,  8,     3,  4,     3,  7,     2, 20,   3141, 1.0e-5
    - 8 :   2, 10,  450,    6,  7,     5,  3,     3,  8,     2, 20,   3550, 4.0e-5
    - 9 :   2, 10,  450,    8,  5,     3,  4,     3,  8,     2, 20,   4304, 2.2e-5
    - 10:   2, 10,  450,    7,  6,     3,  4,     4,  6,     2, 20,   5067, 4.3e-5
    - 11:   2, 10,  450,    7,  6,     4,  3,     5,  5,     2, 20,   6229, 1.7e-5
    - 12:   2, 10,  450,    8,  5,     7,  2,     6,  5,     2, 20,   8132, 4.1e-5
    - 13:   2, 10,  450,    9,  5,     4,  3,     7,  4,     2, 20,  10193, 4.8e-5
    - 14:   2, 10,  450,   14,  3,     4,  3,     7,  4,     2, 20,  14346, 1.6e-5
    - 15:   2, 10,  450,   14,  3,     4,  3,    10,  3,     2, 20,  20125, 1.2e-5
    - 16:   2, 10,  450,   22,  2,     7,  2,    10,  3,     3, 15,  30900, 6.0e-5
    - 17:   2, 10,  450,   44,  1,     4,  3,    16,  2,     2, 20,  86501, 5.7e-5
    # no solution starting from log norm2 = 18

  - 6: # bits
    -ln2:   k,  N,    n, br_l,br_b, ks_l,ks_b, cb_l,cb_b, pp_l,pp_b,  cost, p_error
    - 0 :   1, 10,  450,    4,  8,     3,  4,     2,  7,     2, 13,   1128, 2.2e-6
    - 1 :   1, 10,  450,    3, 10,     4,  3,     3,  5,     2, 13,   1293, 4.8e-5
    - 2 :   2, 10,  450,    3, 12,     3,  4,     2,  8,     1, 31,   1633, 1.1e-5
    - 3 :   2, 10,  450,    4,  9,     7,  2,     2,  9,     1, 31,   2014, 5.3e-5
    - 4 :   2, 10,  450,    3, 12,     3,  4,     3,  6,     1, 31,   2291, 2.1e-5
    - 5 :   2, 10,  450,    5,  8,     3,  4,     2, 10,     2, 20,   2633, 5.2e-5
    - 6 :   2, 10,  450,    6,  7,     7,  2,     2, 10,     2, 20,   3015, 6.0e-5
    - 7 :   2, 10,  450,    5,  8,     3,  4,     3,  7,     2, 20,   3718, 2.2e-5
    - 8 :   2, 10,  450,    6,  7,    14,  1,     3,  8,     2, 20,   4315, 6.2e-5
    - 9 :   2, 10,  450,    8,  5,     3,  4,     3,  8,     2, 20,   5102, 4.9e-5
    - 10:   2, 10,  450,    7,  6,     4,  3,     4,  6,     2, 20,   5996, 2.0e-5
    - 11:   2, 10,  450,    7,  6,     4,  3,     5,  5,     2, 20,   7339, 4.7e-5
    - 12:   2, 10,  450,    7,  6,     4,  3,     7,  4,     2, 20,  10025, 1.7e-5
    - 13:   2, 10,  450,    9,  5,     7,  2,     7,  4,     2, 20,  12019, 4.6e-5
    - 14:   2, 10,  450,   14,  3,     4,  3,     7,  4,     2, 20,  16873, 4.4e-5
    - 15:   2, 10,  450,   14,  3,     4,  3,    10,  3,     2, 20,  23615, 3.6e-5
    - 16:   2, 10,  450,   22,  2,    14,  1,    11,  3,     2, 20,  37947, 5.7e-5
    - 17:   2, 10,  450,   44,  1,     7,  2,    16,  2,     2, 20, 101368, 5.7e-5
    # no solution starting from log norm2 = 18

  - 7: # bits
    -ln2:   k,  N,    n, br_l,br_b, ks_l,ks_b, cb_l,cb_b, pp_l,pp_b,  cost, p_error
    - 0 :   1, 10,  450,    4,  8,     3,  4,     2,  7,     2, 13,   1313, 6.0e-6
    - 1 :   1, 10,  450,    3, 10,     5,  3,     3,  5,     3, 10,   1599, 5.0e-5
    - 2 :   2, 10,  450,    3, 12,     3,  4,     2,  8,     1, 31,   1896, 2.1e-5
    - 3 :   1, 10,  450,    6,  6,     3,  4,     3,  6,     3, 10,   2579, 2.1e-6
    - 4 :   2, 10,  450,    3, 12,     3,  4,     3,  6,     1, 31,   2648, 4.2e-5
    - 5 :   2, 10,  450,    5,  8,     4,  3,     2, 10,     2, 20,   3069, 2.2e-5
    - 6 :   2, 10,  450,    4,  9,     3,  4,     3,  7,     2, 20,   3760, 2.1e-5
    - 7 :   2, 10,  450,    5,  8,     3,  4,     3,  7,     2, 20,   4295, 4.4e-5
    - 8 :   2, 10,  450,    7,  6,     3,  4,     3,  8,     2, 20,   5365, 2.7e-6
    - 9 :   2, 10,  450,    8,  5,     4,  3,     3,  8,     2, 20,   5915, 2.0e-5
    - 10:   2, 10,  450,    7,  6,     4,  3,     4,  6,     2, 20,   6914, 4.9e-5
    - 11:   2, 10,  450,    7,  6,     7,  2,     5,  5,     2, 20,   8492, 3.9e-5
    - 12:   2, 10,  450,    7,  6,     4,  3,     7,  4,     2, 20,  11519, 4.3e-5
    - 13:   2, 10,  450,   10,  4,     7,  2,     7,  4,     2, 20,  14939, 4.8e-5
    - 14:   2, 10,  450,   14,  3,     7,  2,     7,  4,     2, 20,  19443, 3.6e-5
    - 15:   2, 10,  450,   14,  3,     5,  3,    10,  3,     2, 20,  27120, 5.1e-5
    - 16:   2, 10,  450,   22,  2,     4,  3,    15,  2,     2, 20,  58406, 4.1e-5
    - 17:   2, 10,  450,   44,  1,     7,  2,    16,  2,     3, 15, 119277, 4.9e-5
    # no solution starting from log norm2 = 18

  - 8: # bits
    -ln2:   k,  N,    n, br_l,br_b, ks_l,ks_b, cb_l,cb_b, pp_l,pp_b,  cost, p_error
    - 0 :   1, 10,  450,    4,  8,     3,  4,     2,  7,     2, 13,   1498, 1.4e-5
    - 1 :   1, 10,  450,    5,  7,     7,  2,     2,  8,     4,  8,   1948, 4.9e-5
    - 2 :   2, 10,  450,    3, 12,     3,  4,     2,  8,     1, 31,   2159, 3.8e-5
    - 3 :   1, 10,  450,    6,  6,     3,  4,     3,  6,     3, 10,   2931, 5.2e-6
    - 4 :   2, 10,  452,    3, 12,     3,  4,     3,  6,     1, 31,   3016, 6.0e-5
    - 5 :   2, 10,  450,    5,  8,     4,  3,     2, 10,     2, 20,   3493, 4.9e-5
    - 6 :   2, 10,  450,    4,  9,     3,  4,     3,  7,     2, 20,   4263, 3.7e-5
    - 7 :   2, 10,  452,    5,  8,     3,  4,     3,  7,     2, 20,   4888, 6.3e-5
    - 8 :   2, 10,  450,    7,  6,     3,  4,     3,  8,     2, 20,   6090, 4.9e-6
    - 9 :   2, 10,  450,    8,  5,     4,  3,     3,  8,     2, 20,   6715, 4.5e-5
    - 10:   2, 10,  451,    7,  6,     5,  3,     4,  6,     2, 20,   7862, 6.1e-5
    - 11:   2, 10,  450,    8,  5,     4,  3,     5,  5,     2, 20,  10501, 2.0e-5
    - 12:   2, 10,  450,    7,  6,     5,  3,     7,  4,     2, 20,  13029, 5.6e-5
    - 13:   2, 10,  450,   11,  4,     3,  4,     7,  4,     2, 20,  18091, 9.3e-6
    - 14:   2, 10,  450,   15,  3,     5,  3,     7,  4,     2, 20,  23217, 5.7e-5
    - 15:   2, 10,  450,   14,  3,    14,  1,    10,  3,     2, 20,  30755, 6.1e-5
    - 16:   2, 10,  450,   22,  2,     5,  3,    15,  2,     2, 20,  65880, 5.3e-5
    - 17:   2, 10,  450,   45,  1,     7,  2,    17,  2,     3, 15, 145521, 5.7e-5
    # no solution starting from log norm2 = 18

  - 9: # bits
    -ln2:   k,  N,    n, br_l,br_b, ks_l,ks_b, cb_l,cb_b, pp_l,pp_b,  cost, p_error
    - 0 :   2, 10,  462,    3, 12,     7,  2,     2,  8,     1, 31,   2546, 6.3e-5
    - 1 :   1, 10,  450,    6,  6,     7,  2,     3,  6,     3, 10,   3318, 5.1e-5
    - 2 :   2, 10,  450,    5,  8,     5,  3,     2, 10,     2, 20,   3935, 3.6e-5
    - 3 :   2, 10,  450,    3, 12,     7,  2,     4,  5,     1, 31,   4373, 3.4e-5
    - 4 :   2, 10,  462,    4,  9,     8,  2,     3,  7,     2, 20,   4945, 6.3e-5
    - 5 :   2, 10,  453,    6,  7,     5,  3,     3,  8,     2, 20,   6199, 5.9e-5
    - 6 :   2, 10,  450,    7,  6,     7,  2,     3,  8,     2, 20,   6885, 1.9e-5
    - 7 :   2, 10,  451,    6,  7,     7,  2,     4,  6,     2, 20,   7950, 6.1e-5
    - 8 :   2, 10,  469,    6,  7,    15,  1,     5,  5,     2, 20,  10124, 6.3e-5
    - 9 :   2, 10,  458,    9,  5,    15,  1,     5,  5,     2, 20,  13155, 6.2e-5
    - 10:   2, 10,  450,    8,  5,     7,  2,     7,  4,     2, 20,  15981, 2.9e-5
    - 11:   2, 10,  450,   11,  4,     7,  2,     7,  4,     2, 20,  20245, 3.3e-5
    - 12:   2, 10,  452,   11,  4,     7,  2,    10,  3,     2, 20,  28320, 6.0e-5
    - 13:   2, 10,  455,   21,  2,    15,  1,    10,  3,     2, 20,  48587, 6.2e-5
    - 14:   2, 10,  450,   22,  2,    14,  1,    16,  2,     2, 20,  78186, 4.0e-5
    # no solution starting from log norm2 = 15

  - 10: # bits
    -ln2:   k,  N,    n, br_l,br_b, ks_l,ks_b, cb_l,cb_b, pp_l,pp_b,  cost, p_error
    - 0 :   2, 10,  490,    3, 12,     8,  2,     2,  8,     1, 31,   2983, 6.3e-5
    - 1 :   2, 10,  450,    3, 12,     5,  3,     3,  6,     1, 31,   3759, 3.1e-5
    - 2 :   2, 10,  450,    5,  8,     5,  3,     2, 10,     2, 20,   4360, 4.4e-5
    - 3 :   2, 10,  450,    3, 12,     7,  2,     4,  5,     1, 31,   4832, 5.1e-5
    - 4 :   2, 10,  450,    5,  8,     5,  3,     3,  7,     2, 20,   6065, 3.2e-5
    - 5 :   2, 10,  450,    6,  7,     7,  2,     3,  8,     2, 20,   6860, 1.2e-5
    - 6 :   2, 10,  450,    7,  6,     7,  2,     3,  8,     2, 20,   7617, 2.9e-5
    - 7 :   2, 10,  450,    6,  7,    14,  1,     4,  6,     2, 20,   8903, 6.3e-5
    - 8 :   2, 10,  451,    7,  6,     5,  3,     5,  5,     2, 20,  11820, 6.2e-5
    - 9 :   2, 10,  450,    8,  5,     7,  2,     6,  5,     2, 20,  15314, 1.7e-5
    - 10:   2, 10,  450,    8,  5,     7,  2,     7,  4,     2, 20,  17628, 4.4e-5
    - 11:   2, 10,  450,   11,  4,     7,  2,     7,  4,     2, 20,  22335, 5.0e-5
    - 12:   2, 10,  450,   11,  4,    15,  1,    10,  3,     2, 20,  31258, 6.2e-5
    - 13:   2, 10,  450,   22,  2,     7,  2,    10,  3,     2, 20,  55060, 2.7e-5
    - 14:   2, 10,  450,   22,  2,    15,  1,    16,  2,     2, 20,  86151, 6.0e-5
    # no solution starting from log norm2 = 15

  - 11: # bits
    -ln2:   k,  N,    n, br_l,br_b, ks_l,ks_b, cb_l,cb_b, pp_l,pp_b,  cost, p_error
    - 0 :   1, 10,  450,    5,  7,     5,  3,     3,  6,     3, 10,   3494, 5.3e-5
    - 1 :   2, 10,  450,    3, 12,     5,  3,     3,  6,     1, 31,   4119, 3.7e-5
    - 2 :   2, 10,  450,    5,  8,     5,  3,     2, 10,     2, 20,   4786, 5.3e-5
    - 3 :   2, 10,  453,    3, 12,     7,  2,     4,  5,     1, 31,   5318, 6.2e-5
    - 4 :   2, 10,  450,    5,  8,     5,  3,     3,  7,     2, 20,   6645, 3.7e-5
    - 5 :   2, 10,  450,    6,  7,     7,  2,     3,  8,     2, 20,   7518, 1.7e-5
    - 6 :   2, 10,  450,    7,  6,     7,  2,     3,  8,     2, 20,   8349, 4.2e-5
    - 7 :   2, 10,  467,    6,  7,    15,  1,     4,  6,     2, 20,  10050, 6.3e-5
    - 8 :   2, 10,  450,    7,  6,     7,  2,     5,  5,     2, 20,  12953, 6.9e-6
    - 9 :   2, 10,  450,    8,  5,     7,  2,     6,  5,     2, 20,  16751, 2.4e-5
    - 10:   2, 10,  451,    8,  5,     7,  2,     7,  4,     2, 20,  19309, 6.0e-5
    - 11:   2, 10,  453,   11,  4,     7,  2,     7,  4,     2, 20,  24560, 6.1e-5
    - 12:   2, 10,  469,   11,  4,    16,  1,    10,  3,     3, 15,  38261, 6.3e-5
    - 13:   2, 10,  450,   22,  2,     7,  2,    10,  3,     2, 20,  60180, 4.0e-5
    - 14:   2, 10,  450,   22,  2,    15,  1,    16,  2,     3, 15,  98709, 6.0e-5
    # no solution starting from log norm2 = 15

  - 12: # bits
    -ln2:   k,  N,    n, br_l,br_b, ks_l,ks_b, cb_l,cb_b, pp_l,pp_b,  cost, p_error
    - 0 :   1, 10,  450,    5,  7,     7,  2,     3,  6,     3, 10,   4378, 4.8e-5
    - 1 :   2, 10,  450,    3, 12,     5,  3,     3,  6,     1, 31,   5134, 5.8e-5
    - 2 :   2, 10,  452,    5,  8,     5,  3,     2, 10,     2, 20,   5977, 6.1e-5
    - 3 :   2, 10,  450,    6,  7,     7,  2,     2, 10,     2, 20,   6766, 4.1e-5
    - 4 :   2, 10,  450,    5,  8,     5,  3,     3,  7,     2, 20,   8282, 5.9e-5
    - 5 :   2, 10,  450,    6,  7,     7,  2,     3,  8,     2, 20,   9368, 4.4e-5
    - 6 :   2, 10,  452,    7,  6,    15,  1,     3,  8,     2, 20,  10651, 6.3e-5
    - 7 :   2, 10,  450,    7,  6,     7,  2,     4,  6,     2, 20,  13280, 1.0e-5
    - 8 :   2, 10,  450,    7,  6,     7,  2,     5,  5,     2, 20,  16159, 1.8e-5
    - 9 :   2, 10,  451,    8,  5,     7,  2,     6,  5,     2, 20,  20938, 6.0e-5
    - 10:   2, 10,  450,    9,  5,     7,  2,     7,  4,     2, 20,  26198, 3.5e-5
    - 11:   2, 10,  452,   11,  4,    15,  1,     8,  4,     2, 20,  34806, 6.1e-5
    - 12:   2, 10,  450,   14,  3,     7,  2,    10,  3,     2, 20,  51352, 1.5e-5
    - 13:   2, 10,  451,   22,  2,    15,  1,    10,  3,     2, 20,  75488, 6.2e-5
    - 14:   2, 10,  450,   43,  1,    14,  1,    16,  2,     2, 20, 214785, 6.3e-5
    # no solution starting from log norm2 = 15

  - 13: # bits
    -ln2:   k,  N,    n, br_l,br_b, ks_l,ks_b, cb_l,cb_b, pp_l,pp_b,  cost, p_error
    - 0 :   1, 10,  453,    5,  7,     7,  2,     3,  6,     3, 10,   4716, 6.3e-5
    - 1 :   2, 10,  451,    3, 12,     5,  3,     3,  6,     1, 31,   5506, 5.5e-5
    - 2 :   2, 10,  453,    5,  8,     5,  3,     2, 10,     2, 20,   6416, 6.1e-5
    - 3 :   2, 10,  450,    6,  7,     7,  2,     2, 10,     2, 20,   7253, 5.4e-5
    - 4 :   2, 10,  451,    5,  8,     5,  3,     3,  7,     2, 20,   8879, 5.6e-5
    - 5 :   2, 10,  450,    6,  7,     7,  2,     3,  8,     2, 20,  10028, 5.9e-5
    - 6 :   2, 10,  456,    5,  8,    15,  1,     4,  6,     2, 20,  11741, 6.3e-5
    - 7 :   2, 10,  450,    7,  6,     7,  2,     4,  6,     2, 20,  14207, 1.3e-5
    - 8 :   2, 10,  450,    7,  6,     7,  2,     5,  5,     2, 20,  17278, 2.3e-5
    - 9 :   2, 10,  450,    8,  5,    14,  1,     6,  5,     2, 20,  22539, 5.4e-5
    - 10:   2, 10,  450,    9,  5,     7,  2,     7,  4,     2, 20,  27997, 4.6e-5
    - 11:   2, 10,  450,   14,  3,     7,  2,     7,  4,     2, 20,  39440, 2.3e-5
    - 12:   2, 10,  450,   14,  3,     7,  2,    10,  3,     2, 20,  54855, 2.0e-5
    - 13:   2, 10,  463,   22,  2,    15,  1,    10,  3,     2, 20,  82579, 6.3e-5
    - 14:   2, 10,  459,   43,  1,    15,  1,    16,  2,     2, 20, 233697, 6.2e-5
    # no solution starting from log norm2 = 15

  - 14: # bits
    -ln2:   k,  N,    n, br_l,br_b, ks_l,ks_b, cb_l,cb_b, pp_l,pp_b,  cost, p_error
    - 0 :   1, 10,  453,    5,  7,     7,  2,     3,  6,     3, 10,   4716, 6.3e-5
    - 1 :   2, 10,  451,    3, 12,     5,  3,     3,  6,     1, 31,   5506, 5.5e-5
    - 2 :   2, 10,  453,    5,  8,     5,  3,     2, 10,     2, 20,   6416, 6.1e-5
    - 3 :   2, 10,  450,    6,  7,     7,  2,     2, 10,     2, 20,   7253, 5.4e-5
    - 4 :   2, 10,  451,    5,  8,     5,  3,     3,  7,     2, 20,   8879, 5.6e-5
    - 5 :   2, 10,  450,    6,  7,     7,  2,     3,  8,     2, 20,  10028, 5.9e-5
    - 6 :   2, 10,  456,    5,  8,    15,  1,     4,  6,     2, 20,  11741, 6.3e-5
    - 7 :   2, 10,  450,    7,  6,     7,  2,     4,  6,     2, 20,  14207, 1.3e-5
    - 8 :   2, 10,  450,    7,  6,     7,  2,     5,  5,     2, 20,  17278, 2.3e-5
    - 9 :   2, 10,  450,    8,  5,    14,  1,     6,  5,     2, 20,  22539, 5.4e-5
    - 10:   2, 10,  450,    9,  5,     7,  2,     7,  4,     2, 20,  27997, 4.6e-5
    - 11:   2, 10,  450,   14,  3,     7,  2,     7,  4,     2, 20,  39440, 2.3e-5
    - 12:   2, 10,  450,   14,  3,     7,  2,    10,  3,     2, 20,  54855, 2.0e-5
    - 13:   2, 10,  463,   22,  2,    15,  1,    10,  3,     2, 20,  82579, 6.3e-5
    - 14:   2, 10,  459,   43,  1,    15,  1,    16,  2,     2, 20, 233697, 6.2e-5
    # no solution starting from log norm2 = 15

  - 15: # bits
    -ln2:   k,  N,    n, br_l,br_b, ks_l,ks_b, cb_l,cb_b, pp_l,pp_b,  cost, p_error
    - 0 :   1, 10,  453,    5,  7,     7,  2,     3,  6,     3, 10,   4716, 6.3e-5
    - 1 :   2, 10,  451,    3, 12,     5,  3,     3,  6,     1, 31,   5506, 5.5e-5
    - 2 :   2, 10,  453,    5,  8,     5,  3,     2, 10,     2, 20,   6416, 6.1e-5
    - 3 :   2, 10,  450,    6,  7,     7,  2,     2, 10,     2, 20,   7253, 5.4e-5
    - 4 :   2, 10,  451,    5,  8,     5,  3,     3,  7,     2, 20,   8879, 5.6e-5
    - 5 :   2, 10,  450,    6,  7,     7,  2,     3,  8,     2, 20,  10028, 5.9e-5
    - 6 :   2, 10,  456,    5,  8,    15,  1,     4,  6,     2, 20,  11741, 6.3e-5
    - 7 :   2, 10,  450,    7,  6,     7,  2,     4,  6,     2, 20,  14207, 1.3e-5
    - 8 :   2, 10,  450,    7,  6,     7,  2,     5,  5,     2, 20,  17278, 2.3e-5
    - 9 :   2, 10,  450,    8,  5,    14,  1,     6,  5,     2, 20,  22539, 5.4e-5
    - 10:   2, 10,  450,    9,  5,     7,  2,     7,  4,     2, 20,  27997, 4.6e-5
    - 11:   2, 10,  450,   14,  3,     7,  2,     7,  4,     2, 20,  39440, 2.3e-5
    - 12:   2, 10,  450,   14,  3,     7,  2,    10,  3,     2, 20,  54855, 2.0e-5
    - 13:   2, 10,  463,   22,  2,    15,  1,    10,  3,     2, 20,  82579, 6.3e-5
    - 14:   2, 10,  459,   43,  1,    15,  1,    16,  2,     2, 20, 233697, 6.2e-5
    # no solution starting from log norm2 = 15

  - 16: # bits
    -ln2:   k,  N,    n, br_l,br_b, ks_l,ks_b, cb_l,cb_b, pp_l,pp_b,  cost, p_error
    - 0 :   2, 10,  455,    4,  9,     7,  2,     2,  9,     1, 31,   5484, 6.2e-5
    - 1 :   2, 10,  452,    3, 12,     5,  3,     3,  6,     1, 31,   6185, 6.1e-5
    - 2 :   2, 10,  455,    5,  8,     5,  3,     2, 10,     2, 20,   7199, 6.3e-5
    - 3 :   2, 10,  458,    6,  7,     7,  2,     2, 10,     2, 20,   8220, 6.1e-5
    - 4 :   2, 10,  452,    5,  8,     5,  3,     3,  7,     2, 20,   9966, 6.2e-5
    - 5 :   2, 10,  461,    6,  7,     7,  2,     3,  8,     2, 20,  11444, 6.3e-5
    - 6 :   2, 10,  450,    8,  5,     7,  2,     3,  8,     2, 20,  13707, 1.3e-5
    - 7 :   2, 10,  450,    7,  6,     7,  2,     4,  6,     2, 20,  15928, 2.2e-5
    - 8 :   2, 10,  450,    7,  6,     7,  2,     5,  5,     2, 20,  19387, 3.9e-5
    - 9 :   2, 10,  450,    7,  6,     7,  2,     7,  4,     2, 20,  26304, 2.1e-5
    - 10:   2, 10,  450,    9,  5,    14,  1,     7,  4,     2, 20,  31657, 4.8e-5
    - 11:   2, 10,  450,   14,  3,     7,  2,     7,  4,     2, 20,  44263, 3.8e-5
    - 12:   2, 10,  450,   14,  3,     7,  2,    10,  3,     2, 20,  61615, 3.3e-5
    - 13:   2, 10,  450,   22,  2,    14,  1,    11,  3,     2, 20,  98777, 6.0e-5
    - 14:   2, 10,  450,   44,  1,    14,  1,    16,  2,     2, 20, 263209, 5.5e-5
    # no solution starting from log norm2 = 15
