security level: 80
target p_error: 6.3e-5
per precision and log norm2:

  - 1: # bits
    -ln2:   k,  N,    n, br_l,br_b, ks_l,ks_b, cb_l,cb_b, pp_l,pp_b,  cost, p_error
    - 0 :   1, 10,  450,    2, 13,     2,  5,     1,  8,     2, 13,     42, 9.9e-9
    - 1 :   1, 10,  450,    3, 10,     2,  5,     1, 10,     2, 13,     53, 3.0e-14
    - 2 :   1, 10,  450,    3, 10,     2,  5,     1, 10,     2, 13,     53, 2.7e-5
    - 3 :   1, 10,  450,    4,  8,     3,  4,     1, 11,     3, 10,     70, 4.5e-5
    - 4 :   2, 10,  450,    3, 12,     2,  5,     1, 13,     1, 31,     97, 1.4e-5
    - 5 :   1, 10,  450,    3, 10,     4,  3,     2,  7,     3, 10,    115, 6.1e-5
    - 6 :   1, 10,  450,    4,  8,     2,  5,     2,  7,     3, 10,    136, 2.0e-6
    - 7 :   1, 10,  450,    6,  6,     2,  5,     2,  8,     3, 10,    182, 2.5e-6
    - 8 :   2, 10,  450,    3, 12,     3,  4,     2,  8,     1, 31,    193, 4.8e-5
    - 9 :   1, 10,  450,    6,  6,     3,  4,     3,  6,     3, 10,    273, 4.2e-5
    - 10:   2, 10,  450,    5,  8,     2,  5,     2, 10,     2, 20,    313, 2.8e-9
    - 11:   2, 10,  450,    6,  7,     2,  5,     2, 10,     2, 20,    350, 4.7e-7
    - 12:   2, 10,  450,    4,  9,     3,  4,     3,  7,     2, 20,    414, 4.6e-5
    - 13:   2, 10,  450,    6,  7,     2,  5,     3,  8,     2, 20,    523, 5.7e-7
    - 14:   2, 10,  450,    7,  6,     2,  5,     3,  8,     2, 20,    579, 4.4e-6
    - 15:   2, 10,  450,    9,  5,     3,  4,     3,  8,     2, 20,    691, 3.8e-5
    - 16:   2, 10,  450,    9,  5,     3,  4,     4,  6,     2, 20,    920, 3.8e-5
    - 17:   2, 10,  450,    9,  5,     4,  3,     5,  5,     2, 20,   1150, 6.1e-5
    - 18:   2, 10,  450,    8,  5,     2,  5,     7,  4,     2, 20,   1475, 1.0e-5
    - 19:   2, 10,  450,   11,  4,     2,  5,     7,  4,     2, 20,   1863, 1.3e-5
    - 20:   2, 10,  450,   11,  4,     2,  5,    10,  3,     2, 20,   2660, 4.9e-5
    - 21:   2, 10,  450,   21,  2,     3,  4,    10,  3,     2, 20,   4507, 5.6e-5
    - 22:   2, 10,  450,   22,  2,     2,  5,    16,  2,     2, 20,   7503, 4.8e-5
    # no solution starting from log norm2 = 23

  - 2: # bits
    -ln2:   k,  N,    n, br_l,br_b, ks_l,ks_b, cb_l,cb_b, pp_l,pp_b,  cost, p_error
    - 0 :   1, 10,  450,    4,  8,     3,  4,     1, 10,     2, 13,    190, 2.9e-5
    - 1 :   1, 10,  450,    3, 10,     2,  5,     2,  7,     2, 13,    257, 3.6e-10
    - 2 :   1, 10,  450,    3, 10,     2,  5,     2,  7,     2, 13,    257, 9.6e-6
    - 3 :   1, 10,  450,    4,  8,     2,  5,     2,  7,     2, 13,    314, 8.6e-6
    - 4 :   1, 10,  450,    3, 10,     3,  4,     3,  5,     2, 13,    364, 5.7e-5
    - 5 :   2, 10,  450,    3, 12,     2,  5,     2,  8,     1, 31,    456, 5.9e-5
    - 6 :   1, 10,  450,    6,  6,     2,  5,     3,  6,     3, 10,    625, 3.3e-6
    - 7 :   2, 10,  450,    3, 12,     3,  4,     3,  6,     1, 31,    650, 6.1e-7
    - 8 :   2, 10,  450,    5,  8,     3,  4,     2, 10,     2, 20,    742, 3.8e-6
    - 9 :   2, 10,  450,    4,  9,     2,  5,     3,  7,     2, 20,    918, 5.8e-5
    - 10:   2, 10,  450,    5,  8,     3,  4,     3,  7,     2, 20,   1052, 6.7e-7
    - 11:   2, 10,  450,    7,  6,     2,  5,     3,  8,     2, 20,   1305, 1.2e-5
    - 12:   2, 10,  450,    8,  5,     3,  4,     3,  8,     2, 20,   1440, 3.3e-6
    - 13:   2, 10,  450,    7,  6,     3,  4,     4,  6,     2, 20,   1694, 1.1e-5
    - 14:   2, 10,  450,    7,  6,     3,  4,     5,  5,     2, 20,   2078, 3.3e-5
    - 15:   2, 10,  450,    7,  6,     3,  4,     7,  4,     2, 20,   2846, 9.4e-6
    - 16:   2, 10,  450,    9,  5,     7,  2,     7,  4,     2, 20,   3420, 6.0e-5
    - 17:   2, 10,  450,   14,  3,     3,  4,     7,  4,     2, 20,   4784, 3.1e-5
    - 18:   2, 10,  450,   14,  3,     3,  4,    10,  3,     2, 20,   6710, 2.3e-5
    - 19:   2, 10,  450,   22,  2,     4,  3,    11,  3,     3, 15,  11282, 5.3e-5
    - 20:   2, 10,  450,   45,  1,     5,  3,    16,  2,     2, 20,  29455, 5.8e-5
    # no solution starting from log norm2 = 21

  - 3: # bits
    -ln2:   k,  N,    n, br_l,br_b, ks_l,ks_b, cb_l,cb_b, pp_l,pp_b,  cost, p_error
    - 0 :   1, 10,  450,    3, 10,     4,  3,     2,  7,     2, 13,    418, 5.3e-5
    - 1 :   1, 10,  450,    4,  8,     4,  3,     2,  7,     2, 13,    509, 4.7e-5
    - 2 :   1, 10,  450,    4,  8,     3,  4,     3,  5,     2, 13,    695, 1.8e-6
    - 3 :   2, 10,  450,    3, 12,     4,  3,     2,  8,     1, 31,    739, 4.1e-5
    - 4 :   1, 10,  450,    6,  6,     3,  4,     3,  6,     3, 10,    982, 4.0e-5
    - 5 :   2, 10,  450,    3, 12,     5,  3,     3,  6,     1, 31,   1030, 6.0e-5
    - 6 :   2, 10,  450,    3, 12,     3,  4,     4,  5,     1, 31,   1295, 4.1e-5
    - 7 :   2, 10,  450,    4,  9,     4,  3,     3,  7,     2, 20,   1441, 4.0e-5
    - 8 :   2, 10,  451,    5,  8,     5,  3,     3,  7,     2, 20,   1655, 6.1e-5
    - 9 :   2, 10,  450,    7,  6,     3,  4,     3,  8,     2, 20,   2041, 2.1e-5
    - 10:   2, 10,  450,    6,  7,     4,  3,     4,  6,     2, 20,   2367, 1.8e-5
    - 11:   2, 10,  450,    6,  7,     4,  3,     5,  5,     2, 20,   2887, 6.0e-5
    - 12:   2, 10,  450,    8,  5,     7,  2,     5,  5,     2, 20,   3541, 4.8e-5
    - 13:   2, 10,  450,    8,  5,     3,  4,     7,  4,     2, 20,   4768, 3.4e-5
    - 14:   2, 10,  450,   11,  4,     3,  4,     7,  4,     2, 20,   6042, 4.0e-5
    - 15:   2, 10,  450,   14,  3,     7,  2,     8,  4,     2, 20,   8314, 4.1e-5
    - 16:   2, 10,  450,   15,  3,    14,  1,    11,  3,     3, 15,  12705, 6.0e-5
    - 17:   2, 10,  450,   22,  2,     4,  3,    16,  2,     2, 20,  23377, 1.8e-5
    - 18:   2, 10,  450,   44,  1,    14,  1,    32,  1,     3, 15,  88066, 6.2e-5
    # no solution starting from log norm2 = 19

  - 4: # bits
    -ln2:   k,  N,    n, br_l,br_b, ks_l,ks_b, cb_l,cb_b, pp_l,pp_b,  cost, p_error
    - 0 :   1, 10,  450,    4,  8,     3,  4,     2,  7,     2, 13,    955, 1.3e-8
    - 1 :   1, 10,  450,    4,  8,     3,  4,     2,  7,     3, 10,   1003, 3.1e-5
    - 2 :   1, 10,  450,    4,  8,     3,  4,     3,  5,     2, 13,   1337, 2.2e-5
    - 3 :   1, 10,  450,    5,  7,     3,  4,     3,  6,     3, 10,   1649, 2.4e-5
    - 4 :   2, 10,  450,    4,  9,     3,  4,     2,  9,     2, 20,   1957, 7.8e-7
    - 5 :   2, 10,  450,    5,  8,     3,  4,     2, 10,     2, 20,   2234, 1.4e-6
    - 6 :   2, 10,  450,    6,  7,     3,  4,     2, 10,     2, 20,   2510, 2.2e-5
    - 7 :   2, 10,  450,    8,  5,     7,  2,     2, 11,     2, 20,   3128, 5.6e-5
    - 8 :   2, 10,  450,    6,  7,     3,  4,     3,  8,     2, 20,   3553, 2.5e-5
    - 9 :   2, 10,  450,    7,  6,     4,  3,     3,  8,     2, 20,   3957, 2.7e-5
    - 10:   2, 10,  450,    5,  8,     5,  3,     5,  5,     2, 20,   5062, 6.1e-5
    - 11:   2, 10,  450,    7,  6,     3,  4,     5,  5,     2, 20,   6248, 6.7e-6
    - 12:   2, 10,  450,    8,  5,     3,  4,     6,  5,     2, 20,   8121, 4.2e-5
    - 13:   2, 10,  450,    8,  5,     4,  3,     7,  4,     2, 20,   9402, 5.4e-5
    - 14:   2, 10,  450,   11,  4,     5,  3,     7,  4,     2, 20,  11909, 4.5e-5
    - 15:   2, 10,  450,   14,  3,     3,  4,    10,  3,     2, 20,  20155, 5.2e-6
    - 16:   2, 10,  450,   22,  2,     4,  3,    10,  3,     2, 20,  29473, 2.5e-5
    - 17:   2, 10,  450,   22,  2,     7,  2,    16,  2,     3, 15,  48715, 5.0e-5
    # no solution starting from log norm2 = 18

  - 5: # bits
    -ln2:   k,  N,    n, br_l,br_b, ks_l,ks_b, cb_l,cb_b, pp_l,pp_b,  cost, p_error
    - 0 :   1, 10,  450,    4,  8,     3,  4,     2,  7,     2, 13,    955, 1.3e-8
    - 1 :   1, 10,  450,    4,  8,     3,  4,     2,  7,     3, 10,   1003, 3.1e-5
    - 2 :   1, 10,  450,    4,  8,     3,  4,     3,  5,     2, 13,   1337, 2.2e-5
    - 3 :   1, 10,  450,    5,  7,     3,  4,     3,  6,     3, 10,   1649, 2.4e-5
    - 4 :   2, 10,  450,    4,  9,     3,  4,     2,  9,     2, 20,   1957, 7.8e-7
    - 5 :   2, 10,  450,    5,  8,     3,  4,     2, 10,     2, 20,   2234, 1.4e-6
    - 6 :   2, 10,  450,    6,  7,     3,  4,     2, 10,     2, 20,   2510, 2.2e-5
    - 7 :   2, 10,  450,    8,  5,     7,  2,     2, 11,     2, 20,   3128, 5.6e-5
    - 8 :   2, 10,  450,    6,  7,     3,  4,     3,  8,     2, 20,   3553, 2.5e-5
    - 9 :   2, 10,  450,    7,  6,     4,  3,     3,  8,     2, 20,   3957, 2.7e-5
    - 10:   2, 10,  450,    5,  8,     5,  3,     5,  5,     2, 20,   5062, 6.1e-5
    - 11:   2, 10,  450,    7,  6,     3,  4,     5,  5,     2, 20,   6248, 6.7e-6
    - 12:   2, 10,  450,    8,  5,     3,  4,     6,  5,     2, 20,   8121, 4.2e-5
    - 13:   2, 10,  450,    8,  5,     4,  3,     7,  4,     2, 20,   9402, 5.4e-5
    - 14:   2, 10,  450,   11,  4,     5,  3,     7,  4,     2, 20,  11909, 4.5e-5
    - 15:   2, 10,  450,   14,  3,     3,  4,    10,  3,     2, 20,  20155, 5.2e-6
    - 16:   2, 10,  450,   22,  2,     4,  3,    10,  3,     2, 20,  29473, 2.5e-5
    - 17:   2, 10,  450,   22,  2,     7,  2,    16,  2,     3, 15,  48715, 5.0e-5
    # no solution starting from log norm2 = 18

  - 6: # bits
    -ln2:   k,  N,    n, br_l,br_b, ks_l,ks_b, cb_l,cb_b, pp_l,pp_b,  cost, p_error
    - 0 :   1, 10,  450,    4,  8,     3,  4,     2,  7,     2, 13,   1147, 6.3e-8
    - 1 :   1, 10,  450,    4,  8,     4,  3,     2,  7,     3, 10,   1213, 5.3e-5
    - 2 :   1, 10,  452,    4,  8,     3,  4,     3,  5,     2, 13,   1601, 6.2e-5
    - 3 :   1, 10,  450,    5,  7,     4,  3,     3,  6,     3, 10,   1974, 4.0e-5
    - 4 :   2, 10,  450,    3, 12,     3,  4,     3,  6,     1, 31,   2331, 1.2e-6
    - 5 :   2, 10,  450,    5,  8,     3,  4,     2, 10,     2, 20,   2668, 3.8e-6
    - 6 :   2, 10,  450,    6,  7,     3,  4,     2, 10,     2, 20,   3000, 5.6e-5
    - 7 :   2, 10,  450,    5,  8,     3,  4,     3,  7,     2, 20,   3758, 1.3e-6
    - 8 :   2, 10,  450,    6,  7,     3,  4,     3,  8,     2, 20,   4219, 6.3e-5
    - 9 :   2, 10,  450,    7,  6,     5,  3,     3,  8,     2, 20,   4719, 5.5e-5
    - 10:   2, 10,  450,    7,  6,     3,  4,     4,  6,     2, 20,   6029, 8.0e-6
    - 11:   2, 10,  450,    7,  6,     3,  4,     5,  5,     2, 20,   7377, 1.8e-5
    - 12:   2, 10,  450,    8,  5,     4,  3,     6,  5,     2, 20,   9593, 3.4e-5
    - 13:   2, 10,  450,    9,  5,     3,  4,     7,  4,     2, 20,  12029, 4.5e-5
    - 14:   2, 10,  450,   15,  3,     7,  2,     6,  5,     2, 20,  15594, 5.2e-5
    - 15:   2, 10,  450,   14,  3,     3,  4,    10,  3,     2, 20,  23677, 1.4e-5
    - 16:   2, 10,  450,   22,  2,     5,  3,    10,  3,     2, 20,  34643, 5.1e-5
    - 17:   2, 10,  450,   43,  1,     5,  3,    16,  2,     2, 20,  99320, 4.4e-5
    # no solution starting from log norm2 = 18

  - 7: # bits
    -ln2:   k,  N,    n, br_l,br_b, ks_l,ks_b, cb_l,cb_b, pp_l,pp_b,  cost, p_error
    - 0 :   1, 10,  450,    4,  8,     3,  4,     2,  7,     2, 13,   1344, 6.0e-6
    - 1 :   1, 10,  450,    3, 10,     5,  3,     3,  5,     3, 10,   1646, 5.0e-5
    - 2 :   2, 10,  450,    3, 12,     3,  4,     2,  8,     1, 31,   1950, 2.1e-5
    - 3 :   1, 10,  450,    6,  6,     3,  4,     3,  6,     3, 10,   2617, 2.1e-6
    - 4 :   2, 10,  450,    3, 12,     3,  4,     3,  6,     1, 31,   2713, 4.2e-5
    - 5 :   2, 10,  450,    5,  8,     4,  3,     2, 10,     2, 20,   3133, 2.2e-5
    - 6 :   2, 10,  450,    4,  9,     3,  4,     3,  7,     2, 20,   3824, 2.1e-5
    - 7 :   2, 10,  450,    5,  8,     3,  4,     3,  7,     2, 20,   4360, 4.4e-5
    - 8 :   2, 10,  450,    7,  6,     3,  4,     3,  8,     2, 20,   5430, 2.7e-6
    - 9 :   2, 10,  450,    8,  5,     4,  3,     3,  8,     2, 20,   5988, 2.0e-5
    - 10:   2, 10,  450,    7,  6,     4,  3,     4,  6,     2, 20,   6998, 4.9e-5
    - 11:   2, 10,  452,    7,  6,     5,  3,     5,  5,     2, 20,   8595, 6.3e-5
    - 12:   2, 10,  450,    7,  6,     4,  3,     7,  4,     2, 20,  11633, 4.3e-5
    - 13:   2, 10,  450,   10,  4,     7,  2,     7,  4,     2, 20,  15080, 4.8e-5
    - 14:   2, 10,  451,   14,  3,     5,  3,     7,  4,     2, 20,  19575, 6.2e-5
    - 15:   2, 10,  450,   14,  3,     5,  3,    10,  3,     2, 20,  27274, 5.1e-5
    - 16:   2, 10,  450,   22,  2,     4,  3,    15,  2,     2, 20,  58601, 4.1e-5
    - 17:   2, 10,  450,   44,  1,     7,  2,    16,  2,     3, 15, 119509, 4.9e-5
    # no solution starting from log norm2 = 18

  - 8: # bits
    -ln2:   k,  N,    n, br_l,br_b, ks_l,ks_b, cb_l,cb_b, pp_l,pp_b,  cost, p_error
    - 0 :   1, 10,  450,    4,  8,     3,  4,     2,  7,     2, 13,   1550, 1.4e-5
    - 1 :   1, 10,  455,    5,  7,     5,  3,     2,  8,     4,  8,   2013, 6.3e-5
    - 2 :   2, 10,  450,    3, 12,     3,  4,     2,  8,     1, 31,   2248, 3.8e-5
    - 3 :   1, 10,  450,    6,  6,     3,  4,     3,  6,     3, 10,   2996, 5.2e-6
    - 4 :   2, 10,  452,    3, 12,     3,  4,     3,  6,     1, 31,   3126, 6.0e-5
    - 5 :   2, 10,  450,    5,  8,     4,  3,     2, 10,     2, 20,   3593, 4.9e-5
    - 6 :   2, 10,  450,    4,  9,     3,  4,     3,  7,     2, 20,   4372, 3.7e-5
    - 7 :   2, 10,  452,    5,  8,     3,  4,     3,  7,     2, 20,   4998, 6.3e-5
    - 8 :   2, 10,  450,    7,  6,     3,  4,     3,  8,     2, 20,   6200, 4.9e-6
    - 9 :   2, 10,  450,    8,  5,     4,  3,     3,  8,     2, 20,   6835, 4.5e-5
    - 10:   2, 10,  451,    7,  6,     5,  3,     4,  6,     2, 20,   8014, 6.1e-5
    - 11:   2, 10,  450,    8,  5,     4,  3,     5,  5,     2, 20,  10662, 2.0e-5
    - 12:   2, 10,  450,    7,  6,     5,  3,     7,  4,     2, 20,  13242, 5.6e-5
    - 13:   2, 10,  450,   11,  4,     3,  4,     7,  4,     2, 20,  18283, 9.3e-6
    - 14:   2, 10,  450,   15,  3,     5,  3,     7,  4,     2, 20,  23431, 5.7e-5
    - 15:   2, 10,  450,   14,  3,    14,  1,    10,  3,     2, 20,  31126, 6.1e-5
    - 16:   2, 10,  450,   22,  2,     5,  3,    15,  2,     2, 20,  66258, 5.3e-5
    - 17:   2, 10,  450,   45,  1,     7,  2,    17,  2,     3, 15, 145961, 5.7e-5
    # no solution starting from log norm2 = 18

  - 9: # bits
    -ln2:   k,  N,    n, br_l,br_b, ks_l,ks_b, cb_l,cb_b, pp_l,pp_b,  cost, p_error
    - 0 :   1, 10,  450,    4,  8,     3,  4,     2,  7,     2, 13,   1904, 5.5e-5
    - 1 :   1, 10,  450,    4,  8,     3,  4,     3,  5,     2, 13,   2628, 9.3e-7
    - 2 :   2, 10,  456,    3, 12,     3,  4,     2,  8,     1, 31,   2797, 5.8e-5
    - 3 :   1, 10,  450,    6,  6,     3,  4,     3,  6,     3, 10,   3674, 2.2e-5
    - 4 :   2, 10,  450,    3, 12,     4,  3,     3,  6,     1, 31,   3876, 5.6e-5
    - 5 :   2, 10,  450,    5,  8,    14,  1,     2, 10,     2, 20,   4717, 6.0e-5
    - 6 :   2, 10,  450,    4,  9,     4,  3,     3,  7,     2, 20,   5407, 2.2e-5
    - 7 :   2, 10,  450,    5,  8,     4,  3,     3,  7,     2, 20,   6145, 5.9e-5
    - 8 :   2, 10,  450,    7,  6,     3,  4,     3,  8,     2, 20,   7590, 1.4e-5
    - 9 :   2, 10,  450,    8,  5,     7,  2,     3,  8,     2, 20,   8455, 6.1e-5
    - 10:   2, 10,  450,    8,  5,     4,  3,     4,  6,     2, 20,  10715, 4.3e-5
    - 11:   2, 10,  450,    8,  5,     5,  3,     5,  5,     2, 20,  13102, 4.5e-5
    - 12:   2, 10,  450,    8,  5,     3,  4,     7,  4,     2, 20,  17749, 2.2e-5
    - 13:   2, 10,  450,   11,  4,     3,  4,     7,  4,     2, 20,  22400, 2.6e-5
    - 14:   2, 10,  450,   14,  3,     5,  3,     8,  4,     2, 20,  30688, 3.9e-5
    - 15:   2, 10,  450,   15,  3,    14,  1,    10,  3,     2, 20,  40280, 5.7e-5
    - 16:   2, 10,  450,   22,  2,     3,  4,    16,  2,     2, 20,  86232, 5.7e-5
    - 17:   2, 10,  450,   44,  1,     7,  2,    32,  1,     3, 15, 323747, 3.6e-5
    # no solution starting from log norm2 = 18

  - 10: # bits
    -ln2:   k,  N,    n, br_l,br_b, ks_l,ks_b, cb_l,cb_b, pp_l,pp_b,  cost, p_error
    - 0 :   2, 10,  450,    3, 12,     5,  3,     2,  8,     1, 31,   2911, 2.9e-5
    - 1 :   1, 10,  450,    6,  6,     4,  3,     3,  6,     3, 10,   3772, 1.4e-5
    - 2 :   2, 10,  450,    3, 12,     5,  3,     3,  6,     1, 31,   3986, 5.1e-5
    - 3 :   2, 10,  456,    5,  8,     5,  3,     2, 10,     2, 20,   4591, 6.3e-5
    - 4 :   2, 10,  450,    4,  9,     5,  3,     3,  7,     2, 20,   5536, 2.8e-5
    - 5 :   2, 10,  450,    5,  8,     5,  3,     3,  7,     2, 20,   6292, 5.3e-5
    - 6 :   2, 10,  450,    7,  6,     4,  3,     3,  8,     2, 20,   7772, 3.4e-5
    - 7 :   2, 10,  450,    8,  5,     7,  2,     3,  8,     2, 20,   8630, 2.4e-5
    - 8 :   2, 10,  450,    7,  6,     7,  2,     4,  6,     2, 20,  10025, 5.2e-5
    - 9 :   2, 10,  467,    7,  6,    16,  1,     5,  5,     2, 20,  12841, 6.3e-5
    - 10:   2, 10,  450,    7,  6,     7,  2,     7,  4,     2, 20,  16481, 4.6e-5
    - 11:   2, 10,  450,   11,  4,     4,  3,     7,  4,     2, 20,  22656, 4.8e-5
    - 12:   2, 10,  459,   14,  3,    15,  1,     7,  4,     2, 20,  28205, 6.3e-5
    - 13:   2, 10,  450,   14,  3,    14,  1,    10,  3,     2, 20,  38418, 6.3e-5
    - 14:   2, 10,  450,   22,  2,     7,  2,    15,  2,     2, 20,  81594, 4.4e-5
    - 15:   2, 10,  453,   45,  1,    15,  1,    16,  2,     3, 15, 170437, 6.3e-5
    # no solution starting from log norm2 = 16

  - 11: # bits
    -ln2:   k,  N,    n, br_l,br_b, ks_l,ks_b, cb_l,cb_b, pp_l,pp_b,  cost, p_error
    - 0 :   1, 10,  450,    4,  8,     3,  4,     3,  5,     2, 13,   3130, 3.6e-5
    - 1 :   1, 10,  450,    5,  7,     3,  4,     3,  6,     3, 10,   3835, 3.8e-5
    - 2 :   1, 10,  450,    6,  6,     4,  3,     3,  6,     4,  8,   4559, 5.3e-5
    - 3 :   2, 10,  450,    5,  8,     3,  4,     2, 10,     2, 20,   5222, 1.5e-5
    - 4 :   2, 10,  453,    6,  7,     3,  4,     2, 10,     2, 20,   5898, 5.8e-5
    - 5 :   2, 10,  450,    5,  8,     3,  4,     3,  7,     2, 20,   7279, 8.0e-6
    - 6 :   2, 10,  450,    6,  7,     4,  3,     3,  8,     2, 20,   8203, 1.2e-5
    - 7 :   2, 10,  450,    7,  6,     4,  3,     3,  8,     2, 20,   9089, 4.3e-5
    - 8 :   2, 10,  450,    6,  7,    14,  1,     4,  6,     2, 20,  10887, 5.9e-5
    - 9 :   2, 10,  450,    7,  6,     3,  4,     5,  5,     2, 20,  14122, 3.9e-5
    - 10:   2, 10,  450,    8,  5,     4,  3,     6,  5,     2, 20,  18303, 2.0e-5
    - 11:   2, 10,  450,    8,  5,     5,  3,     7,  4,     2, 20,  21118, 3.8e-5
    - 12:   2, 10,  450,   11,  4,     5,  3,     7,  4,     2, 20,  26655, 4.7e-5
    - 13:   2, 10,  450,   11,  4,    14,  1,    10,  3,     2, 20,  37491, 6.3e-5
    - 14:   2, 10,  450,   22,  2,     4,  3,    10,  3,     2, 20,  65324, 4.0e-5
    - 15:   2, 10,  450,   22,  2,    14,  1,    16,  2,     2, 20, 102523, 6.1e-5
    # no solution starting from log norm2 = 16

  - 12: # bits
    -ln2:   k,  N,    n, br_l,br_b, ks_l,ks_b, cb_l,cb_b, pp_l,pp_b,  cost, p_error
    - 0 :   1, 10,  450,    4,  8,     5,  3,     3,  5,     3, 10,   3592, 5.6e-5
    - 1 :   2, 10,  466,    4,  9,     7,  2,     2,  9,     1, 31,   4576, 6.3e-5
    - 2 :   2, 10,  450,    3, 12,     4,  3,     3,  6,     1, 31,   4976, 2.7e-5
    - 3 :   2, 10,  450,    5,  8,     4,  3,     2, 10,     2, 20,   5693, 6.1e-5
    - 4 :   2, 10,  450,    4,  9,     4,  3,     3,  7,     2, 20,   6944, 1.4e-5
    - 5 :   2, 10,  450,    5,  8,     4,  3,     3,  7,     2, 20,   7904, 2.8e-5
    - 6 :   2, 10,  452,    7,  6,     3,  4,     3,  8,     2, 20,   9815, 5.9e-5
    - 7 :   2, 10,  450,    8,  5,     4,  3,     3,  8,     2, 20,  10783, 5.7e-5
    - 8 :   2, 10,  450,    7,  6,     5,  3,     4,  6,     2, 20,  12594, 4.0e-5
    - 9 :   2, 10,  450,    7,  6,     7,  2,     5,  5,     2, 20,  15407, 2.7e-5
    - 10:   2, 10,  450,    7,  6,     5,  3,     7,  4,     2, 20,  20779, 3.6e-5
    - 11:   2, 10,  450,    9,  5,    14,  1,     7,  4,     2, 20,  25146, 6.3e-5
    - 12:   2, 10,  450,   14,  3,     7,  2,     7,  4,     2, 20,  34817, 2.6e-5
    - 13:   2, 10,  450,   14,  3,     7,  2,    10,  3,     2, 20,  48428, 2.1e-5
    - 14:   2, 10,  450,   22,  2,     7,  2,    11,  3,     3, 15,  80879, 5.7e-5
    - 15:   2, 10,  450,   45,  1,    14,  1,    16,  2,     2, 20, 209833, 5.4e-5
    # no solution starting from log norm2 = 16

  - 13: # bits
    -ln2:   k,  N,    n, br_l,br_b, ks_l,ks_b, cb_l,cb_b, pp_l,pp_b,  cost, p_error
    - 0 :   2, 10,  450,    3, 12,     4,  3,     2,  8,     1, 31,   3814, 2.0e-5
    - 1 :   1, 10,  450,    6,  6,     3,  4,     3,  6,     3, 10,   5013, 1.9e-5
    - 2 :   2, 10,  450,    3, 12,     4,  3,     3,  6,     1, 31,   5267, 3.7e-5
    - 3 :   2, 10,  450,    5,  8,     5,  3,     2, 10,     2, 20,   6056, 3.0e-5
    - 4 :   2, 10,  450,    4,  9,     4,  3,     3,  7,     2, 20,   7363, 2.0e-5
    - 5 :   2, 10,  450,    5,  8,     4,  3,     3,  7,     2, 20,   8378, 3.8e-5
    - 6 :   2, 10,  450,    7,  6,     4,  3,     3,  8,     2, 20,  10409, 3.4e-6
    - 7 :   2, 10,  450,    8,  5,     5,  3,     3,  8,     2, 20,  11468, 2.8e-5
    - 8 :   2, 10,  450,    7,  6,     5,  3,     4,  6,     2, 20,  13373, 5.9e-5
    - 9 :   2, 10,  450,    7,  6,     7,  2,     5,  5,     2, 20,  16382, 4.4e-5
    - 10:   2, 10,  450,    7,  6,     5,  3,     7,  4,     2, 20,  22135, 5.3e-5
    - 11:   2, 10,  450,   10,  4,     7,  2,     7,  4,     2, 20,  28591, 5.3e-5
    - 12:   2, 10,  450,   14,  3,     7,  2,     7,  4,     2, 20,  37081, 4.2e-5
    - 13:   2, 10,  450,   14,  3,     7,  2,    10,  3,     2, 20,  51657, 3.3e-5
    - 14:   2, 10,  457,   23,  2,    15,  1,    11,  3,     3, 15,  91107, 6.3e-5
    - 15:   2, 10,  450,   44,  1,     7,  2,    16,  2,     3, 15, 225001, 5.4e-5
    # no solution starting from log norm2 = 16

  - 14: # bits
    -ln2:   k,  N,    n, br_l,br_b, ks_l,ks_b, cb_l,cb_b, pp_l,pp_b,  cost, p_error
    - 0 :   2, 10,  450,    3, 12,     4,  3,     2,  8,     1, 31,   4369, 3.5e-5
    - 1 :   1, 10,  450,    6,  6,     3,  4,     3,  6,     3, 10,   5732, 3.4e-5
    - 2 :   2, 10,  451,    3, 12,     4,  3,     3,  6,     1, 31,   6024, 6.1e-5
    - 3 :   2, 10,  450,    5,  8,     5,  3,     2, 10,     2, 20,   6935, 6.1e-5
    - 4 :   2, 10,  450,    4,  9,     4,  3,     3,  7,     2, 20,   8402, 3.5e-5
    - 5 :   2, 10,  452,    5,  8,     4,  3,     3,  7,     2, 20,   9595, 5.9e-5
    - 6 :   2, 10,  450,    7,  6,     4,  3,     3,  8,     2, 20,  11890, 5.8e-6
    - 7 :   2, 10,  450,    8,  5,     5,  3,     3,  8,     2, 20,  13104, 5.7e-5
    - 8 :   2, 10,  450,    7,  6,     7,  2,     4,  6,     2, 20,  15352, 4.3e-5
    - 9 :   2, 10,  450,    8,  5,     5,  3,     5,  5,     2, 20,  20348, 2.9e-5
    - 10:   2, 10,  450,    7,  6,     7,  2,     7,  4,     2, 20,  25277, 3.8e-5
    - 11:   2, 10,  450,   11,  4,     4,  3,     7,  4,     2, 20,  34795, 1.0e-5
    - 12:   2, 10,  450,   15,  3,     7,  2,     7,  4,     2, 20,  44620, 3.9e-5
    - 13:   2, 10,  450,   14,  3,    14,  1,    10,  3,     2, 20,  59074, 6.1e-5
    - 14:   2, 10,  450,   22,  2,     7,  2,    15,  2,     2, 20, 125663, 3.6e-5
    - 15:   2, 10,  456,   45,  1,    15,  1,    16,  2,     3, 15, 264391, 6.3e-5
    # no solution starting from log norm2 = 16

  - 15: # bits
    -ln2:   k,  N,    n, br_l,br_b, ks_l,ks_b, cb_l,cb_b, pp_l,pp_b,  cost, p_error
    - 0 :   1, 10,  453,    5,  7,     7,  2,     3,  6,     3, 10,   4893, 6.3e-5
    - 1 :   2, 10,  451,    3, 12,     5,  3,     3,  6,     1, 31,   5774, 5.5e-5
    - 2 :   2, 10,  453,    5,  8,     5,  3,     2, 10,     2, 20,   6642, 6.1e-5
    - 3 :   2, 10,  450,    6,  7,     7,  2,     2, 10,     2, 20,   7520, 5.4e-5
    - 4 :   2, 10,  451,    5,  8,     5,  3,     3,  7,     2, 20,   9147, 5.6e-5
    - 5 :   2, 10,  450,    6,  7,     7,  2,     3,  8,     2, 20,  10338, 5.9e-5
    - 6 :   2, 10,  470,    5,  8,     8,  2,     4,  6,     2, 20,  12182, 6.3e-5
    - 7 :   2, 10,  450,    7,  6,     7,  2,     4,  6,     2, 20,  14560, 1.3e-5
    - 8 :   2, 10,  450,    7,  6,     7,  2,     5,  5,     2, 20,  17673, 2.3e-5
    - 9 :   2, 10,  457,    8,  5,     7,  2,     6,  5,     2, 20,  23058, 6.1e-5
    - 10:   2, 10,  450,    9,  5,     7,  2,     7,  4,     2, 20,  28478, 4.6e-5
    - 11:   2, 10,  450,   14,  3,     7,  2,     7,  4,     2, 20,  39922, 2.3e-5
    - 12:   2, 10,  450,   14,  3,     7,  2,    10,  3,     2, 20,  55465, 2.0e-5
    - 13:   2, 10,  463,   22,  2,    15,  1,    10,  3,     2, 20,  83368, 6.3e-5
    - 14:   2, 10,  459,   43,  1,    15,  1,    16,  2,     2, 20, 234740, 6.2e-5
    # no solution starting from log norm2 = 15

  - 16: # bits
    -ln2:   k,  N,    n, br_l,br_b, ks_l,ks_b, cb_l,cb_b, pp_l,pp_b,  cost, p_error
    - 0 :   2, 10,  454,    3, 12,     7,  2,     2,  8,     1, 31,   4854, 6.2e-5
    - 1 :   1, 10,  450,    6,  6,     7,  2,     3,  6,     3, 10,   6208, 4.2e-5
    - 2 :   2, 10,  450,    5,  8,     4,  3,     2, 10,     2, 20,   7329, 2.1e-5
    - 3 :   2, 10,  452,    3, 12,     5,  3,     4,  5,     1, 31,   8226, 5.8e-5
    - 4 :   2, 10,  454,    4,  9,     7,  2,     3,  7,     2, 20,   9154, 6.3e-5
    - 5 :   2, 10,  450,    6,  7,     5,  3,     3,  8,     2, 20,  11461, 1.7e-5
    - 6 :   2, 10,  450,    7,  6,     5,  3,     3,  8,     2, 20,  12698, 4.2e-5
    - 7 :   2, 10,  450,    6,  7,     7,  2,     4,  6,     2, 20,  14744, 3.6e-5
    - 8 :   2, 10,  450,    9,  5,     7,  2,     4,  6,     2, 20,  19450, 6.3e-5
    - 9 :   2, 10,  452,    9,  5,    15,  1,     5,  5,     2, 20,  24144, 6.2e-5
    - 10:   2, 10,  450,    8,  5,     5,  3,     7,  4,     2, 20,  29285, 6.3e-5
    - 11:   2, 10,  450,   11,  4,     7,  2,     7,  4,     2, 20,  37091, 1.4e-5
    - 12:   2, 10,  450,   11,  4,     7,  2,    10,  3,     2, 20,  51593, 3.8e-5
    - 13:   2, 10,  450,   21,  2,    14,  1,    10,  3,     2, 20,  87598, 6.0e-5
    - 14:   2, 10,  450,   22,  2,     7,  2,    16,  2,     2, 20, 141710, 3.7e-5
    # no solution starting from log norm2 = 15
