security level: 192
target p_error: 6.3e-5
per precision and log norm2:

  - 1: # bits
    -ln2:   k,  N,    n, br_l,br_b, ks_l,ks_b, cb_l,cb_b, pp_l,pp_b,  cost, p_error
    - 0 :   3, 10,  939,    2, 15,     3,  3,     1, 10,     1, 26,    239, 6.0e-5
    - 1 :   3, 10,  898,    2, 15,     5,  2,     1, 10,     1, 26,    242, 6.1e-5
    - 2 :   3, 10,  964,    3, 12,     4,  3,     1, 11,     1, 26,    305, 6.3e-5
    - 3 :   3, 10,  898,    3, 12,     5,  2,     1, 12,     2, 18,    367, 6.1e-5
    - 4 :   3, 10,  897,    4,  9,     5,  2,     1, 14,     2, 18,    419, 6.0e-5
    - 5 :   3, 10,  903,    5,  8,     5,  2,     1, 14,     2, 18,    474, 6.1e-5
    - 6 :   3, 10,  927,    7,  6,     6,  2,     1, 15,     2, 18,    597, 6.2e-5
    - 7 :   3, 10,  904,    3, 12,     5,  2,     2,  8,     2, 18,    710, 6.0e-5
    - 8 :   3, 10,  889,    4,  9,     5,  2,     2,  9,     2, 18,    807, 6.2e-5
    - 9 :   3, 10,  941,    4,  9,     6,  2,     2,  9,     2, 18,    843, 6.1e-5
    - 10:   3, 10,  912,    6,  7,     5,  2,     2, 10,     2, 18,   1035, 5.9e-5
    - 11:   3, 10,  961,    4,  9,     6,  2,     3,  7,     2, 18,   1266, 6.3e-5
    - 12:   3, 10,  928,    5,  8,     6,  2,     3,  7,     2, 18,   1400, 6.0e-5
    - 13:   3, 10,  917,    5,  8,     6,  2,     4,  6,     2, 18,   1841, 6.1e-5
    - 14:   3, 10,  891,    7,  6,    11,  1,     4,  6,     2, 18,   2249, 6.1e-5
    - 15:   3, 10,  901,    8,  5,    11,  1,     4,  6,     3, 13,   2767, 6.3e-5
    - 16:   3, 10,  913,    8,  5,    11,  1,     5,  5,     3, 13,   3476, 6.1e-5
    - 17:   3, 10,  905,    8,  5,    11,  1,     7,  4,     3, 13,   4814, 6.1e-5
    - 18:   3, 10,  898,   11,  4,    11,  1,     7,  4,     3, 13,   5893, 6.0e-5
    - 19:   3, 10,  924,   11,  4,    12,  1,    10,  3,     3, 13,   8580, 6.2e-5
    - 20:   3, 10,  896,   22,  2,    11,  1,    10,  3,     3, 13,  14156, 6.1e-5
    - 21:   3, 10,  967,   22,  2,    12,  1,    15,  2,     4, 11,  23714, 6.3e-5
    # no solution starting from log norm2 = 22

  - 2: # bits
    -ln2:   k,  N,    n, br_l,br_b, ks_l,ks_b, cb_l,cb_b, pp_l,pp_b,  cost, p_error
    - 0 :   3, 10,  945,    3, 12,     6,  2,     1, 12,     2, 18,    975, 5.6e-5
    - 1 :   3, 10,  986,    3, 12,     6,  2,     1, 12,     2, 18,   1005, 6.0e-5
    - 2 :   3, 10,  962,    2, 15,     6,  2,     2,  7,     1, 26,   1127, 6.2e-5
    - 3 :   3, 10, 1018,    5,  8,     6,  2,     1, 14,     2, 18,   1386, 6.2e-5
    - 4 :   3, 10,  947,    3, 12,     6,  2,     2,  8,     2, 18,   1679, 5.7e-5
    - 5 :   3, 10, 1032,    3, 12,     6,  2,     2,  8,     2, 18,   1778, 6.3e-5
    - 6 :   3, 10,  958,    4,  9,     6,  2,     2,  9,     2, 18,   1973, 6.0e-5
    - 7 :   3, 10,  982,    5,  8,     6,  2,     2, 10,     2, 18,   2295, 6.1e-5
    - 8 :   3, 10,  961,    4,  9,     6,  2,     3,  7,     2, 18,   2799, 6.0e-5
    - 9 :   3, 10,  955,    5,  8,     6,  2,     3,  7,     2, 18,   3178, 6.1e-5
    - 10:   3, 10, 1025,    6,  7,     7,  2,     3,  7,     2, 18,   3780, 6.2e-5
    - 11:   3, 10,  964,    6,  7,     6,  2,     4,  6,     2, 18,   4645, 6.3e-5
    - 12:   3, 10,  959,    6,  7,    12,  1,     5,  5,     2, 18,   5739, 6.3e-5
    - 13:   3, 10,  960,    7,  6,    12,  1,     5,  5,     3, 13,   7083, 6.3e-5
    - 14:   3, 10,  974,   11,  4,    12,  1,     5,  5,     3, 13,   9666, 6.1e-5
    - 15:   3, 10, 1018,   10,  4,    13,  1,     7,  4,     3, 13,  12787, 6.3e-5
    - 16:   3, 10,  964,   14,  3,    12,  1,     7,  4,     3, 13,  15647, 6.3e-5
    - 17:   3, 10,  989,   14,  3,    13,  1,    10,  3,     3, 13,  22406, 6.3e-5
    - 18:   3, 10,  955,   22,  2,    12,  1,    15,  2,     3, 13,  46059, 5.9e-5
    - 19:   3, 10,  997,   44,  1,    13,  1,    16,  2,     4, 11,  95616, 6.3e-5
    # no solution starting from log norm2 = 20

  - 3: # bits
    -ln2:   k,  N,    n, br_l,br_b, ks_l,ks_b, cb_l,cb_b, pp_l,pp_b,  cost, p_error
    - 0 :   3, 10, 1078,    2, 15,     7,  2,     2,  7,     1, 26,   1947, 6.2e-5
    - 1 :   3, 10, 1030,    2, 15,     6,  2,     3,  5,     1, 26,   2573, 6.0e-5
    - 2 :   3, 10, 1023,    3, 12,     6,  2,     2,  8,     2, 18,   2764, 6.2e-5
    - 3 :   3, 10, 1010,    4,  9,     6,  2,     2,  9,     2, 18,   3213, 5.7e-5
    - 4 :   3, 10, 1055,    4,  9,     7,  2,     2,  9,     2, 18,   3336, 6.3e-5
    - 5 :   3, 10, 1025,    6,  7,     7,  2,     2, 10,     2, 18,   4227, 6.3e-5
    - 6 :   3, 10, 1082,    4,  9,     7,  2,     3,  7,     2, 18,   4732, 6.3e-5
    - 7 :   3, 10, 1043,    5,  8,     7,  2,     3,  7,     2, 18,   5281, 6.1e-5
    - 8 :   3, 10, 1035,    5,  8,     7,  2,     4,  6,     2, 18,   6726, 6.2e-5
    - 9 :   3, 10, 1102,    6,  7,    15,  1,     4,  6,     2, 18,   8109, 6.3e-5
    - 10:   3, 10, 1018,    8,  5,    13,  1,     4,  6,     3, 13,  10122, 6.2e-5
    - 11:   3, 10, 1029,    8,  5,    13,  1,     5,  5,     3, 13,  12431, 6.2e-5
    - 12:   3, 10, 1025,    8,  5,    13,  1,     7,  4,     3, 13,  16841, 6.2e-5
    - 13:   3, 10, 1017,   11,  4,    13,  1,     7,  4,     3, 13,  20856, 6.0e-5
    - 14:   3, 10, 1043,   11,  4,    14,  1,    10,  3,     3, 13,  29692, 6.3e-5
    - 15:   3, 10, 1014,   22,  2,    13,  1,    10,  3,     3, 13,  49943, 6.1e-5
    - 16:   3, 10, 1075,   22,  2,    14,  1,    15,  2,     4, 11,  80542, 6.3e-5
    # no solution starting from log norm2 = 17

  - 4: # bits
    -ln2:   k,  N,    n, br_l,br_b, ks_l,ks_b, cb_l,cb_b, pp_l,pp_b,  cost, p_error
    - 0 :   3, 10, 1054,    5,  8,     7,  2,     1, 14,     2, 18,   4312, 6.3e-5
    - 1 :   3, 10, 1010,    3, 12,     6,  2,     2,  8,     2, 18,   5259, 6.0e-5
    - 2 :   3, 10, 1060,    3, 12,     7,  2,     2,  8,     2, 18,   5471, 6.2e-5
    - 3 :   3, 10, 1022,    4,  9,     6,  2,     2,  9,     2, 18,   6199, 6.1e-5
    - 4 :   3, 10, 1036,    5,  8,     7,  2,     2,  9,     2, 18,   7207, 6.0e-5
    - 5 :   3, 10, 1026,    4,  9,     6,  2,     3,  7,     2, 18,   8789, 6.0e-5
    - 6 :   3, 10, 1019,    5,  8,     6,  2,     3,  7,     2, 18,  10001, 6.0e-5
    - 7 :   3, 10, 1059,    6,  7,     7,  2,     3,  7,     2, 18,  11632, 6.2e-5
    - 8 :   3, 10, 1023,    6,  7,     7,  2,     4,  6,     2, 18,  14612, 6.2e-5
    - 9 :   3, 10, 1025,    7,  6,     7,  2,     4,  6,     3, 13,  17984, 6.2e-5
    - 10:   3, 10, 1016,    7,  6,    13,  1,     5,  5,     3, 13,  22147, 6.3e-5
    - 11:   3, 10, 1024,   11,  4,    13,  1,     5,  5,     3, 13,  30190, 6.2e-5
    - 12:   3, 10, 1068,    9,  5,    14,  1,     7,  4,     3, 13,  37021, 6.3e-5
    - 13:   3, 10, 1019,   14,  3,    13,  1,     7,  4,     3, 13,  49138, 6.2e-5
    - 14:   3, 10, 1037,   14,  3,    14,  1,    10,  3,     3, 13,  69889, 6.2e-5
    - 15:   3, 10, 1091,   23,  2,    15,  1,    10,  3,     4, 11, 113459, 6.3e-5
    - 16:   3, 10, 1042,   44,  1,    14,  1,    16,  2,     4, 11, 298583, 6.1e-5
    # no solution starting from log norm2 = 17

  - 5: # bits
    -ln2:   k,  N,    n, br_l,br_b, ks_l,ks_b, cb_l,cb_b, pp_l,pp_b,  cost, p_error
    - 0 :   3, 10, 1054,    5,  8,     7,  2,     1, 14,     2, 18,   4312, 6.3e-5
    - 1 :   3, 10, 1010,    3, 12,     6,  2,     2,  8,     2, 18,   5259, 6.0e-5
    - 2 :   3, 10, 1060,    3, 12,     7,  2,     2,  8,     2, 18,   5471, 6.2e-5
    - 3 :   3, 10, 1022,    4,  9,     6,  2,     2,  9,     2, 18,   6199, 6.1e-5
    - 4 :   3, 10, 1036,    5,  8,     7,  2,     2,  9,     2, 18,   7207, 6.0e-5
    - 5 :   3, 10, 1026,    4,  9,     6,  2,     3,  7,     2, 18,   8789, 6.0e-5
    - 6 :   3, 10, 1019,    5,  8,     6,  2,     3,  7,     2, 18,  10001, 6.0e-5
    - 7 :   3, 10, 1059,    6,  7,     7,  2,     3,  7,     2, 18,  11632, 6.2e-5
    - 8 :   3, 10, 1023,    6,  7,     7,  2,     4,  6,     2, 18,  14612, 6.2e-5
    - 9 :   3, 10, 1025,    7,  6,     7,  2,     4,  6,     3, 13,  17984, 6.2e-5
    - 10:   3, 10, 1016,    7,  6,    13,  1,     5,  5,     3, 13,  22147, 6.3e-5
    - 11:   3, 10, 1024,   11,  4,    13,  1,     5,  5,     3, 13,  30190, 6.2e-5
    - 12:   3, 10, 1068,    9,  5,    14,  1,     7,  4,     3, 13,  37021, 6.3e-5
    - 13:   3, 10, 1019,   14,  3,    13,  1,     7,  4,     3, 13,  49138, 6.2e-5
    - 14:   3, 10, 1037,   14,  3,    14,  1,    10,  3,     3, 13,  69889, 6.2e-5
    - 15:   3, 10, 1091,   23,  2,    15,  1,    10,  3,     4, 11, 113459, 6.3e-5
    - 16:   3, 10, 1042,   44,  1,    14,  1,    16,  2,     4, 11, 298583, 6.1e-5
    # no solution starting from log norm2 = 17

  - 6: # bits
    -ln2:   k,  N,    n, br_l,br_b, ks_l,ks_b, cb_l,cb_b, pp_l,pp_b,  cost, p_error
    - 0 :   3, 10, 1087,    5,  8,     7,  2,     1, 14,     2, 18,   5339, 6.3e-5
    - 1 :   3, 10, 1012,    3, 12,     6,  2,     2,  8,     2, 18,   6254, 6.0e-5
    - 2 :   3, 10, 1112,    3, 12,     7,  2,     2,  8,     2, 18,   6718, 6.3e-5
    - 3 :   3, 10, 1027,    4,  9,     6,  2,     2,  9,     2, 18,   7400, 6.3e-5
    - 4 :   3, 10, 1047,    5,  8,     7,  2,     2,  9,     2, 18,   8652, 6.3e-5
    - 5 :   3, 10, 1026,    4,  9,     7,  2,     3,  7,     2, 18,  10439, 6.0e-5
    - 6 :   3, 10, 1023,    5,  8,     6,  2,     3,  7,     2, 18,  11874, 6.2e-5
    - 7 :   3, 10, 1104,    6,  7,     7,  2,     3,  7,     2, 18,  14236, 6.3e-5
    - 8 :   3, 10, 1029,    6,  7,     7,  2,     4,  6,     2, 18,  17327, 6.1e-5
    - 9 :   3, 10, 1015,    7,  6,    13,  1,     4,  6,     3, 13,  21316, 6.2e-5
    - 10:   3, 10, 1027,    7,  6,    13,  1,     5,  5,     3, 13,  26269, 6.2e-5
    - 11:   3, 10, 1038,   11,  4,    14,  1,     5,  5,     3, 13,  35999, 6.2e-5
    - 12:   3, 10,  999,   11,  4,    13,  1,     7,  4,     3, 13,  47534, 5.8e-5
    - 13:   3, 10, 1031,   14,  3,    14,  1,     7,  4,     3, 13,  58365, 6.2e-5
    - 14:   3, 10, 1073,   14,  3,    14,  1,    10,  3,     3, 13,  84306, 6.3e-5
    - 15:   3, 10, 1019,   22,  2,    13,  1,    15,  2,     3, 13, 171208, 6.2e-5
    - 16:   3, 10, 1060,   45,  1,    14,  1,    16,  2,     4, 11, 362400, 6.3e-5
    # no solution starting from log norm2 = 17

  - 7: # bits
    -ln2:   k,  N,    n, br_l,br_b, ks_l,ks_b, cb_l,cb_b, pp_l,pp_b,  cost, p_error
    - 0 :   3, 10, 1017,    2, 15,     6,  2,     3,  5,     1, 26,   6744, 6.1e-5
    - 1 :   3, 10, 1014,    3, 12,     6,  2,     2,  8,     2, 18,   7252, 6.0e-5
    - 2 :   3, 10, 1006,    4,  9,     6,  2,     2,  9,     2, 18,   8451, 6.2e-5
    - 3 :   3, 10, 1034,    4,  9,     6,  2,     2,  9,     2, 18,   8622, 6.1e-5
    - 4 :   3, 10, 1065,    5,  8,     7,  2,     2,  9,     2, 18,  10172, 6.1e-5
    - 5 :   3, 10, 1032,    4,  9,     7,  2,     3,  7,     2, 18,  12102, 6.0e-5
    - 6 :   3, 10, 1023,    5,  8,     7,  2,     3,  7,     2, 18,  13765, 5.8e-5
    - 7 :   3, 10, 1020,    5,  8,     7,  2,     4,  6,     2, 18,  17631, 5.7e-5
    - 8 :   3, 10, 1036,    6,  7,     7,  2,     4,  6,     2, 18,  20081, 6.1e-5
    - 9 :   3, 10, 1040,    7,  6,     7,  2,     4,  6,     3, 13,  24700, 6.2e-5
    - 10:   3, 10, 1043,    7,  6,    13,  1,     5,  5,     3, 13,  30557, 6.3e-5
    - 11:   3, 10, 1062,   11,  4,    14,  1,     5,  5,     3, 13,  42206, 6.2e-5
    - 12:   3, 10, 1002,   11,  4,    13,  1,     7,  4,     3, 13,  54747, 5.8e-5
    - 13:   3, 10, 1049,   14,  3,    14,  1,     7,  4,     3, 13,  68044, 6.2e-5
    - 14:   3, 10, 1043,   15,  3,    14,  1,    10,  3,     3, 13,  99720, 6.1e-5
    - 15:   3, 10, 1029,   22,  2,    14,  1,    15,  2,     3, 13, 197968, 6.1e-5
    - 16:   3, 10, 1046,   44,  1,    14,  1,    31,  1,     4, 11, 765841, 6.2e-5
    # no solution starting from log norm2 = 17

  - 8: # bits
    -ln2:   k,  N,    n, br_l,br_b, ks_l,ks_b, cb_l,cb_b, pp_l,pp_b,  cost, p_error
    - 0 :   3, 10, 1020,    2, 15,     6,  2,     3,  5,     1, 26,   7665, 6.0e-5
    - 1 :   3, 10, 1016,    3, 12,     6,  2,     2,  8,     2, 18,   8253, 6.1e-5
    - 2 :   3, 10, 1007,    4,  9,     6,  2,     2,  9,     2, 18,   9619, 6.0e-5
    - 3 :   3, 10, 1032,    4,  9,     7,  2,     2,  9,     2, 18,   9848, 6.1e-5
    - 4 :   3, 10, 1100,    5,  8,     7,  2,     2,  9,     2, 18,  11872, 6.3e-5
    - 5 :   3, 10, 1039,    4,  9,     7,  2,     3,  7,     2, 18,  13789, 6.0e-5
    - 6 :   3, 10, 1027,    5,  8,     7,  2,     3,  7,     2, 18,  15661, 5.9e-5
    - 7 :   3, 10, 1023,    5,  8,     7,  2,     4,  6,     2, 18,  20006, 5.9e-5
    - 8 :   3, 10, 1045,    6,  7,     7,  2,     4,  6,     2, 18,  22897, 6.1e-5
    - 9 :   3, 10, 1051,    7,  6,     7,  2,     4,  6,     3, 13,  28178, 6.2e-5
    - 10:   3, 10, 1068,    7,  6,    14,  1,     5,  5,     3, 13,  35205, 6.3e-5
    - 11:   3, 10, 1009,    8,  5,    13,  1,     7,  4,     3, 13,  49947, 6.0e-5
    - 12:   3, 10, 1005,   11,  4,    13,  1,     7,  4,     3, 13,  61993, 5.9e-5
    - 13:   3, 10, 1036,   15,  3,    14,  1,     7,  4,     3, 13,  80294, 6.2e-5
    - 14:   3, 10, 1075,   15,  3,    14,  1,    10,  3,     3, 13, 115401, 6.3e-5
    - 15:   3, 10, 1042,   22,  2,    14,  1,    15,  2,     3, 13, 225679, 6.3e-5
    - 16:   3, 10, 1045,   44,  1,    14,  1,    32,  1,     4, 11, 889099, 6.2e-5
    # no solution starting from log norm2 = 17

  - 9: # bits
    -ln2:   k,  N,    n, br_l,br_b, ks_l,ks_b, cb_l,cb_b, pp_l,pp_b,  cost, p_error
    - 0 :   3, 10, 1138,    4,  9,     7,  2,     2,  9,     2, 18,  11875, 6.3e-5
    - 1 :   3, 10, 1118,    6,  7,     7,  2,     2, 10,     2, 18,  15254, 6.2e-5
    - 2 :   3, 10, 1140,    4,  9,     8,  2,     3,  7,     2, 18,  16562, 6.3e-5
    - 3 :   3, 10, 1130,    5,  8,     7,  2,     3,  7,     2, 18,  18838, 6.2e-5
    - 4 :   3, 10, 1126,    5,  8,     7,  2,     4,  6,     2, 18,  24012, 6.2e-5
    - 5 :   3, 10, 1146,    6,  7,     8,  2,     4,  6,     2, 18,  27560, 6.3e-5
    - 6 :   3, 10, 1130,    7,  6,    15,  1,     4,  6,     3, 13,  33713, 6.3e-5
    - 7 :   3, 10, 1106,    8,  5,    15,  1,     5,  5,     3, 13,  44049, 6.3e-5
    - 8 :   3, 10, 1105,    8,  5,    15,  1,     7,  4,     3, 13,  59655, 6.3e-5
    - 9 :   3, 10, 1101,   11,  4,    15,  1,     7,  4,     3, 13,  74396, 6.3e-5
    - 10:   3, 10, 1132,   15,  3,    15,  1,     7,  4,     3, 13,  96493, 6.3e-5
    - 11:   3, 10, 1158,   15,  3,    16,  1,    10,  3,     4, 11, 144149, 6.3e-5
    - 12:   3, 10, 1138,   22,  2,    16,  1,    15,  2,     3, 13, 271506, 6.3e-5
    - 13:   3, 10, 1148,   44,  1,    16,  1,    32,  1,     4, 11, 1077301, 6.3e-5
    # no solution starting from log norm2 = 14

  - 10: # bits
    -ln2:   k,  N,    n, br_l,br_b, ks_l,ks_b, cb_l,cb_b, pp_l,pp_b,  cost, p_error
    - 0 :   3, 10, 1137,    4,  9,     8,  2,     2,  9,     2, 18,  13222, 6.3e-5
    - 1 :   3, 10, 1121,    6,  7,     7,  2,     2, 10,     2, 18,  16949, 6.2e-5
    - 2 :   3, 10, 1151,    4,  9,     8,  2,     3,  7,     2, 18,  18444, 6.3e-5
    - 3 :   3, 10, 1129,    5,  8,     8,  2,     3,  7,     2, 18,  20895, 6.3e-5
    - 4 :   3, 10, 1125,    5,  8,     8,  2,     4,  6,     2, 18,  26582, 6.3e-5
    - 5 :   3, 10, 1134,    6,  7,    15,  1,     4,  6,     2, 18,  30711, 6.3e-5
    - 6 :   3, 10, 1147,    7,  6,    16,  1,     4,  6,     3, 13,  37729, 6.3e-5
    - 7 :   3, 10, 1110,    8,  5,    15,  1,     5,  5,     3, 13,  48757, 6.3e-5
    - 8 :   3, 10, 1109,    8,  5,    15,  1,     7,  4,     3, 13,  65968, 6.3e-5
    - 9 :   3, 10, 1104,   11,  4,    15,  1,     7,  4,     3, 13,  82241, 6.3e-5
    - 10:   3, 10, 1152,   15,  3,    16,  1,     7,  4,     3, 13, 108116, 6.3e-5
    - 11:   3, 10, 1135,   21,  2,    16,  1,    10,  3,     3, 13, 195519, 6.3e-5
    - 12:   3, 10, 1129,   22,  2,    16,  1,    15,  2,     4, 11, 308913, 6.3e-5
    - 13:   3, 10, 1152,   45,  1,    16,  1,    32,  1,     5,  9, 1239368, 6.3e-5
    # no solution starting from log norm2 = 14

  - 11: # bits
    -ln2:   k,  N,    n, br_l,br_b, ks_l,ks_b, cb_l,cb_b, pp_l,pp_b,  cost, p_error
    - 0 :   3, 10, 1145,    4,  9,     8,  2,     2,  9,     2, 18,  14587, 6.3e-5
    - 1 :   3, 10, 1124,    6,  7,     7,  2,     2, 10,     2, 18,  18651, 6.2e-5
    - 2 :   3, 10, 1180,    4,  9,     8,  2,     3,  7,     2, 18,  20586, 6.3e-5
    - 3 :   3, 10, 1134,    5,  8,     8,  2,     3,  7,     2, 18,  22976, 6.3e-5
    - 4 :   3, 10, 1129,    5,  8,     8,  2,     4,  6,     2, 18,  29180, 6.3e-5
    - 5 :   3, 10, 1155,    6,  7,    16,  1,     4,  6,     2, 18,  34201, 6.3e-5
    - 6 :   3, 10, 1107,    8,  5,    15,  1,     4,  6,     3, 13,  43842, 6.3e-5
    - 7 :   3, 10, 1115,    8,  5,    15,  1,     5,  5,     3, 13,  53526, 6.3e-5
    - 8 :   3, 10, 1114,    8,  5,    15,  1,     7,  4,     3, 13,  72363, 6.2e-5
    - 9 :   3, 10, 1107,   11,  4,    15,  1,     7,  4,     3, 13,  90119, 6.3e-5
    - 10:   3, 10, 1128,   11,  4,    15,  1,    10,  3,     3, 13, 127190, 6.3e-5
    - 11:   3, 10, 1105,   22,  2,    15,  1,    10,  3,     3, 13, 217000, 6.2e-5
    - 12:   3, 10, 1144,   22,  2,    16,  1,    15,  2,     4, 11, 341200, 6.3e-5
    # no solution starting from log norm2 = 13

  - 12: # bits
    -ln2:   k,  N,    n, br_l,br_b, ks_l,ks_b, cb_l,cb_b, pp_l,pp_b,  cost, p_error
    - 0 :   3, 10, 1116,    5,  8,     7,  2,     2,  9,     2, 18,  20389, 6.2e-5
    - 1 :   3, 10, 1129,    6,  7,     8,  2,     2, 10,     2, 18,  23388, 6.2e-5
    - 2 :   3, 10, 1107,    5,  8,     7,  2,     3,  7,     2, 18,  28003, 6.3e-5
    - 3 :   3, 10, 1159,    5,  8,     8,  2,     3,  7,     2, 18,  29115, 6.3e-5
    - 4 :   3, 10, 1146,    5,  8,     8,  2,     4,  6,     2, 18,  36801, 6.3e-5
    - 5 :   3, 10, 1106,    7,  6,    15,  1,     4,  6,     2, 18,  45703, 6.3e-5
    - 6 :   3, 10, 1120,    8,  5,    15,  1,     4,  6,     3, 13,  55153, 6.3e-5
    - 7 :   3, 10, 1139,    8,  5,    15,  1,     5,  5,     3, 13,  67857, 6.3e-5
    - 8 :   3, 10, 1136,    8,  5,    15,  1,     7,  4,     3, 13,  91651, 6.3e-5
    - 9 :   3, 10, 1120,   11,  4,    15,  1,     7,  4,     3, 13, 113518, 6.3e-5
    - 10:   3, 10, 1100,   14,  3,    15,  1,    10,  3,     3, 13, 186795, 6.2e-5
    - 11:   3, 10, 1115,   22,  2,    15,  1,    10,  3,     3, 13, 273047, 6.3e-5
    - 12:   3, 10, 1154,   22,  2,    16,  1,    16,  2,     4, 11, 456670, 6.3e-5
    # no solution starting from log norm2 = 13

  - 13: # bits
    -ln2:   k,  N,    n, br_l,br_b, ks_l,ks_b, cb_l,cb_b, pp_l,pp_b,  cost, p_error
    - 0 :   3, 10, 1117,    5,  8,     7,  2,     2,  9,     2, 18,  21866, 6.2e-5
    - 1 :   3, 10, 1132,    6,  7,     8,  2,     2, 10,     2, 18,  25123, 6.3e-5
    - 2 :   3, 10, 1108,    5,  8,     7,  2,     3,  7,     2, 18,  29993, 6.2e-5
    - 3 :   3, 10, 1147,    5,  8,    15,  1,     3,  7,     2, 18,  31666, 6.3e-5
    - 4 :   3, 10, 1156,    5,  8,     8,  2,     4,  6,     2, 18,  39624, 6.3e-5
    - 5 :   3, 10, 1109,    7,  6,    15,  1,     4,  6,     2, 18,  48995, 6.3e-5
    - 6 :   3, 10, 1127,    8,  5,    15,  1,     4,  6,     3, 13,  59269, 6.3e-5
    - 7 :   3, 10, 1155,    8,  5,    16,  1,     5,  5,     3, 13,  73425, 6.3e-5
    - 8 :   3, 10, 1150,    8,  5,    16,  1,     7,  4,     3, 13,  98939, 6.3e-5
    - 9 :   3, 10, 1127,   11,  4,    15,  1,     7,  4,     3, 13, 121904, 6.3e-5
    - 10:   3, 10, 1102,   14,  3,    15,  1,    10,  3,     3, 13, 199810, 6.2e-5
    - 11:   3, 10, 1120,   22,  2,    15,  1,    10,  3,     3, 13, 292808, 6.3e-5
    - 12:   3, 10, 1124,   44,  1,    15,  1,    15,  2,     4, 11, 813233, 6.2e-5
    # no solution starting from log norm2 = 13

  - 14: # bits
    -ln2:   k,  N,    n, br_l,br_b, ks_l,ks_b, cb_l,cb_b, pp_l,pp_b,  cost, p_error
    - 0 :   3, 10, 1117,    5,  8,     7,  2,     2,  9,     2, 18,  21866, 6.2e-5
    - 1 :   3, 10, 1132,    6,  7,     8,  2,     2, 10,     2, 18,  25123, 6.3e-5
    - 2 :   3, 10, 1108,    5,  8,     7,  2,     3,  7,     2, 18,  29993, 6.2e-5
    - 3 :   3, 10, 1147,    5,  8,    15,  1,     3,  7,     2, 18,  31666, 6.3e-5
    - 4 :   3, 10, 1156,    5,  8,     8,  2,     4,  6,     2, 18,  39624, 6.3e-5
    - 5 :   3, 10, 1109,    7,  6,    15,  1,     4,  6,     2, 18,  48995, 6.3e-5
    - 6 :   3, 10, 1127,    8,  5,    15,  1,     4,  6,     3, 13,  59269, 6.3e-5
    - 7 :   3, 10, 1155,    8,  5,    16,  1,     5,  5,     3, 13,  73425, 6.3e-5
    - 8 :   3, 10, 1150,    8,  5,    16,  1,     7,  4,     3, 13,  98939, 6.3e-5
    - 9 :   3, 10, 1127,   11,  4,    15,  1,     7,  4,     3, 13, 121904, 6.3e-5
    - 10:   3, 10, 1102,   14,  3,    15,  1,    10,  3,     3, 13, 199810, 6.2e-5
    - 11:   3, 10, 1120,   22,  2,    15,  1,    10,  3,     3, 13, 292808, 6.3e-5
    - 12:   3, 10, 1124,   44,  1,    15,  1,    15,  2,     4, 11, 813233, 6.2e-5
    # no solution starting from log norm2 = 13

  - 15: # bits
    -ln2:   k,  N,    n, br_l,br_b, ks_l,ks_b, cb_l,cb_b, pp_l,pp_b,  cost, p_error
    - 0 :   3, 10, 1117,    5,  8,     7,  2,     2,  9,     2, 18,  21866, 6.2e-5
    - 1 :   3, 10, 1132,    6,  7,     8,  2,     2, 10,     2, 18,  25123, 6.3e-5
    - 2 :   3, 10, 1108,    5,  8,     7,  2,     3,  7,     2, 18,  29993, 6.2e-5
    - 3 :   3, 10, 1147,    5,  8,    15,  1,     3,  7,     2, 18,  31666, 6.3e-5
    - 4 :   3, 10, 1156,    5,  8,     8,  2,     4,  6,     2, 18,  39624, 6.3e-5
    - 5 :   3, 10, 1109,    7,  6,    15,  1,     4,  6,     2, 18,  48995, 6.3e-5
    - 6 :   3, 10, 1127,    8,  5,    15,  1,     4,  6,     3, 13,  59269, 6.3e-5
    - 7 :   3, 10, 1155,    8,  5,    16,  1,     5,  5,     3, 13,  73425, 6.3e-5
    - 8 :   3, 10, 1150,    8,  5,    16,  1,     7,  4,     3, 13,  98939, 6.3e-5
    - 9 :   3, 10, 1127,   11,  4,    15,  1,     7,  4,     3, 13, 121904, 6.3e-5
    - 10:   3, 10, 1102,   14,  3,    15,  1,    10,  3,     3, 13, 199810, 6.2e-5
    - 11:   3, 10, 1120,   22,  2,    15,  1,    10,  3,     3, 13, 292808, 6.3e-5
    - 12:   3, 10, 1124,   44,  1,    15,  1,    15,  2,     4, 11, 813233, 6.2e-5
    # no solution starting from log norm2 = 13

  - 16: # bits
    -ln2:   k,  N,    n, br_l,br_b, ks_l,ks_b, cb_l,cb_b, pp_l,pp_b,  cost, p_error
    - 0 :   3, 10, 1120,    5,  8,     7,  2,     2,  9,     2, 18,  24478, 6.3e-5
    - 1 :   3, 10, 1141,    6,  7,     8,  2,     2, 10,     2, 18,  28236, 6.3e-5
    - 2 :   3, 10, 1109,    5,  8,     7,  2,     3,  7,     2, 18,  33599, 6.3e-5
    - 3 :   3, 10, 1126,    6,  7,     8,  2,     3,  7,     2, 18,  38534, 6.3e-5
    - 4 :   3, 10, 1161,    5,  8,    16,  1,     4,  6,     2, 18,  45536, 6.3e-5
    - 5 :   3, 10, 1115,    7,  6,    15,  1,     4,  6,     2, 18,  55134, 6.3e-5
    - 6 :   3, 10, 1144,    8,  5,    16,  1,     4,  6,     3, 13,  67301, 6.3e-5
    - 7 :   3, 10, 1125,    9,  5,    15,  1,     5,  5,     3, 13,  87377, 6.3e-5
    - 8 :   3, 10, 1113,    9,  5,    15,  1,     7,  4,     3, 13, 117306, 6.2e-5
    - 9 :   3, 10, 1146,   11,  4,    16,  1,     7,  4,     3, 13, 138763, 6.3e-5
    - 10:   3, 10, 1106,   14,  3,    15,  1,    10,  3,     3, 13, 225040, 6.2e-5
    - 11:   3, 10, 1132,   22,  2,    16,  1,    10,  3,     3, 13, 331944, 6.3e-5
    - 12:   3, 10, 1138,   44,  1,    16,  1,    15,  2,     4, 11, 924025, 6.3e-5
    # no solution starting from log norm2 = 13
