security level: 256
target p_error: 6.3e-5
per precision and log norm2:

  - 1: # bits
    -ln2:   k,  N,    n, br_l,br_b, ks_l,ks_b, cb_l,cb_b, pp_l,pp_b,  cost, p_error
    - 0 :   2, 11, 1134,    2, 15,     5,  2,     1, 10,     1, 27,    419, 6.0e-5
    - 1 :   3, 10, 1154,    3, 10,     5,  2,     1, 10,     2, 13,    430, 6.1e-5
    - 2 :   2, 11, 1183,    3, 12,     5,  2,     1, 11,     1, 27,    537, 6.3e-5
    - 3 :   2, 11, 1253,    3, 12,     4,  3,     1, 12,     2, 18,    650, 6.2e-5
    - 4 :   2, 11, 1184,    4,  9,     5,  2,     1, 13,     2, 18,    738, 6.2e-5
    - 5 :   4, 10, 1190,    5,  8,     5,  2,     1, 14,     2, 18,    895, 6.2e-5
    - 6 :   4, 10, 1198,    7,  6,     6,  2,     1, 15,     2, 18,   1096, 6.3e-5
    - 7 :   4, 10, 1180,    3, 12,     6,  2,     2,  8,     2, 18,   1376, 6.2e-5
    - 8 :   2, 11, 1168,    4,  9,     6,  2,     2,  9,     2, 18,   1425, 6.0e-5
    - 9 :   2, 11, 1188,    5,  8,     6,  2,     2,  9,     2, 18,   1651, 6.1e-5
    - 10:   4, 10, 1193,    6,  7,     6,  2,     2, 10,     2, 18,   1943, 6.2e-5
    - 11:   4, 10, 1214,    8,  5,     6,  2,     2, 10,     2, 18,   2345, 6.3e-5
    - 12:   4, 10, 1170,    6,  7,     6,  2,     3,  7,     2, 18,   2850, 6.0e-5
    - 13:   4, 10, 1194,    8,  5,     6,  2,     3,  8,     2, 18,   3448, 6.2e-5
    - 14:   4, 10, 1139,    7,  6,    11,  1,     4,  6,     2, 18,   4116, 6.1e-5
    - 15:   4, 10, 1152,    7,  6,    11,  1,     5,  5,     2, 18,   5160, 6.0e-5
    - 16:   4, 10, 1184,   11,  4,    12,  1,     5,  5,     2, 18,   7118, 6.2e-5
    - 17:   4, 10, 1215,   11,  4,    12,  1,     6,  5,     3, 14,   9653, 6.3e-5
    - 18:   4, 10, 1144,   14,  3,    11,  1,     7,  4,     3, 14,  12650, 6.1e-5
    - 19:   4, 10, 1165,   14,  3,    12,  1,    10,  3,     3, 14,  18282, 6.2e-5
    - 20:   4, 10, 1231,   22,  2,    13,  1,    10,  3,     3, 14,  26749, 6.3e-5
    - 21:   4, 10, 1183,   44,  1,    12,  1,    16,  2,     3, 14,  73880, 6.1e-5
    # no solution starting from log norm2 = 22

  - 2: # bits
    -ln2:   k,  N,    n, br_l,br_b, ks_l,ks_b, cb_l,cb_b, pp_l,pp_b,  cost, p_error
    - 0 :   2, 11, 1224,    3, 12,     6,  2,     1, 12,     2, 18,   1726, 5.8e-5
    - 1 :   3, 10, 1204,    3, 10,     6,  2,     2,  7,     2, 13,   1978, 5.8e-5
    - 2 :   4, 10, 1263,    2, 15,     6,  2,     2,  7,     1, 27,   2086, 6.3e-5
    - 3 :   4, 10, 1298,    3, 12,     6,  2,     2,  8,     1, 27,   2633, 6.3e-5
    - 4 :   2, 11, 1252,    3, 12,     6,  2,     2,  8,     2, 18,   2977, 6.1e-5
    - 5 :   2, 11, 1215,    4,  9,     6,  2,     2,  9,     2, 18,   3446, 5.9e-5
    - 6 :   4, 10, 1281,    4,  9,     6,  2,     2,  9,     2, 18,   3747, 6.2e-5
    - 7 :   4, 10, 1225,    6,  7,     6,  2,     2, 10,     2, 18,   4596, 5.8e-5
    - 8 :   4, 10, 1252,    7,  6,     6,  2,     2, 10,     2, 18,   5159, 6.2e-5
    - 9 :   4, 10, 1249,    5,  8,     6,  2,     3,  7,     2, 18,   5924, 6.2e-5
    - 10:   4, 10, 1264,    7,  6,     6,  2,     3,  8,     2, 18,   7355, 6.1e-5
    - 11:   4, 10, 1278,    6,  7,     6,  2,     4,  6,     2, 18,   8692, 6.3e-5
    - 12:   4, 10, 1241,    8,  5,    12,  1,     4,  6,     2, 18,  10377, 6.3e-5
    - 13:   4, 10, 1271,    8,  5,    13,  1,     5,  5,     2, 18,  12952, 6.3e-5
    - 14:   4, 10, 1234,    9,  5,    12,  1,     7,  4,     2, 18,  18727, 6.3e-5
    - 15:   4, 10, 1225,   11,  4,    12,  1,     7,  4,     3, 14,  23735, 6.3e-5
    - 16:   4, 10, 1272,   11,  4,    13,  1,    10,  3,     3, 14,  34259, 6.2e-5
    - 17:   4, 10, 1212,   22,  2,    12,  1,    10,  3,     3, 14,  54950, 6.0e-5
    - 18:   4, 10, 1318,   22,  2,    14,  1,    15,  2,     3, 14,  87123, 6.3e-5
    # no solution starting from log norm2 = 19

  - 3: # bits
    -ln2:   k,  N,    n, br_l,br_b, ks_l,ks_b, cb_l,cb_b, pp_l,pp_b,  cost, p_error
    - 0 :   3, 10, 1319,    4,  8,     7,  2,     2,  7,     2, 13,   3954, 6.1e-5
    - 1 :   2, 11, 1344,    2, 15,     7,  2,     3,  5,     1, 27,   4726, 6.3e-5
    - 2 :   4, 10, 1337,    3, 12,     7,  2,     2,  8,     2, 18,   5223, 6.3e-5
    - 3 :   2, 11, 1307,    4,  9,     7,  2,     2,  9,     2, 18,   5780, 6.1e-5
    - 4 :   2, 11, 1318,    5,  8,     7,  2,     2,  9,     2, 18,   6745, 6.2e-5
    - 5 :   4, 10, 1360,    6,  7,     7,  2,     2, 10,     2, 18,   7830, 6.3e-5
    - 6 :   2, 11, 1314,    5,  8,     7,  2,     3,  7,     2, 18,   9315, 6.0e-5
    - 7 :   4, 10, 1326,    6,  7,     7,  2,     3,  7,     2, 18,  10722, 6.1e-5
    - 8 :   4, 10, 1359,    8,  5,     7,  2,     3,  8,     2, 18,  13253, 6.2e-5
    - 9 :   4, 10, 1319,    7,  6,     7,  2,     4,  6,     2, 18,  15152, 6.1e-5
    - 10:   4, 10, 1313,    7,  6,    13,  1,     5,  5,     2, 18,  18613, 6.2e-5
    - 11:   4, 10, 1340,    7,  6,    14,  1,     7,  4,     2, 18,  25679, 6.3e-5
    - 12:   4, 10, 1314,   11,  4,    14,  1,     7,  4,     2, 18,  34756, 6.1e-5
    - 13:   4, 10, 1305,   14,  3,    13,  1,     7,  4,     3, 14,  44929, 6.1e-5
    - 14:   4, 10, 1331,   14,  3,    14,  1,    10,  3,     3, 14,  63725, 6.2e-5
    - 15:   4, 10, 1334,   21,  2,    14,  1,    15,  2,     3, 14, 128292, 6.3e-5
    - 16:   4, 10, 1357,   44,  1,    14,  1,    16,  2,     3, 14, 260388, 6.3e-5
    # no solution starting from log norm2 = 17

  - 4: # bits
    -ln2:   k,  N,    n, br_l,br_b, ks_l,ks_b, cb_l,cb_b, pp_l,pp_b,  cost, p_error
    - 0 :   4, 10, 1355,    3, 12,     7,  2,     2,  8,     1, 27,   8225, 6.2e-5
    - 1 :   2, 11, 1310,    3, 12,     7,  2,     2,  8,     2, 18,   9301, 6.2e-5
    - 2 :   2, 11, 1292,    4,  9,     6,  2,     2,  9,     2, 18,  10848, 6.0e-5
    - 3 :   4, 10, 1351,    4,  9,     7,  2,     2,  9,     2, 18,  11710, 6.2e-5
    - 4 :   4, 10, 1427,    5,  8,    15,  1,     2,  9,     2, 18,  14361, 6.3e-5
    - 5 :   4, 10, 1328,    7,  6,     7,  2,     2, 10,     2, 18,  16245, 6.3e-5
    - 6 :   4, 10, 1326,    5,  8,     7,  2,     3,  7,     2, 18,  18576, 6.3e-5
    - 7 :   4, 10, 1339,    7,  6,     7,  2,     3,  8,     2, 18,  23096, 6.2e-5
    - 8 :   4, 10, 1350,    6,  7,     7,  2,     4,  6,     2, 18,  27178, 6.2e-5
    - 9 :   4, 10, 1337,    8,  5,     7,  2,     4,  6,     2, 18,  32630, 6.1e-5
    - 10:   4, 10, 1340,    8,  5,    14,  1,     5,  5,     2, 18,  40506, 6.3e-5
    - 11:   4, 10, 1393,    8,  5,    15,  1,     7,  4,     2, 18,  56984, 6.3e-5
    - 12:   4, 10, 1305,   11,  4,    13,  1,     7,  4,     3, 14,  74598, 6.2e-5
    - 13:   4, 10, 1408,   15,  3,    15,  1,     7,  4,     4, 11, 105548, 6.3e-5
    - 14:   4, 10, 1292,   22,  2,    13,  1,    10,  3,     3, 14, 173889, 6.2e-5
    - 15:   4, 10, 1371,   22,  2,    15,  1,    15,  2,     3, 14, 270204, 6.3e-5
    # no solution starting from log norm2 = 16

  - 5: # bits
    -ln2:   k,  N,    n, br_l,br_b, ks_l,ks_b, cb_l,cb_b, pp_l,pp_b,  cost, p_error
    - 0 :   4, 10, 1355,    3, 12,     7,  2,     2,  8,     1, 27,   8225, 6.2e-5
    - 1 :   2, 11, 1310,    3, 12,     7,  2,     2,  8,     2, 18,   9301, 6.2e-5
    - 2 :   2, 11, 1292,    4,  9,     6,  2,     2,  9,     2, 18,  10848, 6.0e-5
    - 3 :   4, 10, 1351,    4,  9,     7,  2,     2,  9,     2, 18,  11710, 6.2e-5
    - 4 :   4, 10, 1427,    5,  8,    15,  1,     2,  9,     2, 18,  14361, 6.3e-5
    - 5 :   4, 10, 1328,    7,  6,     7,  2,     2, 10,     2, 18,  16245, 6.3e-5
    - 6 :   4, 10, 1326,    5,  8,     7,  2,     3,  7,     2, 18,  18576, 6.3e-5
    - 7 :   4, 10, 1339,    7,  6,     7,  2,     3,  8,     2, 18,  23096, 6.2e-5
    - 8 :   4, 10, 1350,    6,  7,     7,  2,     4,  6,     2, 18,  27178, 6.2e-5
    - 9 :   4, 10, 1337,    8,  5,     7,  2,     4,  6,     2, 18,  32630, 6.1e-5
    - 10:   4, 10, 1340,    8,  5,    14,  1,     5,  5,     2, 18,  40506, 6.3e-5
    - 11:   4, 10, 1393,    8,  5,    15,  1,     7,  4,     2, 18,  56984, 6.3e-5
    - 12:   4, 10, 1305,   11,  4,    13,  1,     7,  4,     3, 14,  74598, 6.2e-5
    - 13:   4, 10, 1408,   15,  3,    15,  1,     7,  4,     4, 11, 105548, 6.3e-5
    - 14:   4, 10, 1292,   22,  2,    13,  1,    10,  3,     3, 14, 173889, 6.2e-5
    - 15:   4, 10, 1371,   22,  2,    15,  1,    15,  2,     3, 14, 270204, 6.3e-5
    # no solution starting from log norm2 = 16

  - 6: # bits
    -ln2:   k,  N,    n, br_l,br_b, ks_l,ks_b, cb_l,cb_b, pp_l,pp_b,  cost, p_error
    - 0 :   4, 10, 1399,    3, 12,     7,  2,     2,  8,     1, 27,  10036, 6.3e-5
    - 1 :   2, 11, 1321,    3, 12,     7,  2,     2,  8,     2, 18,  11141, 6.1e-5
    - 2 :   2, 11, 1296,    4,  9,     6,  2,     2,  9,     2, 18,  12960, 5.8e-5
    - 3 :   4, 10, 1398,    4,  9,     7,  2,     2,  9,     2, 18,  14237, 6.3e-5
    - 4 :   4, 10, 1311,    6,  7,     7,  2,     2, 10,     2, 18,  17318, 6.3e-5
    - 5 :   4, 10, 1344,    7,  6,     7,  2,     2, 10,     2, 18,  19531, 6.3e-5
    - 6 :   4, 10, 1341,    5,  8,     7,  2,     3,  7,     2, 18,  22139, 6.2e-5
    - 7 :   4, 10, 1365,    7,  6,     7,  2,     3,  8,     2, 18,  27747, 6.2e-5
    - 8 :   4, 10, 1368,    6,  7,    14,  1,     4,  6,     2, 18,  32892, 6.3e-5
    - 9 :   4, 10, 1359,    8,  5,     7,  2,     4,  6,     2, 18,  39009, 6.2e-5
    - 10:   4, 10, 1322,    9,  5,    14,  1,     5,  5,     2, 18,  51250, 6.1e-5
    - 11:   4, 10, 1327,    9,  5,    14,  1,     7,  4,     2, 18,  69948, 6.3e-5
    - 12:   4, 10, 1317,   11,  4,    14,  1,     7,  4,     3, 14,  88288, 6.3e-5
    - 13:   4, 10, 1289,   14,  3,    13,  1,    10,  3,     3, 14, 144004, 6.2e-5
    - 14:   4, 10, 1300,   22,  2,    14,  1,    10,  3,     3, 14, 205142, 6.1e-5
    - 15:   4, 10, 1396,   22,  2,    15,  1,    16,  2,     3, 14, 341988, 6.3e-5
    # no solution starting from log norm2 = 16

  - 7: # bits
    -ln2:   k,  N,    n, br_l,br_b, ks_l,ks_b, cb_l,cb_b, pp_l,pp_b,  cost, p_error
    - 0 :   2, 11, 1307,    2, 15,     7,  2,     3,  5,     1, 27,  12212, 6.3e-5
    - 1 :   2, 11, 1335,    3, 12,     7,  2,     2,  8,     2, 18,  13026, 6.1e-5
    - 2 :   2, 11, 1299,    4,  9,     6,  2,     2,  9,     2, 18,  15074, 6.3e-5
    - 3 :   2, 11, 1298,    5,  8,     7,  2,     2,  9,     2, 18,  17541, 6.1e-5
    - 4 :   4, 10, 1318,    6,  7,     7,  2,     2, 10,     2, 18,  20165, 6.0e-5
    - 5 :   4, 10, 1370,    7,  6,     7,  2,     2, 10,     2, 18,  23006, 6.3e-5
    - 6 :   4, 10, 1363,    5,  8,     7,  2,     3,  7,     2, 18,  25851, 6.3e-5
    - 7 :   4, 10, 1361,    5,  8,     7,  2,     4,  6,     2, 18,  33226, 6.2e-5
    - 8 :   4, 10, 1303,    7,  6,     7,  2,     4,  6,     2, 18,  39780, 6.2e-5
    - 9 :   4, 10, 1382,    8,  5,    14,  1,     4,  6,     2, 18,  46170, 6.3e-5
    - 10:   4, 10, 1344,    9,  5,    14,  1,     5,  5,     2, 18,  59768, 6.3e-5
    - 11:   4, 10, 1358,    9,  5,    14,  1,     7,  4,     2, 18,  81829, 6.3e-5
    - 12:   4, 10, 1337,   11,  4,    14,  1,     7,  4,     3, 14, 102548, 6.3e-5
    - 13:   4, 10, 1295,   14,  3,    13,  1,    10,  3,     3, 14, 165800, 6.2e-5
    - 14:   4, 10, 1309,   22,  2,    14,  1,    10,  3,     3, 14, 236800, 6.3e-5
    - 15:   4, 10, 1326,   44,  1,    14,  1,    15,  2,     3, 14, 637490, 6.2e-5
    # no solution starting from log norm2 = 16

  - 8: # bits
    -ln2:   k,  N,    n, br_l,br_b, ks_l,ks_b, cb_l,cb_b, pp_l,pp_b,  cost, p_error
    - 0 :   2, 11, 1314,    2, 15,     7,  2,     3,  5,     1, 27,  13919, 6.2e-5
    - 1 :   2, 11, 1355,    3, 12,     7,  2,     2,  8,     2, 18,  14991, 6.3e-5
    - 2 :   2, 11, 1304,    4,  9,     6,  2,     2,  9,     2, 18,  17216, 6.0e-5
    - 3 :   2, 11, 1302,    5,  8,     7,  2,     2,  9,     2, 18,  20033, 6.2e-5
    - 4 :   4, 10, 1325,    6,  7,     7,  2,     2, 10,     2, 18,  23035, 6.2e-5
    - 5 :   4, 10, 1413,    7,  6,    15,  1,     2, 10,     2, 18,  27627, 6.3e-5
    - 6 :   4, 10, 1421,    5,  8,     8,  2,     3,  7,     2, 18,  30288, 6.3e-5
    - 7 :   4, 10, 1382,    5,  8,    14,  1,     4,  6,     2, 18,  38689, 6.3e-5
    - 8 :   4, 10, 1307,    7,  6,     7,  2,     4,  6,     2, 18,  45149, 5.9e-5
    - 9 :   4, 10, 1293,    7,  6,    13,  1,     5,  5,     2, 18,  55208, 6.2e-5
    - 10:   4, 10, 1395,    9,  5,    15,  1,     5,  5,     2, 18,  69738, 6.3e-5
    - 11:   4, 10, 1356,    7,  6,    14,  1,     9,  3,     2, 18,  98145, 6.3e-5
    - 12:   4, 10, 1381,   11,  4,    15,  1,     7,  4,     3, 14, 118737, 6.3e-5
    - 13:   4, 10, 1301,   14,  3,    14,  1,    10,  3,     3, 14, 187841, 6.3e-5
    - 14:   4, 10, 1322,   22,  2,    14,  1,    10,  3,     3, 14, 269495, 6.1e-5
    - 15:   4, 10, 1349,   44,  1,    14,  1,    15,  2,     3, 14, 730257, 6.2e-5
    # no solution starting from log norm2 = 16

  - 9: # bits
    -ln2:   k,  N,    n, br_l,br_b, ks_l,ks_b, cb_l,cb_b, pp_l,pp_b,  cost, p_error
    - 0 :   2, 11, 1394,    4,  9,     7,  2,     2,  9,     2, 18,  20489, 6.3e-5
    - 1 :   2, 11, 1408,    5,  8,     7,  2,     2,  9,     2, 18,  23997, 6.1e-5
    - 2 :   2, 11, 1427,    4,  9,     7,  2,     3,  7,     2, 18,  28827, 6.3e-5
    - 3 :   2, 11, 1404,    5,  8,     7,  2,     3,  7,     2, 18,  33021, 6.1e-5
    - 4 :   2, 11, 1387,    7,  6,     7,  2,     3,  7,     2, 18,  41712, 6.1e-5
    - 5 :   2, 11, 1463,    6,  7,    16,  1,     4,  6,     2, 18,  50621, 6.3e-5
    - 6 :   2, 11, 1368,    8,  5,    14,  1,     4,  6,     2, 18,  58921, 6.3e-5
    - 7 :   2, 11, 1382,    8,  5,    14,  1,     5,  5,     2, 18,  72058, 6.1e-5
    - 8 :   2, 11, 1406,    8,  5,    15,  1,     7,  4,     2, 18,  98849, 6.3e-5
    - 9 :   2, 11, 1395,   11,  4,    15,  1,     7,  4,     3, 14, 133225, 6.2e-5
    - 10:   2, 11, 1382,   14,  3,    15,  1,     9,  3,     3, 14, 201952, 6.1e-5
    - 11:   2, 11, 1438,   14,  3,    16,  1,    14,  2,     3, 14, 317141, 6.3e-5
    - 12:   2, 11, 1376,   43,  1,    15,  1,    15,  2,     3, 14, 876512, 6.2e-5
    # no solution starting from log norm2 = 13

  - 10: # bits
    -ln2:   k,  N,    n, br_l,br_b, ks_l,ks_b, cb_l,cb_b, pp_l,pp_b,  cost, p_error
    - 0 :   2, 11, 1402,    4,  9,     7,  2,     2,  9,     2, 18,  22820, 6.1e-5
    - 1 :   2, 11, 1419,    5,  8,     7,  2,     2,  9,     2, 18,  26787, 6.3e-5
    - 2 :   2, 11, 1442,    4,  9,     8,  2,     3,  7,     2, 18,  32283, 6.3e-5
    - 3 :   2, 11, 1414,    5,  8,     7,  2,     3,  7,     2, 18,  36753, 6.2e-5
    - 4 :   2, 11, 1392,    7,  6,     7,  2,     3,  7,     2, 18,  46312, 6.2e-5
    - 5 :   2, 11, 1372,    7,  6,     7,  2,     4,  6,     2, 18,  58200, 6.2e-5
    - 6 :   2, 11, 1374,    8,  5,    14,  1,     4,  6,     2, 18,  65379, 6.2e-5
    - 7 :   2, 11, 1388,    8,  5,    15,  1,     5,  5,     2, 18,  80004, 6.3e-5
    - 8 :   2, 11, 1431,    8,  5,    15,  1,     7,  4,     2, 18, 110735, 6.3e-5
    - 9 :   2, 11, 1411,   11,  4,    15,  1,     7,  4,     3, 14, 148413, 6.2e-5
    - 10:   2, 11, 1391,   14,  3,    15,  1,     9,  3,     3, 14, 223951, 6.1e-5
    - 11:   2, 11, 1424,   21,  2,    15,  1,    10,  3,     3, 14, 355513, 6.2e-5
    - 12:   2, 11, 1383,   43,  1,    15,  1,    15,  2,     3, 14, 970423, 6.3e-5
    # no solution starting from log norm2 = 13

  - 11: # bits
    -ln2:   k,  N,    n, br_l,br_b, ks_l,ks_b, cb_l,cb_b, pp_l,pp_b,  cost, p_error
    - 0 :   2, 11, 1410,    4,  9,     7,  2,     2,  9,     2, 18,  25173, 6.3e-5
    - 1 :   2, 11, 1436,    5,  8,     7,  2,     2,  9,     2, 18,  29717, 6.2e-5
    - 2 :   2, 11, 1488,    4,  9,     8,  2,     3,  7,     2, 18,  36291, 6.3e-5
    - 3 :   2, 11, 1428,    5,  8,     7,  2,     3,  7,     2, 18,  40621, 6.2e-5
    - 4 :   2, 11, 1398,    7,  6,     7,  2,     3,  7,     2, 18,  50971, 6.1e-5
    - 5 :   2, 11, 1374,    7,  6,     7,  2,     4,  6,     2, 18,  63827, 6.3e-5
    - 6 :   2, 11, 1381,    8,  5,    14,  1,     4,  6,     2, 18,  71931, 6.1e-5
    - 7 :   2, 11, 1399,    8,  5,    15,  1,     5,  5,     2, 18,  88172, 6.2e-5
    - 8 :   2, 11, 1419,    8,  5,    15,  1,     7,  4,     3, 14, 128291, 6.2e-5
    - 9 :   2, 11, 1437,   11,  4,    16,  1,     7,  4,     3, 14, 164983, 6.3e-5
    - 10:   2, 11, 1402,   14,  3,    15,  1,     9,  3,     3, 14, 246493, 6.2e-5
    - 11:   2, 11, 1385,   22,  2,    15,  1,    10,  3,     3, 14, 394585, 6.2e-5
    - 12:   2, 11, 1392,   43,  1,    15,  1,    15,  2,     3, 14, 1066657, 6.3e-5
    # no solution starting from log norm2 = 13

  - 12: # bits
    -ln2:   k,  N,    n, br_l,br_b, ks_l,ks_b, cb_l,cb_b, pp_l,pp_b,  cost, p_error
    - 0 :   2, 11, 1446,    4,  9,     8,  2,     2,  9,     2, 18,  32141, 6.3e-5
    - 1 :   2, 11, 1399,    6,  7,     7,  2,     2,  9,     2, 18,  41202, 6.2e-5
    - 2 :   2, 11, 1367,    5,  8,     7,  2,     3,  7,     2, 18,  48804, 5.8e-5
    - 3 :   2, 11, 1431,    4,  9,     8,  2,     4,  5,     2, 18,  55750, 6.2e-5
    - 4 :   2, 11, 1421,    7,  6,     7,  2,     3,  7,     2, 18,  64378, 6.3e-5
    - 5 :   2, 11, 1382,    7,  6,     7,  2,     4,  6,     2, 18,  79946, 5.9e-5
    - 6 :   2, 11, 1403,    8,  5,    15,  1,     4,  6,     2, 18,  91057, 6.3e-5
    - 7 :   2, 11, 1421,    8,  5,    15,  1,     5,  5,     3, 14, 118651, 6.3e-5
    - 8 :   2, 11, 1382,   10,  4,    15,  1,     7,  4,     2, 18, 174804, 6.3e-5
    - 9 :   2, 11, 1401,   10,  4,    15,  1,     9,  3,     3, 14, 235561, 6.3e-5
    - 10:   2, 11, 1376,   14,  3,    15,  1,    10,  3,     3, 14, 333854, 6.2e-5
    - 11:   2, 11, 1420,   22,  2,    15,  1,    10,  3,     3, 14, 503895, 6.3e-5
    - 12:   2, 11, 1408,   44,  1,    15,  1,    15,  2,     3, 14, 1375756, 6.2e-5
    # no solution starting from log norm2 = 13

  - 13: # bits
    -ln2:   k,  N,    n, br_l,br_b, ks_l,ks_b, cb_l,cb_b, pp_l,pp_b,  cost, p_error
    - 0 :   2, 11, 1476,    4,  9,     8,  2,     2,  9,     2, 18,  35034, 6.3e-5
    - 1 :   2, 11, 1404,    6,  7,     7,  2,     2,  9,     2, 18,  44309, 6.3e-5
    - 2 :   2, 11, 1368,    5,  8,     7,  2,     3,  7,     2, 18,  52277, 5.9e-5
    - 3 :   2, 11, 1377,    6,  7,     7,  2,     3,  7,     2, 18,  59822, 6.2e-5
    - 4 :   2, 11, 1428,    7,  6,     8,  2,     3,  7,     2, 18,  69405, 6.2e-5
    - 5 :   2, 11, 1384,    7,  6,     7,  2,     4,  6,     2, 18,  85637, 6.2e-5
    - 6 :   2, 11, 1416,    8,  5,    15,  1,     4,  6,     2, 18,  98208, 6.2e-5
    - 7 :   2, 11, 1448,    8,  5,    15,  1,     5,  5,     3, 14, 128830, 6.3e-5
    - 8 :   2, 11, 1389,   10,  4,    15,  1,     7,  4,     2, 18, 187649, 6.1e-5
    - 9 :   2, 11, 1413,   10,  4,    15,  1,     9,  3,     3, 14, 253425, 6.3e-5
    - 10:   2, 11, 1381,   14,  3,    15,  1,    10,  3,     3, 14, 357723, 6.2e-5
    - 11:   2, 11, 1445,   22,  2,    16,  1,    10,  3,     3, 14, 547098, 6.3e-5
    - 12:   2, 11, 1423,   44,  1,    15,  1,    15,  2,     3, 14, 1483873, 6.3e-5
    # no solution starting from log norm2 = 13

  - 14: # bits
    -ln2:   k,  N,    n, br_l,br_b, ks_l,ks_b, cb_l,cb_b, pp_l,pp_b,  cost, p_error
    - 0 :   2, 11, 1476,    4,  9,     8,  2,     2,  9,     2, 18,  35034, 6.3e-5
    - 1 :   2, 11, 1404,    6,  7,     7,  2,     2,  9,     2, 18,  44309, 6.3e-5
    - 2 :   2, 11, 1368,    5,  8,     7,  2,     3,  7,     2, 18,  52277, 5.9e-5
    - 3 :   2, 11, 1377,    6,  7,     7,  2,     3,  7,     2, 18,  59822, 6.2e-5
    - 4 :   2, 11, 1428,    7,  6,     8,  2,     3,  7,     2, 18,  69405, 6.2e-5
    - 5 :   2, 11, 1384,    7,  6,     7,  2,     4,  6,     2, 18,  85637, 6.2e-5
    - 6 :   2, 11, 1416,    8,  5,    15,  1,     4,  6,     2, 18,  98208, 6.2e-5
    - 7 :   2, 11, 1448,    8,  5,    15,  1,     5,  5,     3, 14, 128830, 6.3e-5
    - 8 :   2, 11, 1389,   10,  4,    15,  1,     7,  4,     2, 18, 187649, 6.1e-5
    - 9 :   2, 11, 1413,   10,  4,    15,  1,     9,  3,     3, 14, 253425, 6.3e-5
    - 10:   2, 11, 1381,   14,  3,    15,  1,    10,  3,     3, 14, 357723, 6.2e-5
    - 11:   2, 11, 1445,   22,  2,    16,  1,    10,  3,     3, 14, 547098, 6.3e-5
    - 12:   2, 11, 1423,   44,  1,    15,  1,    15,  2,     3, 14, 1483873, 6.3e-5
    # no solution starting from log norm2 = 13

  - 15: # bits
    -ln2:   k,  N,    n, br_l,br_b, ks_l,ks_b, cb_l,cb_b, pp_l,pp_b,  cost, p_error
    - 0 :   2, 11, 1476,    4,  9,     8,  2,     2,  9,     2, 18,  35034, 6.3e-5
    - 1 :   2, 11, 1404,    6,  7,     7,  2,     2,  9,     2, 18,  44309, 6.3e-5
    - 2 :   2, 11, 1368,    5,  8,     7,  2,     3,  7,     2, 18,  52277, 5.9e-5
    - 3 :   2, 11, 1377,    6,  7,     7,  2,     3,  7,     2, 18,  59822, 6.2e-5
    - 4 :   2, 11, 1428,    7,  6,     8,  2,     3,  7,     2, 18,  69405, 6.2e-5
    - 5 :   2, 11, 1384,    7,  6,     7,  2,     4,  6,     2, 18,  85637, 6.2e-5
    - 6 :   2, 11, 1416,    8,  5,    15,  1,     4,  6,     2, 18,  98208, 6.2e-5
    - 7 :   2, 11, 1448,    8,  5,    15,  1,     5,  5,     3, 14, 128830, 6.3e-5
    - 8 :   2, 11, 1389,   10,  4,    15,  1,     7,  4,     2, 18, 187649, 6.1e-5
    - 9 :   2, 11, 1413,   10,  4,    15,  1,     9,  3,     3, 14, 253425, 6.3e-5
    - 10:   2, 11, 1381,   14,  3,    15,  1,    10,  3,     3, 14, 357723, 6.2e-5
    - 11:   2, 11, 1445,   22,  2,    16,  1,    10,  3,     3, 14, 547098, 6.3e-5
    - 12:   2, 11, 1423,   44,  1,    15,  1,    15,  2,     3, 14, 1483873, 6.3e-5
    # no solution starting from log norm2 = 13

  - 16: # bits
    -ln2:   k,  N,    n, br_l,br_b, ks_l,ks_b, cb_l,cb_b, pp_l,pp_b,  cost, p_error
    - 0 :   2, 11, 1371,    5,  8,     7,  2,     2,  9,     2, 18,  42536, 5.9e-5
    - 1 :   2, 11, 1417,    6,  7,     7,  2,     2,  9,     2, 18,  49833, 6.3e-5
    - 2 :   2, 11, 1370,    5,  8,     7,  2,     3,  7,     2, 18,  58549, 5.9e-5
    - 3 :   2, 11, 1381,    6,  7,     7,  2,     3,  7,     2, 18,  67067, 6.2e-5
    - 4 :   2, 11, 1456,    7,  6,     8,  2,     3,  7,     2, 18,  78923, 6.3e-5
    - 5 :   2, 11, 1390,    7,  6,     7,  2,     4,  6,     2, 18,  96242, 6.2e-5
    - 6 :   2, 11, 1472,    8,  5,    16,  1,     4,  6,     2, 18, 113962, 6.3e-5
    - 7 :   2, 11, 1386,   10,  4,    15,  1,     5,  5,     2, 18, 155777, 6.3e-5
    - 8 :   2, 11, 1404,   10,  4,    15,  1,     7,  4,     2, 18, 212487, 6.3e-5
    - 9 :   2, 11, 1368,   14,  3,    14,  1,     7,  4,     3, 14, 286420, 6.3e-5
    - 10:   2, 11, 1393,   14,  3,    15,  1,    10,  3,     3, 14, 404621, 6.1e-5
    - 11:   2, 11, 1375,   21,  2,    15,  1,    15,  2,     3, 14, 826419, 6.1e-5
    - 12:   2, 11, 1470,   45,  1,    16,  1,    15,  2,     4, 11, 1781789, 6.3e-5
    # no solution starting from log norm2 = 13
