security level: 160
target p_error: 6.3e-5
per precision and log norm2:

  - 1: # bits
    -ln2:   k,  N,    n, br_l,br_b, ks_l,ks_b, cb_l,cb_b, pp_l,pp_b,  cost, p_error
    - 0 :   2, 10,  713,    2, 13,     5,  2,     1,  9,     2, 14,    143, 6.1e-5
    - 1 :   2, 10,  698,    3, 10,     5,  2,     1, 10,     2, 14,    170, 5.5e-5
    - 2 :   2, 10,  803,    3, 10,     4,  3,     1, 10,     2, 14,    185, 6.2e-5
    - 3 :   2, 10,  773,    4,  8,     6,  2,     1, 11,     3, 10,    242, 6.3e-5
    - 4 :   3, 10,  762,    4,  9,     5,  2,     1, 13,     1, 31,    306, 6.3e-5
    - 5 :   2, 10,  724,    3, 10,     5,  2,     2,  7,     2, 14,    335, 6.1e-5
    - 6 :   2, 10,  713,    4,  8,     5,  2,     2,  8,     3, 10,    438, 6.1e-5
    - 7 :   3, 10,  726,    3, 12,     5,  2,     2,  8,     1, 31,    483, 5.9e-5
    - 8 :   2, 10,  734,    4,  8,     6,  2,     3,  6,     3, 10,    666, 6.3e-5
    - 9 :   3, 10,  733,    3, 12,     5,  2,     3,  6,     1, 31,    719, 6.2e-5
    - 10:   3, 10,  718,    6,  7,     5,  2,     2, 10,     2, 20,    876, 5.5e-5
    - 11:   3, 10,  735,    7,  6,     5,  2,     2, 10,     2, 20,    976, 6.3e-5
    - 12:   3, 10,  733,    5,  8,     6,  2,     3,  7,     2, 20,   1197, 6.0e-5
    - 13:   3, 10,  709,    7,  6,    11,  1,     3,  8,     2, 20,   1442, 6.2e-5
    - 14:   3, 10,  722,    9,  5,    11,  1,     3,  8,     2, 20,   1714, 6.0e-5
    - 15:   3, 10,  754,    7,  6,    12,  1,     4,  6,     2, 20,   1996, 6.3e-5
    - 16:   3, 10,  722,    8,  5,    11,  1,     5,  5,     2, 20,   2615, 6.0e-5
    - 17:   3, 10,  714,    8,  5,    11,  1,     7,  4,     2, 20,   3613, 5.9e-5
    - 18:   3, 10,  710,   11,  4,    11,  1,     7,  4,     2, 20,   4472, 6.3e-5
    - 19:   3, 10,  749,   15,  3,    12,  1,     7,  4,     2, 20,   5896, 6.2e-5
    - 20:   3, 10,  776,   15,  3,    12,  1,    10,  3,     2, 20,   8651, 6.3e-5
    - 21:   3, 10,  745,   22,  2,    12,  1,    15,  2,     2, 20,  17102, 6.2e-5
    - 22:   3, 10,  754,   44,  1,    12,  1,    32,  1,     3, 15,  70217, 6.2e-5
    # no solution starting from log norm2 = 23

  - 2: # bits
    -ln2:   k,  N,    n, br_l,br_b, ks_l,ks_b, cb_l,cb_b, pp_l,pp_b,  cost, p_error
    - 0 :   2, 10,  794,    4,  8,     6,  2,     1, 11,     2, 14,    601, 6.2e-5
    - 1 :   3, 10,  797,    3, 12,     6,  2,     1, 12,     1, 31,    723, 6.1e-5
    - 2 :   2, 10,  752,    3, 10,     6,  2,     2,  7,     2, 14,    811, 5.9e-5
    - 3 :   2, 10,  768,    4,  8,     6,  2,     2,  7,     2, 14,    982, 5.9e-5
    - 4 :   2, 10,  781,    3, 10,     6,  2,     3,  5,     2, 14,   1174, 6.1e-5
    - 5 :   3, 10,  842,    3, 12,     7,  2,     2,  8,     1, 31,   1279, 6.3e-5
    - 6 :   3, 10,  764,    3, 12,     6,  2,     3,  6,     1, 31,   1657, 5.7e-5
    - 7 :   3, 10,  776,    5,  8,     6,  2,     2, 10,     2, 20,   1935, 5.7e-5
    - 8 :   3, 10,  792,    6,  7,     6,  2,     2, 10,     2, 20,   2195, 6.0e-5
    - 9 :   3, 10,  765,    5,  8,     6,  2,     3,  7,     2, 20,   2718, 5.9e-5
    - 10:   3, 10,  798,    6,  7,     6,  2,     3,  7,     2, 20,   3125, 6.3e-5
    - 11:   3, 10,  762,    8,  5,    12,  1,     3,  8,     2, 20,   3702, 6.3e-5
    - 12:   3, 10,  759,    7,  6,    12,  1,     4,  6,     2, 20,   4356, 6.1e-5
    - 13:   3, 10,  765,    7,  6,    12,  1,     5,  5,     2, 20,   5363, 5.7e-5
    - 14:   3, 10,  767,    7,  6,    12,  1,     7,  4,     2, 20,   7341, 6.2e-5
    - 15:   3, 10,  787,    9,  5,    12,  1,     7,  4,     2, 20,   8863, 6.3e-5
    - 16:   3, 10,  765,   14,  3,    12,  1,     7,  4,     2, 20,  12034, 5.9e-5
    - 17:   3, 10,  772,   14,  3,    12,  1,    10,  3,     2, 20,  16990, 6.0e-5
    - 18:   3, 10,  809,   22,  2,    13,  1,    10,  3,     2, 20,  25639, 6.2e-5
    - 19:   3, 10,  785,   44,  1,    13,  1,    16,  2,     2, 20,  72636, 6.2e-5
    # no solution starting from log norm2 = 20

  - 3: # bits
    -ln2:   k,  N,    n, br_l,br_b, ks_l,ks_b, cb_l,cb_b, pp_l,pp_b,  cost, p_error
    - 0 :   2, 10,  824,    3, 10,     6,  2,     2,  7,     2, 14,   1370, 5.9e-5
    - 1 :   2, 10,  815,    4,  8,     6,  2,     2,  8,     3, 10,   1770, 6.3e-5
    - 2 :   3, 10,  827,    3, 12,     6,  2,     2,  8,     1, 31,   1968, 5.8e-5
    - 3 :   3, 10,  883,    4,  9,     7,  2,     2,  9,     1, 31,   2501, 6.3e-5
    - 4 :   3, 10,  833,    3, 12,     6,  2,     3,  6,     1, 31,   2742, 6.2e-5
    - 5 :   3, 10,  908,    5,  8,     7,  2,     2, 10,     2, 20,   3418, 6.3e-5
    - 6 :   3, 10,  843,    4,  9,     7,  2,     3,  7,     2, 20,   3974, 6.0e-5
    - 7 :   3, 10,  832,    5,  8,     7,  2,     3,  7,     2, 20,   4475, 5.8e-5
    - 8 :   3, 10,  826,    7,  6,     7,  2,     3,  8,     2, 20,   5517, 5.9e-5
    - 9 :   3, 10,  832,    6,  7,     7,  2,     4,  6,     2, 20,   6429, 6.3e-5
    - 10:   3, 10,  862,    7,  6,     7,  2,     4,  6,     2, 20,   7306, 6.2e-5
    - 11:   3, 10,  821,    8,  5,    13,  1,     5,  5,     2, 20,   9494, 5.9e-5
    - 12:   3, 10,  815,    8,  5,    13,  1,     7,  4,     2, 20,  12808, 6.3e-5
    - 13:   3, 10,  812,   11,  4,    13,  1,     7,  4,     2, 20,  16055, 5.8e-5
    - 14:   3, 10,  842,   15,  3,    14,  1,     7,  4,     2, 20,  21090, 6.2e-5
    - 15:   3, 10,  864,   15,  3,    14,  1,    10,  3,     2, 20,  30029, 6.3e-5
    - 16:   3, 10,  839,   22,  2,    14,  1,    15,  2,     2, 20,  59225, 6.2e-5
    - 17:   3, 10,  850,   44,  1,    14,  1,    32,  1,     3, 15, 239313, 6.3e-5
    # no solution starting from log norm2 = 18

  - 4: # bits
    -ln2:   k,  N,    n, br_l,br_b, ks_l,ks_b, cb_l,cb_b, pp_l,pp_b,  cost, p_error
    - 0 :   2, 10,  816,    4,  8,     6,  2,     2,  7,     2, 14,   3095, 6.3e-5
    - 1 :   2, 10,  828,    3, 10,     6,  2,     3,  5,     2, 14,   3683, 6.2e-5
    - 2 :   3, 10,  859,    3, 12,     7,  2,     2,  8,     1, 31,   3897, 6.1e-5
    - 3 :   3, 10,  817,    3, 12,     6,  2,     3,  6,     1, 31,   5226, 6.1e-5
    - 4 :   3, 10,  830,    5,  8,     6,  2,     2, 10,     2, 20,   6089, 6.0e-5
    - 5 :   3, 10,  837,    6,  7,     7,  2,     2, 10,     2, 20,   6891, 6.0e-5
    - 6 :   3, 10,  850,    8,  5,     7,  2,     2, 10,     2, 20,   8465, 6.2e-5
    - 7 :   3, 10,  839,    6,  7,     7,  2,     3,  7,     2, 20,   9755, 6.2e-5
    - 8 :   3, 10,  886,    7,  6,    14,  1,     3,  8,     2, 20,  11465, 6.3e-5
    - 9 :   3, 10,  809,    7,  6,    13,  1,     4,  6,     2, 20,  13731, 5.6e-5
    - 10:   3, 10,  813,    7,  6,    13,  1,     5,  5,     2, 20,  16858, 5.9e-5
    - 11:   3, 10,  878,    9,  5,    14,  1,     5,  5,     2, 20,  21286, 6.3e-5
    - 12:   3, 10,  830,    9,  5,    13,  1,     7,  4,     2, 20,  27741, 6.0e-5
    - 13:   3, 10,  898,   11,  4,    15,  1,     7,  4,     3, 15,  37342, 6.3e-5
    - 14:   3, 10,  819,   14,  3,    13,  1,    10,  3,     2, 20,  53575, 5.9e-5
    - 15:   3, 10,  840,   22,  2,    14,  1,    10,  3,     2, 20,  79562, 6.2e-5
    - 16:   3, 10,  828,   44,  1,    13,  1,    16,  2,     2, 20, 229087, 6.2e-5
    # no solution starting from log norm2 = 17

  - 5: # bits
    -ln2:   k,  N,    n, br_l,br_b, ks_l,ks_b, cb_l,cb_b, pp_l,pp_b,  cost, p_error
    - 0 :   2, 10,  816,    4,  8,     6,  2,     2,  7,     2, 14,   3095, 6.3e-5
    - 1 :   2, 10,  828,    3, 10,     6,  2,     3,  5,     2, 14,   3683, 6.2e-5
    - 2 :   3, 10,  859,    3, 12,     7,  2,     2,  8,     1, 31,   3897, 6.1e-5
    - 3 :   3, 10,  817,    3, 12,     6,  2,     3,  6,     1, 31,   5226, 6.1e-5
    - 4 :   3, 10,  830,    5,  8,     6,  2,     2, 10,     2, 20,   6089, 6.0e-5
    - 5 :   3, 10,  837,    6,  7,     7,  2,     2, 10,     2, 20,   6891, 6.0e-5
    - 6 :   3, 10,  850,    8,  5,     7,  2,     2, 10,     2, 20,   8465, 6.2e-5
    - 7 :   3, 10,  839,    6,  7,     7,  2,     3,  7,     2, 20,   9755, 6.2e-5
    - 8 :   3, 10,  886,    7,  6,    14,  1,     3,  8,     2, 20,  11465, 6.3e-5
    - 9 :   3, 10,  809,    7,  6,    13,  1,     4,  6,     2, 20,  13731, 5.6e-5
    - 10:   3, 10,  813,    7,  6,    13,  1,     5,  5,     2, 20,  16858, 5.9e-5
    - 11:   3, 10,  878,    9,  5,    14,  1,     5,  5,     2, 20,  21286, 6.3e-5
    - 12:   3, 10,  830,    9,  5,    13,  1,     7,  4,     2, 20,  27741, 6.0e-5
    - 13:   3, 10,  898,   11,  4,    15,  1,     7,  4,     3, 15,  37342, 6.3e-5
    - 14:   3, 10,  819,   14,  3,    13,  1,    10,  3,     2, 20,  53575, 5.9e-5
    - 15:   3, 10,  840,   22,  2,    14,  1,    10,  3,     2, 20,  79562, 6.2e-5
    - 16:   3, 10,  828,   44,  1,    13,  1,    16,  2,     2, 20, 229087, 6.2e-5
    # no solution starting from log norm2 = 17

  - 6: # bits
    -ln2:   k,  N,    n, br_l,br_b, ks_l,ks_b, cb_l,cb_b, pp_l,pp_b,  cost, p_error
    - 0 :   2, 10,  823,    4,  8,     6,  2,     2,  7,     2, 14,   3717, 6.3e-5
    - 1 :   2, 10,  835,    3, 10,     7,  2,     3,  5,     2, 14,   4413, 6.0e-5
    - 2 :   3, 10,  901,    3, 12,     7,  2,     2,  8,     1, 31,   4818, 6.3e-5
    - 3 :   3, 10,  819,    3, 12,     6,  2,     3,  6,     1, 31,   6198, 6.3e-5
    - 4 :   3, 10,  830,    5,  8,     7,  2,     2, 10,     2, 20,   7277, 6.2e-5
    - 5 :   3, 10,  847,    6,  7,     7,  2,     2, 10,     2, 20,   8278, 6.1e-5
    - 6 :   3, 10,  821,    5,  8,     6,  2,     3,  7,     2, 20,  10127, 6.0e-5
    - 7 :   3, 10,  850,    6,  7,     7,  2,     3,  7,     2, 20,  11658, 6.3e-5
    - 8 :   3, 10,  831,    8,  5,     7,  2,     3,  8,     2, 20,  13900, 6.2e-5
    - 9 :   3, 10,  812,    7,  6,    13,  1,     4,  6,     2, 20,  16248, 6.3e-5
    - 10:   3, 10,  818,    7,  6,    13,  1,     5,  5,     2, 20,  19942, 6.2e-5
    - 11:   3, 10,  822,    7,  6,    13,  1,     7,  4,     2, 20,  27250, 6.2e-5
    - 12:   3, 10,  844,    9,  5,    14,  1,     7,  4,     2, 20,  33067, 6.3e-5
    - 13:   3, 10,  819,   14,  3,    13,  1,     7,  4,     2, 20,  44980, 5.8e-5
    - 14:   3, 10,  827,   14,  3,    13,  1,    10,  3,     2, 20,  63373, 6.2e-5
    - 15:   3, 10,  875,   22,  2,    15,  1,    10,  3,     2, 20,  96888, 6.3e-5
    - 16:   3, 10,  842,   44,  1,    14,  1,    16,  2,     2, 20, 272652, 6.1e-5
    # no solution starting from log norm2 = 17

  - 7: # bits
    -ln2:   k,  N,    n, br_l,br_b, ks_l,ks_b, cb_l,cb_b, pp_l,pp_b,  cost, p_error
    - 0 :   2, 10,  832,    4,  8,     6,  2,     2,  7,     2, 14,   4356, 6.3e-5
    - 1 :   3, 10,  818,    3, 12,     6,  2,     2,  8,     1, 31,   5144, 6.3e-5
    - 2 :   3, 10,  837,    4,  9,     7,  2,     2,  9,     1, 31,   6306, 5.9e-5
    - 3 :   3, 10,  822,    3, 12,     6,  2,     3,  6,     1, 31,   7180, 5.8e-5
    - 4 :   3, 10,  836,    5,  8,     7,  2,     2, 10,     2, 20,   8481, 6.0e-5
    - 5 :   3, 10,  863,    6,  7,     7,  2,     2, 10,     2, 20,   9742, 6.2e-5
    - 6 :   3, 10,  824,    5,  8,     6,  2,     3,  7,     2, 20,  11723, 5.9e-5
    - 7 :   3, 10,  868,    6,  7,     7,  2,     3,  7,     2, 20,  13679, 6.2e-5
    - 8 :   3, 10,  837,    8,  5,     7,  2,     3,  8,     2, 20,  16159, 6.2e-5
    - 9 :   3, 10,  817,    7,  6,    13,  1,     4,  6,     2, 20,  18813, 6.0e-5
    - 10:   3, 10,  825,    7,  6,    13,  1,     5,  5,     2, 20,  23097, 6.1e-5
    - 11:   3, 10,  831,    7,  6,    13,  1,     7,  4,     2, 20,  31557, 6.2e-5
    - 12:   3, 10,  892,    9,  5,    15,  1,     7,  4,     2, 20,  39740, 6.3e-5
    - 13:   3, 10,  825,   14,  3,    13,  1,     7,  4,     2, 20,  52028, 6.3e-5
    - 14:   3, 10,  838,   14,  3,    14,  1,    10,  3,     2, 20,  73585, 6.1e-5
    - 15:   3, 10,  881,   23,  2,    15,  1,    11,  3,     3, 15, 133595, 6.3e-5
    - 16:   3, 10,  872,   44,  1,    14,  1,    16,  2,     2, 20, 323026, 6.3e-5
    # no solution starting from log norm2 = 17

  - 8: # bits
    -ln2:   k,  N,    n, br_l,br_b, ks_l,ks_b, cb_l,cb_b, pp_l,pp_b,  cost, p_error
    - 0 :   2, 10,  836,    4,  8,     7,  2,     2,  7,     2, 14,   5011, 6.3e-5
    - 1 :   3, 10,  820,    3, 12,     6,  2,     2,  8,     1, 31,   5865, 6.2e-5
    - 2 :   3, 10,  844,    4,  9,     7,  2,     2,  9,     1, 31,   7230, 5.9e-5
    - 3 :   3, 10,  824,    3, 12,     6,  2,     3,  6,     1, 31,   8160, 6.1e-5
    - 4 :   3, 10,  843,    5,  8,     7,  2,     2, 10,     2, 20,   9706, 6.0e-5
    - 5 :   3, 10,  887,    6,  7,    14,  1,     2, 10,     2, 20,  11652, 6.3e-5
    - 6 :   3, 10,  823,    5,  8,     7,  2,     3,  7,     2, 20,  13324, 6.3e-5
    - 7 :   3, 10,  922,    6,  7,     8,  2,     3,  7,     2, 20,  16289, 6.3e-5
    - 8 :   3, 10,  845,    8,  5,     7,  2,     3,  8,     2, 20,  18477, 6.0e-5
    - 9 :   3, 10,  822,    7,  6,    13,  1,     4,  6,     2, 20,  21403, 6.2e-5
    - 10:   3, 10,  834,    7,  6,    13,  1,     5,  5,     2, 20,  26339, 6.1e-5
    - 11:   3, 10,  842,    7,  6,    14,  1,     7,  4,     2, 20,  36038, 6.2e-5
    - 12:   3, 10,  805,   11,  4,    13,  1,     7,  4,     2, 20,  47830, 6.2e-5
    - 13:   3, 10,  834,   14,  3,    13,  1,     7,  4,     2, 20,  59341, 6.3e-5
    - 14:   3, 10,  856,   14,  3,    14,  1,    10,  3,     2, 20,  84560, 6.3e-5
    - 15:   3, 10,  820,   22,  2,    13,  1,    15,  2,     2, 20, 174052, 5.8e-5
    - 16:   3, 10,  856,   45,  1,    14,  1,    16,  2,     3, 15, 375856, 6.3e-5
    # no solution starting from log norm2 = 17

  - 9: # bits
    -ln2:   k,  N,    n, br_l,br_b, ks_l,ks_b, cb_l,cb_b, pp_l,pp_b,  cost, p_error
    - 0 :   3, 10,  888,    3, 12,     7,  2,     3,  6,     1, 31,   9720, 5.9e-5
    - 1 :   3, 10,  899,    5,  8,     7,  2,     2, 10,     2, 20,  11409, 6.1e-5
    - 2 :   3, 10,  933,    3, 12,     8,  2,     4,  5,     1, 31,  12921, 6.3e-5
    - 3 :   3, 10,  889,    5,  8,     7,  2,     3,  7,     2, 20,  15744, 6.0e-5
    - 4 :   3, 10,  911,    6,  7,     7,  2,     3,  7,     2, 20,  18001, 6.3e-5
    - 5 :   3, 10,  937,    5,  8,    16,  1,     4,  6,     2, 20,  21446, 6.3e-5
    - 6 :   3, 10,  896,    7,  6,     7,  2,     4,  6,     2, 20,  25222, 6.1e-5
    - 7 :   3, 10,  885,    7,  6,    14,  1,     5,  5,     2, 20,  30799, 6.2e-5
    - 8 :   3, 10,  940,    9,  5,    16,  1,     5,  5,     2, 20,  38654, 6.3e-5
    - 9 :   3, 10,  899,    9,  5,    15,  1,     7,  4,     2, 20,  50370, 6.3e-5
    - 10:   3, 10,  884,   14,  3,    15,  1,     7,  4,     2, 20,  69640, 6.1e-5
    - 11:   3, 10,  890,   14,  3,    15,  1,    10,  3,     2, 20,  97423, 6.1e-5
    - 12:   3, 10,  909,   22,  2,    15,  1,    10,  3,     2, 20, 144786, 6.3e-5
    - 13:   3, 10,  898,   44,  1,    15,  1,    16,  2,     2, 20, 416952, 6.1e-5
    # no solution starting from log norm2 = 14

  - 10: # bits
    -ln2:   k,  N,    n, br_l,br_b, ks_l,ks_b, cb_l,cb_b, pp_l,pp_b,  cost, p_error
    - 0 :   3, 10,  889,    3, 12,     7,  2,     3,  6,     1, 31,  10759, 5.9e-5
    - 1 :   3, 10,  902,    5,  8,     7,  2,     2, 10,     2, 20,  12672, 6.1e-5
    - 2 :   3, 10,  918,    6,  7,     7,  2,     2, 10,     2, 20,  14455, 6.3e-5
    - 3 :   3, 10,  890,    5,  8,     7,  2,     3,  7,     2, 20,  17422, 6.1e-5
    - 4 :   3, 10,  918,    6,  7,     7,  2,     3,  7,     2, 20,  20026, 6.3e-5
    - 5 :   3, 10,  903,    8,  5,     7,  2,     3,  8,     2, 20,  24115, 6.1e-5
    - 6 :   3, 10,  898,    7,  6,     7,  2,     4,  6,     2, 20,  27914, 6.2e-5
    - 7 :   3, 10,  888,    7,  6,    14,  1,     5,  5,     2, 20,  34088, 6.2e-5
    - 8 :   3, 10,  890,    7,  6,    15,  1,     7,  4,     2, 20,  46251, 6.3e-5
    - 9 :   3, 10,  907,    9,  5,    15,  1,     7,  4,     2, 20,  55957, 6.3e-5
    - 10:   3, 10,  887,   14,  3,    15,  1,     7,  4,     2, 20,  77056, 6.1e-5
    - 11:   3, 10,  894,   14,  3,    15,  1,    10,  3,     2, 20, 107807, 6.2e-5
    - 12:   3, 10,  924,   22,  2,    16,  1,    10,  3,     2, 20, 162060, 6.3e-5
    - 13:   3, 10,  905,   44,  1,    15,  1,    16,  2,     2, 20, 462736, 6.2e-5
    # no solution starting from log norm2 = 14

  - 11: # bits
    -ln2:   k,  N,    n, br_l,br_b, ks_l,ks_b, cb_l,cb_b, pp_l,pp_b,  cost, p_error
    - 0 :   3, 10,  890,    3, 12,     7,  2,     3,  6,     1, 31,  11801, 6.0e-5
    - 1 :   3, 10,  905,    5,  8,     7,  2,     2, 10,     2, 20,  13942, 6.3e-5
    - 2 :   3, 10,  922,    6,  7,     8,  2,     2, 10,     2, 20,  15986, 6.3e-5
    - 3 :   3, 10,  891,    5,  8,     7,  2,     3,  7,     2, 20,  19103, 6.3e-5
    - 4 :   3, 10,  922,    6,  7,     8,  2,     3,  7,     2, 20,  22083, 6.2e-5
    - 5 :   3, 10,  907,    8,  5,     7,  2,     3,  8,     2, 20,  26527, 6.1e-5
    - 6 :   3, 10,  901,    7,  6,     7,  2,     4,  6,     2, 20,  30641, 6.1e-5
    - 7 :   3, 10,  890,    7,  6,    15,  1,     5,  5,     2, 20,  37424, 6.1e-5
    - 8 :   3, 10,  894,    7,  6,    15,  1,     7,  4,     2, 20,  50738, 6.3e-5
    - 9 :   3, 10,  920,    9,  5,    15,  1,     7,  4,     2, 20,  61888, 6.3e-5
    - 10:   3, 10,  890,   14,  3,    15,  1,     7,  4,     2, 20,  84514, 6.2e-5
    - 11:   3, 10,  899,   14,  3,    15,  1,    10,  3,     2, 20, 118380, 6.2e-5
    - 12:   3, 10,  941,   22,  2,    16,  1,    10,  3,     3, 15, 188713, 6.3e-5
    - 13:   3, 10,  915,   44,  1,    15,  1,    16,  2,     2, 20, 510729, 6.3e-5
    # no solution starting from log norm2 = 14

  - 12: # bits
    -ln2:   k,  N,    n, br_l,br_b, ks_l,ks_b, cb_l,cb_b, pp_l,pp_b,  cost, p_error
    - 0 :   3, 10,  893,    3, 12,     7,  2,     3,  6,     1, 31,  14744, 6.2e-5
    - 1 :   3, 10,  920,    5,  8,     7,  2,     2, 10,     2, 20,  17569, 6.2e-5
    - 2 :   3, 10,  903,    4,  9,     7,  2,     3,  7,     2, 20,  21077, 6.1e-5
    - 3 :   3, 10,  896,    5,  8,     7,  2,     3,  7,     2, 20,  23904, 6.0e-5
    - 4 :   3, 10,  954,    6,  7,    16,  1,     3,  7,     2, 20,  28917, 6.3e-5
    - 5 :   3, 10,  918,    8,  5,     8,  2,     3,  8,     2, 20,  33449, 6.2e-5
    - 6 :   3, 10,  894,    7,  6,    14,  1,     4,  6,     2, 20,  38524, 6.3e-5
    - 7 :   3, 10,  902,    7,  6,    15,  1,     5,  5,     2, 20,  47166, 6.2e-5
    - 8 :   3, 10,  913,    7,  6,    15,  1,     7,  4,     2, 20,  64351, 6.3e-5
    - 9 :   3, 10,  877,   11,  4,    15,  1,     7,  4,     2, 20,  86254, 6.3e-5
    - 10:   3, 10,  902,   14,  3,    15,  1,     7,  4,     2, 20, 106673, 6.3e-5
    - 11:   3, 10,  928,   14,  3,    16,  1,    10,  3,     2, 20, 151939, 6.3e-5
    - 12:   3, 10,  889,   22,  2,    15,  1,    15,  2,     2, 20, 313115, 6.3e-5
    - 13:   3, 10,  928,   45,  1,    16,  1,    16,  2,     3, 15, 677410, 6.3e-5
    # no solution starting from log norm2 = 14

  - 13: # bits
    -ln2:   k,  N,    n, br_l,br_b, ks_l,ks_b, cb_l,cb_b, pp_l,pp_b,  cost, p_error
    - 0 :   3, 10,  894,    3, 12,     7,  2,     3,  6,     1, 31,  15795, 6.3e-5
    - 1 :   3, 10,  921,    5,  8,     8,  2,     2, 10,     2, 20,  18927, 6.3e-5
    - 2 :   3, 10,  905,    4,  9,     7,  2,     3,  7,     2, 20,  22586, 6.3e-5
    - 3 :   3, 10,  897,    5,  8,     7,  2,     3,  7,     2, 20,  25602, 6.2e-5
    - 4 :   3, 10,  894,    7,  6,     7,  2,     3,  8,     2, 20,  31825, 6.0e-5
    - 5 :   3, 10,  905,    8,  5,    15,  1,     3,  8,     2, 20,  35993, 6.3e-5
    - 6 :   3, 10,  895,    7,  6,    15,  1,     4,  6,     2, 20,  41324, 6.2e-5
    - 7 :   3, 10,  908,    7,  6,    15,  1,     5,  5,     2, 20,  50683, 6.2e-5
    - 8 :   3, 10,  926,    7,  6,    15,  1,     7,  4,     2, 20,  69506, 6.3e-5
    - 9 :   3, 10,  878,   11,  4,    15,  1,     7,  4,     2, 20,  92259, 6.3e-5
    - 10:   3, 10,  908,   14,  3,    15,  1,     7,  4,     2, 20, 114650, 6.3e-5
    - 11:   3, 10,  901,   15,  3,    15,  1,    10,  3,     2, 20, 167237, 6.2e-5
    - 12:   3, 10,  892,   22,  2,    15,  1,    15,  2,     2, 20, 335329, 6.2e-5
    - 13:   3, 10,  921,   44,  1,    15,  1,    31,  1,     2, 20, 1299239, 6.3e-5
    # no solution starting from log norm2 = 14

  - 14: # bits
    -ln2:   k,  N,    n, br_l,br_b, ks_l,ks_b, cb_l,cb_b, pp_l,pp_b,  cost, p_error
    - 0 :   3, 10,  894,    3, 12,     7,  2,     3,  6,     1, 31,  15795, 6.3e-5
    - 1 :   3, 10,  921,    5,  8,     8,  2,     2, 10,     2, 20,  18927, 6.3e-5
    - 2 :   3, 10,  905,    4,  9,     7,  2,     3,  7,     2, 20,  22586, 6.3e-5
    - 3 :   3, 10,  897,    5,  8,     7,  2,     3,  7,     2, 20,  25602, 6.2e-5
    - 4 :   3, 10,  894,    7,  6,     7,  2,     3,  8,     2, 20,  31825, 6.0e-5
    - 5 :   3, 10,  905,    8,  5,    15,  1,     3,  8,     2, 20,  35993, 6.3e-5
    - 6 :   3, 10,  895,    7,  6,    15,  1,     4,  6,     2, 20,  41324, 6.2e-5
    - 7 :   3, 10,  908,    7,  6,    15,  1,     5,  5,     2, 20,  50683, 6.2e-5
    - 8 :   3, 10,  926,    7,  6,    15,  1,     7,  4,     2, 20,  69506, 6.3e-5
    - 9 :   3, 10,  878,   11,  4,    15,  1,     7,  4,     2, 20,  92259, 6.3e-5
    - 10:   3, 10,  908,   14,  3,    15,  1,     7,  4,     2, 20, 114650, 6.3e-5
    - 11:   3, 10,  901,   15,  3,    15,  1,    10,  3,     2, 20, 167237, 6.2e-5
    - 12:   3, 10,  892,   22,  2,    15,  1,    15,  2,     2, 20, 335329, 6.2e-5
    - 13:   3, 10,  921,   44,  1,    15,  1,    31,  1,     2, 20, 1299239, 6.3e-5
    # no solution starting from log norm2 = 14

  - 15: # bits
    -ln2:   k,  N,    n, br_l,br_b, ks_l,ks_b, cb_l,cb_b, pp_l,pp_b,  cost, p_error
    - 0 :   3, 10,  894,    3, 12,     7,  2,     3,  6,     1, 31,  15795, 6.3e-5
    - 1 :   3, 10,  921,    5,  8,     8,  2,     2, 10,     2, 20,  18927, 6.3e-5
    - 2 :   3, 10,  905,    4,  9,     7,  2,     3,  7,     2, 20,  22586, 6.3e-5
    - 3 :   3, 10,  897,    5,  8,     7,  2,     3,  7,     2, 20,  25602, 6.2e-5
    - 4 :   3, 10,  894,    7,  6,     7,  2,     3,  8,     2, 20,  31825, 6.0e-5
    - 5 :   3, 10,  905,    8,  5,    15,  1,     3,  8,     2, 20,  35993, 6.3e-5
    - 6 :   3, 10,  895,    7,  6,    15,  1,     4,  6,     2, 20,  41324, 6.2e-5
    - 7 :   3, 10,  908,    7,  6,    15,  1,     5,  5,     2, 20,  50683, 6.2e-5
    - 8 :   3, 10,  926,    7,  6,    15,  1,     7,  4,     2, 20,  69506, 6.3e-5
    - 9 :   3, 10,  878,   11,  4,    15,  1,     7,  4,     2, 20,  92259, 6.3e-5
    - 10:   3, 10,  908,   14,  3,    15,  1,     7,  4,     2, 20, 114650, 6.3e-5
    - 11:   3, 10,  901,   15,  3,    15,  1,    10,  3,     2, 20, 167237, 6.2e-5
    - 12:   3, 10,  892,   22,  2,    15,  1,    15,  2,     2, 20, 335329, 6.2e-5
    - 13:   3, 10,  921,   44,  1,    15,  1,    31,  1,     2, 20, 1299239, 6.3e-5
    # no solution starting from log norm2 = 14

  - 16: # bits
    -ln2:   k,  N,    n, br_l,br_b, ks_l,ks_b, cb_l,cb_b, pp_l,pp_b,  cost, p_error
    - 0 :   3, 10,  897,    3, 12,     7,  2,     3,  6,     1, 31,  17738, 6.2e-5
    - 1 :   3, 10,  938,    5,  8,     8,  2,     2, 10,     2, 20,  21447, 6.3e-5
    - 2 :   3, 10,  911,    4,  9,     7,  2,     3,  7,     2, 20,  25420, 6.3e-5
    - 3 :   3, 10,  900,    5,  8,     7,  2,     3,  7,     2, 20,  28741, 6.3e-5
    - 4 :   3, 10,  896,    7,  6,     7,  2,     3,  8,     2, 20,  35683, 6.2e-5
    - 5 :   3, 10,  922,    8,  5,    15,  1,     3,  8,     2, 20,  40890, 6.3e-5
    - 6 :   3, 10,  903,    7,  6,    15,  1,     4,  6,     2, 20,  46633, 6.2e-5
    - 7 :   3, 10,  928,    7,  6,    15,  1,     5,  5,     2, 20,  57809, 6.3e-5
    - 8 :   3, 10,  885,    8,  5,    14,  1,     7,  4,     2, 20,  82493, 6.1e-5
    - 9 :   3, 10,  881,   11,  4,    14,  1,     7,  4,     2, 20, 103729, 6.3e-5
    - 10:   3, 10,  928,   14,  3,    16,  1,     7,  4,     2, 20, 131160, 6.3e-5
    - 11:   3, 10,  913,   15,  3,    15,  1,    10,  3,     2, 20, 189937, 6.3e-5
    - 12:   3, 10,  898,   22,  2,    15,  1,    15,  2,     2, 20, 379006, 6.3e-5
    - 13:   3, 10,  918,   44,  1,    15,  1,    32,  1,     2, 20, 1502026, 6.3e-5
    # no solution starting from log norm2 = 14
