security level: 192
target p_error: 6.3e-5
per precision and log norm2:

  - 1: # bits
    -ln2:   k,  N,    n, br_l,br_b, ks_l,ks_b, cb_l,cb_b,  cost, p_error
    - 0 :   3, 10, 1113,    4,  9,     5,  3,     1, 13,    629, 6.2e-5
    - 1 :   3, 10, 1107,    2, 15,     8,  2,     2,  7,    695, 6.3e-5
    - 2 :   3, 10, 1064,    3, 12,     7,  2,     2,  8,    941, 6.2e-5
    - 3 :   3, 10, 1082,    3, 12,     7,  2,     2,  8,    950, 6.3e-5
    - 4 :   3, 10, 1069,    4,  9,     7,  2,     2,  9,   1213, 6.1e-5
    - 5 :   3, 10, 1109,    4,  9,    15,  1,     2,  9,   1289, 6.3e-5
    - 6 :   3, 10, 1081,    6,  7,     7,  2,     2, 10,   1762, 6.3e-5
    - 7 :   3, 10, 1100,    7,  6,     8,  2,     2, 10,   2057, 6.3e-5
    - 8 :   3, 10, 1104,    5,  8,     8,  2,     3,  7,   2245, 6.3e-5
    - 9 :   3, 10, 1095,    5,  8,     8,  2,     4,  6,   2964, 6.2e-5
    - 10:   3, 10, 1119,    6,  7,     8,  2,     4,  6,   3548, 6.3e-5
    - 11:   3, 10, 1099,    8,  5,     8,  2,     4,  6,   4607, 6.3e-5
    - 12:   3, 10, 1091,    8,  5,    15,  1,     5,  5,   5769, 6.3e-5
    - 13:   3, 10, 1088,    8,  5,    15,  1,     7,  4,   8028, 6.3e-5
    - 14:   3, 10, 1076,   11,  4,    15,  1,     7,  4,  10821, 6.2e-5
    - 15:   3, 10, 1117,   11,  4,    16,  1,    10,  3,  15710, 6.3e-5
    - 16:   3, 10, 1080,   14,  3,    15,  1,    15,  2,  29210, 6.3e-5
    - 17:   3, 10, 1097,   22,  2,    15,  1,    16,  2,  48836, 6.3e-5
    # no solution starting from log norm2 = 18

  - 2: # bits
    -ln2:   k,  N,    n, br_l,br_b, ks_l,ks_b, cb_l,cb_b,  cost, p_error
    - 0 :   3, 10, 1122,    5,  8,     8,  2,     1, 14,   1956, 6.3e-5
    - 1 :   3, 10, 1069,    3, 12,     7,  2,     2,  8,   2122, 6.2e-5
    - 2 :   3, 10, 1118,    3, 12,    15,  1,     2,  8,   2284, 6.3e-5
    - 3 :   3, 10, 1081,    4,  9,     7,  2,     2,  9,   2741, 6.3e-5
    - 4 :   3, 10, 1096,    5,  8,     8,  2,     2, 10,   3385, 6.3e-5
    - 5 :   3, 10, 1086,    4,  9,     7,  2,     3,  7,   3927, 6.2e-5
    - 6 :   3, 10, 1077,    5,  8,     7,  2,     3,  7,   4783, 6.2e-5
    - 7 :   3, 10, 1114,    6,  7,     8,  2,     3,  7,   5775, 6.3e-5
    - 8 :   3, 10, 1079,    6,  7,     7,  2,     4,  6,   7379, 6.2e-5
    - 9 :   3, 10, 1088,    7,  6,     8,  2,     4,  6,   8574, 6.3e-5
    - 10:   3, 10, 1076,    7,  6,    15,  1,     5,  5,  10597, 6.3e-5
    - 11:   3, 10, 1088,    7,  6,    15,  1,     7,  4,  14649, 6.3e-5
    - 12:   3, 10, 1072,    8,  5,    15,  1,     9,  3,  20988, 6.3e-5
    - 13:   3, 10, 1076,   14,  3,    15,  1,     7,  4,  28244, 6.3e-5
    - 14:   3, 10, 1096,   14,  3,    15,  1,    10,  3,  40236, 6.3e-5
    - 15:   3, 10, 1103,   21,  2,    16,  1,    15,  2,  89138, 6.3e-5
    - 16:   3, 10, 1118,   44,  1,    16,  1,    16,  2, 198345, 6.3e-5
    # no solution starting from log norm2 = 17

  - 3: # bits
    -ln2:   k,  N,    n, br_l,br_b, ks_l,ks_b, cb_l,cb_b,  cost, p_error
    - 0 :   3, 10, 1075,    3, 12,     7,  2,     2,  8,   3311, 6.2e-5
    - 1 :   3, 10, 1066,    4,  9,     7,  2,     2,  9,   4226, 6.3e-5
    - 2 :   3, 10, 1103,    4,  9,     7,  2,     2,  9,   4313, 6.3e-5
    - 3 :   3, 10, 1067,    4,  9,     7,  2,     3,  7,   5982, 6.2e-5
    - 4 :   3, 10, 1106,    4,  9,     8,  2,     3,  7,   6125, 6.3e-5
    - 5 :   3, 10, 1090,    5,  8,     7,  2,     3,  7,   7405, 6.3e-5
    - 6 :   3, 10, 1085,    5,  8,     7,  2,     4,  6,   9561, 6.2e-5
    - 7 :   3, 10, 1091,    6,  7,     8,  2,     4,  6,  11368, 6.3e-5
    - 8 :   3, 10, 1102,    7,  6,    15,  1,     4,  6,  13335, 6.3e-5
    - 9 :   3, 10, 1070,    8,  5,    15,  1,     5,  5,  18238, 6.3e-5
    - 10:   3, 10, 1069,    8,  5,    15,  1,     7,  4,  24970, 6.2e-5
    - 11:   3, 10, 1063,   11,  4,    15,  1,     7,  4,  33734, 6.3e-5
    - 12:   3, 10, 1093,   15,  3,    15,  1,     7,  4,  46159, 6.3e-5
    - 13:   3, 10, 1065,   14,  3,    15,  1,    15,  2,  88884, 6.3e-5
    - 14:   3, 10, 1087,   22,  2,    15,  1,    15,  2, 139663, 6.2e-5
    - 15:   3, 10, 1102,   45,  1,    16,  1,    32,  1, 600918, 6.3e-5
    # no solution starting from log norm2 = 16

  - 4: # bits
    -ln2:   k,  N,    n, br_l,br_b, ks_l,ks_b, cb_l,cb_b,  cost, p_error
    - 0 :   3, 10, 1106,    3, 12,     7,  2,     2,  8,   6497, 6.3e-5
    - 1 :   3, 10, 1074,    4,  9,     7,  2,     2,  9,   8193, 6.3e-5
    - 2 :   3, 10, 1119,    3, 12,     8,  2,     3,  6,   9349, 6.3e-5
    - 3 :   3, 10, 1077,    4,  9,     7,  2,     3,  7,  11728, 6.2e-5
    - 4 :   3, 10, 1072,    5,  8,     7,  2,     3,  7,  14314, 6.1e-5
    - 5 :   3, 10, 1091,    6,  7,     8,  2,     3,  7,  17130, 6.2e-5
    - 6 :   3, 10, 1073,    6,  7,     7,  2,     4,  6,  22072, 6.2e-5
    - 7 :   3, 10, 1080,    7,  6,     7,  2,     4,  6,  25586, 6.3e-5
    - 8 :   3, 10, 1064,    7,  6,    15,  1,     5,  5,  31606, 6.2e-5
    - 9 :   3, 10, 1119,    9,  5,    16,  1,     5,  5,  41146, 6.3e-5
    - 10:   3, 10, 1085,    9,  5,    15,  1,     7,  4,  55657, 6.3e-5
    - 11:   3, 10, 1064,   14,  3,    15,  1,     7,  4,  84261, 6.1e-5
    - 12:   3, 10, 1071,   14,  3,    15,  1,    10,  3, 119336, 6.3e-5
    - 13:   3, 10, 1091,   22,  2,    15,  1,    10,  3, 187230, 6.3e-5
    - 14:   3, 10, 1111,   22,  2,    16,  1,    31,  1, 575133, 6.3e-5
    # no solution starting from log norm2 = 15

  - 5: # bits
    -ln2:   k,  N,    n, br_l,br_b, ks_l,ks_b, cb_l,cb_b,  cost, p_error
    - 0 :   3, 10, 1106,    3, 12,     7,  2,     2,  8,   6497, 6.3e-5
    - 1 :   3, 10, 1074,    4,  9,     7,  2,     2,  9,   8193, 6.3e-5
    - 2 :   3, 10, 1119,    3, 12,     8,  2,     3,  6,   9349, 6.3e-5
    - 3 :   3, 10, 1077,    4,  9,     7,  2,     3,  7,  11728, 6.2e-5
    - 4 :   3, 10, 1072,    5,  8,     7,  2,     3,  7,  14314, 6.1e-5
    - 5 :   3, 10, 1091,    6,  7,     8,  2,     3,  7,  17130, 6.2e-5
    - 6 :   3, 10, 1073,    6,  7,     7,  2,     4,  6,  22072, 6.2e-5
    - 7 :   3, 10, 1080,    7,  6,     7,  2,     4,  6,  25586, 6.3e-5
    - 8 :   3, 10, 1064,    7,  6,    15,  1,     5,  5,  31606, 6.2e-5
    - 9 :   3, 10, 1119,    9,  5,    16,  1,     5,  5,  41146, 6.3e-5
    - 10:   3, 10, 1085,    9,  5,    15,  1,     7,  4,  55657, 6.3e-5
    - 11:   3, 10, 1064,   14,  3,    15,  1,     7,  4,  84261, 6.1e-5
    - 12:   3, 10, 1071,   14,  3,    15,  1,    10,  3, 119336, 6.3e-5
    - 13:   3, 10, 1091,   22,  2,    15,  1,    10,  3, 187230, 6.3e-5
    - 14:   3, 10, 1111,   22,  2,    16,  1,    31,  1, 575133, 6.3e-5
    # no solution starting from log norm2 = 15

  - 6: # bits
    -ln2:   k,  N,    n, br_l,br_b, ks_l,ks_b, cb_l,cb_b,  cost, p_error
    - 0 :   3, 10, 1113,    3, 12,     8,  2,     2,  8,   7776, 6.3e-5
    - 1 :   3, 10, 1078,    4,  9,     7,  2,     2,  9,   9728, 6.2e-5
    - 2 :   3, 10, 1094,    5,  8,     7,  2,     2, 10,  11975, 6.2e-5
    - 3 :   3, 10, 1081,    4,  9,     7,  2,     3,  7,  13861, 6.2e-5
    - 4 :   3, 10, 1074,    5,  8,     7,  2,     3,  7,  16897, 6.2e-5
    - 5 :   3, 10, 1100,    6,  7,     8,  2,     3,  7,  20292, 6.3e-5
    - 6 :   3, 10, 1076,    6,  7,     7,  2,     4,  6,  26002, 6.2e-5
    - 7 :   3, 10, 1086,    7,  6,     7,  2,     4,  6,  30184, 6.2e-5
    - 8 :   3, 10, 1069,    7,  6,    15,  1,     5,  5,  37206, 6.3e-5
    - 9 :   3, 10, 1077,    7,  6,    15,  1,     7,  4,  51247, 6.2e-5
    - 10:   3, 10, 1111,    9,  5,    16,  1,     7,  4,  66090, 6.3e-5
    - 11:   3, 10, 1069,   14,  3,    15,  1,     7,  4,  98996, 6.3e-5
    - 12:   3, 10, 1081,   14,  3,    15,  1,    10,  3, 140333, 6.3e-5
    - 13:   3, 10, 1119,   22,  2,    16,  1,    11,  3, 243514, 6.3e-5
    - 14:   3, 10, 1089,   44,  1,    15,  1,    16,  2, 686792, 6.3e-5
    # no solution starting from log norm2 = 15

  - 7: # bits
    -ln2:   k,  N,    n, br_l,br_b, ks_l,ks_b, cb_l,cb_b,  cost, p_error
    - 0 :   3, 10, 1118,    3, 12,    15,  1,     2,  8,   9384, 6.3e-5
    - 1 :   3, 10, 1081,    4,  9,     7,  2,     2,  9,  11265, 6.3e-5
    - 2 :   3, 10, 1096,    5,  8,     8,  2,     2, 10,  13910, 6.3e-5
    - 3 :   3, 10, 1086,    4,  9,     7,  2,     3,  7,  16012, 6.2e-5
    - 4 :   3, 10, 1077,    5,  8,     7,  2,     3,  7,  19496, 6.2e-5
    - 5 :   3, 10, 1114,    6,  7,     8,  2,     3,  7,  23542, 6.3e-5
    - 6 :   3, 10, 1079,    6,  7,     7,  2,     4,  6,  29943, 6.2e-5
    - 7 :   3, 10, 1088,    7,  6,     8,  2,     4,  6,  34792, 6.3e-5
    - 8 :   3, 10, 1076,    7,  6,    15,  1,     5,  5,  42876, 6.3e-5
    - 9 :   3, 10, 1088,    7,  6,    15,  1,     7,  4,  59089, 6.3e-5
    - 10:   3, 10, 1072,    8,  5,    15,  1,     9,  3,  84502, 6.3e-5
    - 11:   3, 10, 1076,   14,  3,    15,  1,     7,  4, 113908, 6.3e-5
    - 12:   3, 10, 1096,   14,  3,    15,  1,    10,  3, 161892, 6.3e-5
    - 13:   3, 10, 1103,   21,  2,    16,  1,    15,  2, 357958, 6.3e-5
    - 14:   3, 10, 1118,   44,  1,    16,  1,    16,  2, 796310, 6.3e-5
    # no solution starting from log norm2 = 15

  - 8: # bits
    -ln2:   k,  N,    n, br_l,br_b, ks_l,ks_b, cb_l,cb_b,  cost, p_error
    - 0 :   3, 10, 1064,    4,  9,     7,  2,     2,  9,  12666, 6.3e-5
    - 1 :   3, 10, 1085,    4,  9,     7,  2,     2,  9,  12813, 6.3e-5
    - 2 :   3, 10, 1106,    5,  8,     8,  2,     2, 10,  15871, 6.3e-5
    - 3 :   3, 10, 1091,    4,  9,     7,  2,     3,  7,  18174, 6.3e-5
    - 4 :   3, 10, 1080,    5,  8,     7,  2,     3,  7,  22103, 6.2e-5
    - 5 :   3, 10, 1111,    6,  7,    16,  1,     3,  7,  27079, 6.3e-5
    - 6 :   3, 10, 1083,    6,  7,     7,  2,     4,  6,  33913, 6.2e-5
    - 7 :   3, 10, 1073,    7,  6,    15,  1,     4,  6,  39431, 6.3e-5
    - 8 :   3, 10, 1086,    7,  6,    15,  1,     5,  5,  48658, 6.3e-5
    - 9 :   3, 10, 1108,    7,  6,    16,  1,     7,  4,  67360, 6.3e-5
    - 10:   3, 10, 1080,    8,  5,    15,  1,     9,  3,  95633, 6.2e-5
    - 11:   3, 10, 1085,   14,  3,    15,  1,     7,  4, 129038, 6.3e-5
    - 12:   3, 10, 1080,   15,  3,    15,  1,    10,  3, 193703, 6.2e-5
    - 13:   3, 10, 1068,   22,  2,    15,  1,    15,  2, 415408, 6.3e-5
    - 14:   3, 10, 1088,   44,  1,    15,  1,    31,  1, 1697975, 6.3e-5
    # no solution starting from log norm2 = 15

  - 9: # bits
    -ln2:   k,  N,    n, br_l,br_b, ks_l,ks_b, cb_l,cb_b,  cost, p_error
    - 0 :   3, 10, 1090,    4,  9,     7,  2,     2,  9,  14377, 6.3e-5
    - 1 :   3, 10, 1124,    5,  8,     8,  2,     2, 10,  17930, 6.3e-5
    - 2 :   3, 10, 1098,    4,  9,     7,  2,     3,  7,  20369, 6.3e-5
    - 3 :   3, 10, 1083,    5,  8,     7,  2,     3,  7,  24718, 6.2e-5
    - 4 :   3, 10, 1079,    5,  8,     7,  2,     4,  6,  31895, 6.2e-5
    - 5 :   3, 10, 1087,    6,  7,     7,  2,     4,  6,  37900, 6.2e-5
    - 6 :   3, 10, 1080,    7,  6,    15,  1,     4,  6,  44130, 6.2e-5
    - 7 :   3, 10, 1101,    7,  6,    15,  1,     5,  5,  54629, 6.3e-5
    - 8 :   3, 10, 1062,    8,  5,    15,  1,     7,  4,  83135, 6.3e-5
    - 9 :   3, 10, 1089,    8,  5,    15,  1,     9,  3, 106898, 6.3e-5
    - 10:   3, 10, 1098,   14,  3,    16,  1,     7,  4, 144627, 6.3e-5
    - 11:   3, 10, 1090,   15,  3,    15,  1,    10,  3, 216552, 6.3e-5
    - 12:   3, 10, 1073,   22,  2,    15,  1,    15,  2, 463088, 6.3e-5
    - 13:   3, 10, 1103,   44,  1,    16,  1,    31,  1, 1900131, 6.3e-5
    # no solution starting from log norm2 = 14

  - 10: # bits
    -ln2:   k,  N,    n, br_l,br_b, ks_l,ks_b, cb_l,cb_b,  cost, p_error
    - 0 :   3, 10, 1096,    4,  9,     7,  2,     2,  9,  15958, 6.3e-5
    - 1 :   3, 10, 1126,    5,  8,    16,  1,     2,  9,  20439, 6.3e-5
    - 2 :   3, 10, 1098,    4,  9,     8,  2,     3,  7,  22568, 6.3e-5
    - 3 :   3, 10, 1086,    5,  8,     7,  2,     3,  7,  27342, 6.3e-5
    - 4 :   3, 10, 1082,    5,  8,     7,  2,     4,  6,  35247, 6.2e-5
    - 5 :   3, 10, 1087,    6,  7,     8,  2,     4,  6,  41889, 6.3e-5
    - 6 :   3, 10, 1088,    7,  6,    15,  1,     4,  6,  48886, 6.3e-5
    - 7 :   3, 10, 1067,    8,  5,    15,  1,     5,  5,  67139, 6.2e-5
    - 8 :   3, 10, 1065,    8,  5,    15,  1,     7,  4,  91745, 6.3e-5
    - 9 :   3, 10, 1104,    8,  5,    16,  1,     9,  3, 118662, 6.3e-5
    - 10:   3, 10, 1083,   15,  3,    15,  1,     7,  4, 169129, 6.3e-5
    - 11:   3, 10, 1105,   15,  3,    16,  1,    10,  3, 240226, 6.3e-5
    - 12:   3, 10, 1079,   22,  2,    15,  1,    15,  2, 511215, 6.3e-5
    - 13:   3, 10, 1113,   45,  1,    16,  1,    31,  1, 2147493, 6.3e-5
    # no solution starting from log norm2 = 14

  - 11: # bits
    -ln2:   k,  N,    n, br_l,br_b, ks_l,ks_b, cb_l,cb_b,  cost, p_error
    - 0 :   3, 10, 1103,    4,  9,     7,  2,     2,  9,  17559, 6.3e-5
    - 1 :   3, 10, 1067,    4,  9,     7,  2,     3,  7,  24224, 6.2e-5
    - 2 :   3, 10, 1106,    4,  9,     8,  2,     3,  7,  24807, 6.3e-5
    - 3 :   3, 10, 1090,    5,  8,     7,  2,     3,  7,  29989, 6.3e-5
    - 4 :   3, 10, 1085,    5,  8,     7,  2,     4,  6,  38610, 6.2e-5
    - 5 :   3, 10, 1091,    6,  7,     8,  2,     4,  6,  45906, 6.3e-5
    - 6 :   3, 10, 1102,    7,  6,    15,  1,     4,  6,  53841, 6.3e-5
    - 7 :   3, 10, 1070,    8,  5,    15,  1,     5,  5,  73500, 6.3e-5
    - 8 :   3, 10, 1069,    8,  5,    15,  1,     7,  4, 100429, 6.2e-5
    - 9 :   3, 10, 1063,   11,  4,    15,  1,     7,  4, 135667, 6.3e-5
    - 10:   3, 10, 1093,   15,  3,    15,  1,     7,  4, 185645, 6.3e-5
    - 11:   3, 10, 1065,   14,  3,    15,  1,    15,  2, 356458, 6.3e-5
    - 12:   3, 10, 1087,   22,  2,    15,  1,    15,  2, 560103, 6.2e-5
    - 13:   3, 10, 1102,   45,  1,    16,  1,    32,  1, 2406628, 6.3e-5
    # no solution starting from log norm2 = 14

  - 12: # bits
    -ln2:   k,  N,    n, br_l,br_b, ks_l,ks_b, cb_l,cb_b,  cost, p_error
    - 0 :   3, 10, 1103,    4,  9,     7,  2,     2,  9,  17559, 6.3e-5
    - 1 :   3, 10, 1067,    4,  9,     7,  2,     3,  7,  24224, 6.2e-5
    - 2 :   3, 10, 1106,    4,  9,     8,  2,     3,  7,  24807, 6.3e-5
    - 3 :   3, 10, 1090,    5,  8,     7,  2,     3,  7,  29989, 6.3e-5
    - 4 :   3, 10, 1085,    5,  8,     7,  2,     4,  6,  38610, 6.2e-5
    - 5 :   3, 10, 1091,    6,  7,     8,  2,     4,  6,  45906, 6.3e-5
    - 6 :   3, 10, 1102,    7,  6,    15,  1,     4,  6,  53841, 6.3e-5
    - 7 :   3, 10, 1070,    8,  5,    15,  1,     5,  5,  73500, 6.3e-5
    - 8 :   3, 10, 1069,    8,  5,    15,  1,     7,  4, 100429, 6.2e-5
    - 9 :   3, 10, 1063,   11,  4,    15,  1,     7,  4, 135667, 6.3e-5
    - 10:   3, 10, 1093,   15,  3,    15,  1,     7,  4, 185645, 6.3e-5
    - 11:   3, 10, 1065,   14,  3,    15,  1,    15,  2, 356458, 6.3e-5
    - 12:   3, 10, 1087,   22,  2,    15,  1,    15,  2, 560103, 6.2e-5
    - 13:   3, 10, 1102,   45,  1,    16,  1,    32,  1, 2406628, 6.3e-5
    # no solution starting from log norm2 = 14

  - 13: # bits
    -ln2:   k,  N,    n, br_l,br_b, ks_l,ks_b, cb_l,cb_b,  cost, p_error
    - 0 :   3, 10, 1109,    4,  9,    15,  1,     2,  9,  24327, 6.3e-5
    - 1 :   3, 10, 1070,    4,  9,     7,  2,     3,  7,  32356, 6.2e-5
    - 2 :   3, 10, 1100,    7,  6,     8,  2,     2, 10,  38905, 6.3e-5
    - 3 :   3, 10, 1104,    5,  8,     8,  2,     3,  7,  40386, 6.3e-5
    - 4 :   3, 10, 1095,    5,  8,     8,  2,     4,  6,  51852, 6.2e-5
    - 5 :   3, 10, 1093,    6,  7,    15,  1,     4,  6,  61995, 6.3e-5
    - 6 :   3, 10, 1078,    8,  5,    15,  1,     4,  6,  80346, 6.3e-5
    - 7 :   3, 10, 1091,    8,  5,    15,  1,     5,  5,  99027, 6.3e-5
    - 8 :   3, 10, 1088,    8,  5,    15,  1,     7,  4, 135149, 6.3e-5
    - 9 :   3, 10, 1076,   11,  4,    15,  1,     7,  4, 182028, 6.2e-5
    - 10:   3, 10, 1117,   11,  4,    16,  1,    10,  3, 260596, 6.3e-5
    - 11:   3, 10, 1080,   14,  3,    15,  1,    15,  2, 478586, 6.3e-5
    - 12:   3, 10, 1097,   22,  2,    15,  1,    16,  2, 798940, 6.3e-5
    # no solution starting from log norm2 = 13

  - 14: # bits
    -ln2:   k,  N,    n, br_l,br_b, ks_l,ks_b, cb_l,cb_b,  cost, p_error
    - 0 :   3, 10, 1109,    4,  9,    15,  1,     2,  9,  24327, 6.3e-5
    - 1 :   3, 10, 1070,    4,  9,     7,  2,     3,  7,  32356, 6.2e-5
    - 2 :   3, 10, 1100,    7,  6,     8,  2,     2, 10,  38905, 6.3e-5
    - 3 :   3, 10, 1104,    5,  8,     8,  2,     3,  7,  40386, 6.3e-5
    - 4 :   3, 10, 1095,    5,  8,     8,  2,     4,  6,  51852, 6.2e-5
    - 5 :   3, 10, 1093,    6,  7,    15,  1,     4,  6,  61995, 6.3e-5
    - 6 :   3, 10, 1078,    8,  5,    15,  1,     4,  6,  80346, 6.3e-5
    - 7 :   3, 10, 1091,    8,  5,    15,  1,     5,  5,  99027, 6.3e-5
    - 8 :   3, 10, 1088,    8,  5,    15,  1,     7,  4, 135149, 6.3e-5
    - 9 :   3, 10, 1076,   11,  4,    15,  1,     7,  4, 182028, 6.2e-5
    - 10:   3, 10, 1117,   11,  4,    16,  1,    10,  3, 260596, 6.3e-5
    - 11:   3, 10, 1080,   14,  3,    15,  1,    15,  2, 478586, 6.3e-5
    - 12:   3, 10, 1097,   22,  2,    15,  1,    16,  2, 798940, 6.3e-5
    # no solution starting from log norm2 = 13

  - 15: # bits
    -ln2:   k,  N,    n, br_l,br_b, ks_l,ks_b, cb_l,cb_b,  cost, p_error
    - 0 :   3, 10, 1109,    4,  9,    15,  1,     2,  9,  24327, 6.3e-5
    - 1 :   3, 10, 1070,    4,  9,     7,  2,     3,  7,  32356, 6.2e-5
    - 2 :   3, 10, 1100,    7,  6,     8,  2,     2, 10,  38905, 6.3e-5
    - 3 :   3, 10, 1104,    5,  8,     8,  2,     3,  7,  40386, 6.3e-5
    - 4 :   3, 10, 1095,    5,  8,     8,  2,     4,  6,  51852, 6.2e-5
    - 5 :   3, 10, 1093,    6,  7,    15,  1,     4,  6,  61995, 6.3e-5
    - 6 :   3, 10, 1078,    8,  5,    15,  1,     4,  6,  80346, 6.3e-5
    - 7 :   3, 10, 1091,    8,  5,    15,  1,     5,  5,  99027, 6.3e-5
    - 8 :   3, 10, 1088,    8,  5,    15,  1,     7,  4, 135149, 6.3e-5
    - 9 :   3, 10, 1076,   11,  4,    15,  1,     7,  4, 182028, 6.2e-5
    - 10:   3, 10, 1117,   11,  4,    16,  1,    10,  3, 260596, 6.3e-5
    - 11:   3, 10, 1080,   14,  3,    15,  1,    15,  2, 478586, 6.3e-5
    - 12:   3, 10, 1097,   22,  2,    15,  1,    16,  2, 798940, 6.3e-5
    # no solution starting from log norm2 = 13

  - 16: # bits
    -ln2:   k,  N,    n, br_l,br_b, ks_l,ks_b, cb_l,cb_b,  cost, p_error
    - 0 :   3, 10, 1098,    3, 12,     7,  2,     3,  6,  28612, 6.2e-5
    - 1 :   3, 10, 1072,    4,  9,     7,  2,     3,  7,  36310, 6.1e-5
    - 2 :   3, 10, 1112,    7,  6,     8,  2,     2, 10,  43810, 6.3e-5
    - 3 :   3, 10, 1121,    5,  8,     8,  2,     3,  7,  45666, 6.3e-5
    - 4 :   3, 10, 1104,    5,  8,     8,  2,     4,  6,  58439, 6.3e-5
    - 5 :   3, 10, 1126,    6,  7,    16,  1,     4,  6,  70832, 6.3e-5
    - 6 :   3, 10, 1088,    8,  5,    15,  1,     4,  6,  90589, 6.3e-5
    - 7 :   3, 10, 1115,    8,  5,    16,  1,     5,  5, 112578, 6.3e-5
    - 8 :   3, 10, 1107,    8,  5,    16,  1,     7,  4, 153304, 6.3e-5
    - 9 :   3, 10, 1084,   11,  4,    15,  1,     7,  4, 205230, 6.3e-5
    - 10:   3, 10, 1061,   14,  3,    15,  1,    10,  3, 360101, 6.3e-5
    - 11:   3, 10, 1092,   14,  3,    15,  1,    15,  2, 540978, 6.3e-5
    - 12:   3, 10, 1117,   43,  1,    16,  1,    15,  2, 1648420, 6.3e-5
    # no solution starting from log norm2 = 13
