security level: 112
target p_error: 6.3e-5
per precision and log norm2:

  - 1: # bits
    -ln2:   k,  N,    n, br_l,br_b, ks_l,ks_b, cb_l,cb_b, pp_l,pp_b,  cost, p_error
    - 0 :   2, 10,  519,    2, 15,     3,  3,     1, 11,     1, 29,     89, 6.1e-5
    - 1 :   2, 10,  522,    2, 15,     3,  3,     1, 11,     1, 29,     89, 6.2e-5
    - 2 :   2, 10,  506,    2, 15,     5,  2,     1, 11,     1, 29,     91, 5.4e-5
    - 3 :   2, 10,  502,    3, 12,     5,  2,     1, 12,     1, 29,    111, 5.3e-5
    - 4 :   2, 10,  514,    3, 12,     5,  2,     1, 13,     2, 19,    138, 6.2e-5
    - 5 :   2, 10,  508,    4,  9,     5,  2,     1, 14,     2, 19,    157, 6.2e-5
    - 6 :   2, 10,  539,    5,  8,     6,  2,     1, 14,     2, 19,    188, 6.2e-5
    - 7 :   2, 10,  508,    3, 12,     5,  2,     2,  8,     1, 29,    216, 6.1e-5
    - 8 :   2, 10,  544,    3, 12,     6,  2,     2,  9,     2, 19,    278, 6.2e-5
    - 9 :   2, 10,  502,    4,  9,     5,  2,     2,  9,     2, 19,    303, 5.3e-5
    - 10:   2, 10,  504,    5,  8,     5,  2,     2, 10,     2, 19,    345, 5.3e-5
    - 11:   2, 10,  514,    6,  7,     5,  2,     2, 10,     2, 19,    392, 5.8e-5
    - 12:   2, 10,  553,    8,  5,     6,  2,     2, 10,     2, 19,    507, 6.2e-5
    - 13:   2, 10,  516,    6,  7,     5,  2,     3,  8,     2, 19,    585, 6.3e-5
    - 14:   2, 10,  516,    7,  6,    11,  1,     3,  8,     2, 19,    661, 6.0e-5
    - 15:   2, 10,  495,    7,  6,    10,  1,     4,  6,     2, 19,    844, 5.9e-5
    - 16:   2, 10,  498,    7,  6,    10,  1,     5,  5,     2, 19,   1055, 5.8e-5
    - 17:   2, 10,  510,    8,  5,    11,  1,     6,  5,     2, 19,   1413, 5.7e-5
    - 18:   2, 10,  530,    8,  5,    12,  1,     7,  4,     2, 19,   1699, 6.2e-5
    - 19:   2, 10,  523,   11,  4,    11,  1,     7,  4,     3, 14,   2297, 6.3e-5
    - 20:   2, 10,  508,   14,  3,    11,  1,    10,  3,     2, 19,   3584, 6.1e-5
    - 21:   2, 10,  508,   22,  2,    11,  1,    10,  3,     3, 14,   5491, 6.1e-5
    - 22:   2, 10,  560,   22,  2,    13,  1,    16,  2,     3, 14,   9557, 6.3e-5
    # no solution starting from log norm2 = 23

  - 2: # bits
    -ln2:   k,  N,    n, br_l,br_b, ks_l,ks_b, cb_l,cb_b, pp_l,pp_b,  cost, p_error
    - 0 :   2, 10,  589,    2, 15,     6,  2,     1, 11,     1, 29,    277, 6.2e-5
    - 1 :   2, 10,  554,    3, 12,     6,  2,     1, 12,     1, 29,    332, 6.0e-5
    - 2 :   2, 10,  532,    2, 15,     6,  2,     2,  7,     1, 29,    425, 5.9e-5
    - 3 :   2, 10,  551,    2, 15,     6,  2,     2,  7,     1, 29,    437, 6.2e-5
    - 4 :   2, 10,  535,    3, 12,     6,  2,     2,  8,     1, 29,    537, 5.4e-5
    - 5 :   2, 10,  606,    3, 12,     7,  2,     2,  8,     1, 29,    600, 6.3e-5
    - 6 :   2, 10,  533,    4,  9,     6,  2,     2,  9,     2, 19,    740, 5.0e-5
    - 7 :   2, 10,  556,    4,  9,     6,  2,     2,  9,     2, 19,    764, 5.9e-5
    - 8 :   2, 10,  572,    5,  8,     6,  2,     2, 10,     2, 19,    898, 6.1e-5
    - 9 :   2, 10,  549,    4,  9,     6,  2,     3,  7,     2, 19,   1069, 6.0e-5
    - 10:   2, 10,  552,    5,  8,     6,  2,     3,  7,     2, 19,   1231, 5.6e-5
    - 11:   2, 10,  531,    7,  6,    11,  1,     3,  8,     2, 19,   1521, 5.9e-5
    - 12:   2, 10,  563,    8,  5,    12,  1,     3,  8,     2, 19,   1762, 6.1e-5
    - 13:   2, 10,  569,    7,  6,    12,  1,     4,  6,     2, 19,   2074, 6.2e-5
    - 14:   2, 10,  544,    8,  5,    12,  1,     5,  5,     2, 19,   2689, 6.0e-5
    - 15:   2, 10,  532,    8,  5,    12,  1,     7,  4,     2, 19,   3600, 6.3e-5
    - 16:   2, 10,  535,   11,  4,    12,  1,     7,  4,     2, 19,   4603, 5.9e-5
    - 17:   2, 10,  561,   15,  3,    12,  1,     7,  4,     3, 14,   6511, 6.2e-5
    - 18:   2, 10,  555,   15,  3,    12,  1,    10,  3,     3, 14,   9042, 6.2e-5
    - 19:   2, 10,  556,   22,  2,    12,  1,    15,  2,     3, 14,  18326, 6.2e-5
    - 20:   2, 10,  552,   44,  1,    12,  1,    32,  1,     3, 14,  70580, 5.9e-5
    # no solution starting from log norm2 = 21

  - 3: # bits
    -ln2:   k,  N,    n, br_l,br_b, ks_l,ks_b, cb_l,cb_b, pp_l,pp_b,  cost, p_error
    - 0 :   2, 10,  573,    2, 15,     6,  2,     2,  7,     1, 29,    709, 5.8e-5
    - 1 :   2, 10,  568,    3, 12,     6,  2,     2,  8,     1, 29,    890, 5.6e-5
    - 2 :   2, 10,  579,    3, 12,     6,  2,     2,  8,     1, 29,    905, 5.5e-5
    - 3 :   2, 10,  600,    3, 12,     7,  2,     2,  8,     2, 19,   1083, 6.2e-5
    - 4 :   2, 10,  574,    4,  9,     6,  2,     2,  9,     2, 19,   1230, 5.8e-5
    - 5 :   2, 10,  576,    5,  8,     6,  2,     2, 10,     2, 19,   1423, 6.2e-5
    - 6 :   2, 10,  585,    6,  7,     6,  2,     2, 10,     2, 19,   1632, 5.7e-5
    - 7 :   2, 10,  573,    5,  8,     6,  2,     3,  7,     2, 19,   1969, 5.9e-5
    - 8 :   2, 10,  588,    6,  7,     6,  2,     3,  8,     2, 19,   2275, 6.1e-5
    - 9 :   2, 10,  584,    7,  6,    13,  1,     3,  8,     2, 19,   2574, 6.3e-5
    - 10:   2, 10,  614,    6,  7,    14,  1,     4,  6,     2, 19,   3071, 6.3e-5
    - 11:   2, 10,  568,    7,  6,    13,  1,     5,  5,     2, 19,   3892, 6.2e-5
    - 12:   2, 10,  629,    9,  5,    14,  1,     5,  5,     2, 19,   5117, 6.3e-5
    - 13:   2, 10,  594,    8,  5,    13,  1,     7,  4,     2, 19,   6025, 6.1e-5
    - 14:   2, 10,  606,   11,  4,    14,  1,     7,  4,     2, 19,   7848, 6.2e-5
    - 15:   2, 10,  577,   14,  3,    13,  1,    10,  3,     2, 19,  12730, 6.0e-5
    - 16:   2, 10,  578,   22,  2,    13,  1,    10,  3,     3, 14,  19539, 5.7e-5
    - 17:   2, 10,  603,   22,  2,    14,  1,    16,  2,     3, 14,  31741, 6.2e-5
    # no solution starting from log norm2 = 18

  - 4: # bits
    -ln2:   k,  N,    n, br_l,br_b, ks_l,ks_b, cb_l,cb_b, pp_l,pp_b,  cost, p_error
    - 0 :   2, 10,  585,    2, 15,     6,  2,     2,  7,     1, 29,   1375, 5.8e-5
    - 1 :   2, 10,  571,    3, 12,     6,  2,     2,  8,     1, 29,   1700, 5.7e-5
    - 2 :   2, 10,  603,    3, 12,     7,  2,     2,  8,     1, 29,   1793, 6.2e-5
    - 3 :   2, 10,  569,    4,  9,     6,  2,     2,  9,     2, 19,   2333, 6.0e-5
    - 4 :   2, 10,  588,    4,  9,     6,  2,     2,  9,     2, 19,   2392, 6.2e-5
    - 5 :   2, 10,  595,    5,  8,     7,  2,     2, 10,     2, 19,   2794, 6.2e-5
    - 6 :   2, 10,  584,    4,  9,     6,  2,     3,  7,     2, 19,   3356, 5.8e-5
    - 7 :   2, 10,  585,    5,  8,     6,  2,     3,  7,     2, 19,   3864, 5.9e-5
    - 8 :   2, 10,  576,    7,  6,     6,  2,     3,  8,     2, 19,   4811, 6.3e-5
    - 9 :   2, 10,  585,    8,  5,    13,  1,     3,  8,     2, 19,   5472, 6.2e-5
    - 10:   2, 10,  587,    7,  6,    13,  1,     4,  6,     2, 19,   6396, 6.1e-5
    - 11:   2, 10,  602,    7,  6,    13,  1,     5,  5,     2, 19,   7973, 6.2e-5
    - 12:   2, 10,  595,    7,  6,    14,  1,     7,  4,     2, 19,  10769, 6.3e-5
    - 13:   2, 10,  569,   11,  4,    13,  1,     7,  4,     2, 19,  14574, 5.7e-5
    - 14:   2, 10,  596,   14,  3,    13,  1,     7,  4,     3, 14,  19478, 6.3e-5
    - 15:   2, 10,  601,   14,  3,    14,  1,    10,  3,     3, 14,  27490, 6.3e-5
    - 16:   2, 10,  582,   22,  2,    13,  1,    15,  2,     3, 14,  57259, 5.8e-5
    - 17:   2, 10,  612,   45,  1,    14,  1,    16,  2,     3, 14, 120911, 6.3e-5
    # no solution starting from log norm2 = 18

  - 5: # bits
    -ln2:   k,  N,    n, br_l,br_b, ks_l,ks_b, cb_l,cb_b, pp_l,pp_b,  cost, p_error
    - 0 :   2, 10,  585,    2, 15,     6,  2,     2,  7,     1, 29,   1375, 5.8e-5
    - 1 :   2, 10,  571,    3, 12,     6,  2,     2,  8,     1, 29,   1700, 5.7e-5
    - 2 :   2, 10,  603,    3, 12,     7,  2,     2,  8,     1, 29,   1793, 6.2e-5
    - 3 :   2, 10,  569,    4,  9,     6,  2,     2,  9,     2, 19,   2333, 6.0e-5
    - 4 :   2, 10,  588,    4,  9,     6,  2,     2,  9,     2, 19,   2392, 6.2e-5
    - 5 :   2, 10,  595,    5,  8,     7,  2,     2, 10,     2, 19,   2794, 6.2e-5
    - 6 :   2, 10,  584,    4,  9,     6,  2,     3,  7,     2, 19,   3356, 5.8e-5
    - 7 :   2, 10,  585,    5,  8,     6,  2,     3,  7,     2, 19,   3864, 5.9e-5
    - 8 :   2, 10,  576,    7,  6,     6,  2,     3,  8,     2, 19,   4811, 6.3e-5
    - 9 :   2, 10,  585,    8,  5,    13,  1,     3,  8,     2, 19,   5472, 6.2e-5
    - 10:   2, 10,  587,    7,  6,    13,  1,     4,  6,     2, 19,   6396, 6.1e-5
    - 11:   2, 10,  602,    7,  6,    13,  1,     5,  5,     2, 19,   7973, 6.2e-5
    - 12:   2, 10,  595,    7,  6,    14,  1,     7,  4,     2, 19,  10769, 6.3e-5
    - 13:   2, 10,  569,   11,  4,    13,  1,     7,  4,     2, 19,  14574, 5.7e-5
    - 14:   2, 10,  596,   14,  3,    13,  1,     7,  4,     3, 14,  19478, 6.3e-5
    - 15:   2, 10,  601,   14,  3,    14,  1,    10,  3,     3, 14,  27490, 6.3e-5
    - 16:   2, 10,  582,   22,  2,    13,  1,    15,  2,     3, 14,  57259, 5.8e-5
    - 17:   2, 10,  612,   45,  1,    14,  1,    16,  2,     3, 14, 120911, 6.3e-5
    # no solution starting from log norm2 = 18

  - 6: # bits
    -ln2:   k,  N,    n, br_l,br_b, ks_l,ks_b, cb_l,cb_b, pp_l,pp_b,  cost, p_error
    - 0 :   2, 10,  591,    2, 15,     6,  2,     2,  7,     1, 29,   1650, 5.8e-5
    - 1 :   2, 10,  572,    3, 12,     6,  2,     2,  8,     1, 29,   2031, 5.9e-5
    - 2 :   2, 10,  627,    3, 12,     7,  2,     2,  8,     1, 29,   2211, 6.2e-5
    - 3 :   2, 10,  570,    4,  9,     6,  2,     2,  9,     2, 19,   2782, 5.6e-5
    - 4 :   2, 10,  596,    4,  9,     6,  2,     2,  9,     2, 19,   2878, 6.2e-5
    - 5 :   2, 10,  609,    5,  8,     7,  2,     2, 10,     2, 19,   3392, 6.2e-5
    - 6 :   2, 10,  589,    4,  9,     6,  2,     3,  7,     2, 19,   3998, 6.2e-5
    - 7 :   2, 10,  591,    5,  8,     6,  2,     3,  7,     2, 19,   4615, 6.0e-5
    - 8 :   2, 10,  579,    7,  6,     6,  2,     3,  8,     2, 19,   5729, 5.9e-5
    - 9 :   2, 10,  601,    8,  5,    13,  1,     3,  8,     2, 19,   6640, 6.1e-5
    - 10:   2, 10,  602,    7,  6,    14,  1,     4,  6,     2, 19,   7731, 6.3e-5
    - 11:   2, 10,  580,    8,  5,    13,  1,     5,  5,     2, 19,  10043, 6.1e-5
    - 12:   2, 10,  570,    8,  5,    13,  1,     7,  4,     2, 19,  13449, 5.7e-5
    - 13:   2, 10,  572,   11,  4,    13,  1,     7,  4,     2, 19,  17218, 5.9e-5
    - 14:   2, 10,  596,   15,  3,    14,  1,     7,  4,     3, 14,  24217, 6.2e-5
    - 15:   2, 10,  593,   15,  3,    13,  1,    10,  3,     3, 14,  33676, 6.1e-5
    - 16:   2, 10,  592,   22,  2,    13,  1,    15,  2,     3, 14,  68096, 6.1e-5
    - 17:   2, 10,  589,   44,  1,    13,  1,    32,  1,     3, 14, 263062, 6.2e-5
    # no solution starting from log norm2 = 18

  - 7: # bits
    -ln2:   k,  N,    n, br_l,br_b, ks_l,ks_b, cb_l,cb_b, pp_l,pp_b,  cost, p_error
    - 0 :   2, 10,  598,    2, 15,     6,  2,     2,  7,     1, 29,   1933, 6.3e-5
    - 1 :   2, 10,  573,    3, 12,     6,  2,     2,  8,     1, 29,   2362, 6.1e-5
    - 2 :   2, 10,  584,    3, 12,     6,  2,     2,  8,     2, 19,   2784, 6.1e-5
    - 3 :   2, 10,  571,    4,  9,     6,  2,     2,  9,     2, 19,   3231, 5.3e-5
    - 4 :   2, 10,  601,    4,  9,     7,  2,     2,  9,     2, 19,   3380, 6.1e-5
    - 5 :   2, 10,  576,    6,  7,     6,  2,     2, 10,     2, 19,   4245, 6.0e-5
    - 6 :   2, 10,  593,    4,  9,     7,  2,     3,  7,     2, 19,   4661, 6.0e-5
    - 7 :   2, 10,  595,    5,  8,     7,  2,     3,  7,     2, 19,   5381, 5.8e-5
    - 8 :   2, 10,  582,    7,  6,     6,  2,     3,  8,     2, 19,   6655, 5.9e-5
    - 9 :   2, 10,  577,    6,  7,    13,  1,     4,  6,     2, 19,   7718, 5.7e-5
    - 10:   2, 10,  586,    6,  7,    13,  1,     5,  5,     2, 19,   9504, 6.0e-5
    - 11:   2, 10,  588,    8,  5,    13,  1,     5,  5,     2, 19,  11701, 5.9e-5
    - 12:   2, 10,  573,    8,  5,    13,  1,     7,  4,     2, 19,  15526, 5.8e-5
    - 13:   2, 10,  576,   11,  4,    13,  1,     7,  4,     2, 19,  19916, 5.8e-5
    - 14:   2, 10,  587,   11,  4,    13,  1,    10,  3,     2, 19,  28211, 6.0e-5
    - 15:   2, 10,  618,   15,  3,    14,  1,    10,  3,     3, 14,  40057, 6.3e-5
    - 16:   2, 10,  610,   22,  2,    14,  1,    15,  2,     3, 14,  80190, 6.3e-5
    - 17:   2, 10,  606,   44,  1,    14,  1,    32,  1,     3, 14, 309282, 6.2e-5
    # no solution starting from log norm2 = 18

  - 8: # bits
    -ln2:   k,  N,    n, br_l,br_b, ks_l,ks_b, cb_l,cb_b, pp_l,pp_b,  cost, p_error
    - 0 :   2, 10,  602,    2, 15,     7,  2,     2,  7,     1, 29,   2234, 6.2e-5
    - 1 :   2, 10,  575,    3, 12,     6,  2,     2,  8,     1, 29,   2699, 5.2e-5
    - 2 :   2, 10,  588,    3, 12,     6,  2,     2,  8,     2, 19,   3182, 6.1e-5
    - 3 :   2, 10,  572,    4,  9,     6,  2,     2,  9,     2, 19,   3682, 5.1e-5
    - 4 :   2, 10,  615,    4,  9,     7,  2,     2,  9,     2, 19,   3916, 6.2e-5
    - 5 :   2, 10,  578,    6,  7,     6,  2,     2, 10,     2, 19,   4850, 5.9e-5
    - 6 :   2, 10,  600,    4,  9,     7,  2,     3,  7,     2, 19,   5335, 6.3e-5
    - 7 :   2, 10,  603,    5,  8,     7,  2,     3,  7,     2, 19,   6171, 6.1e-5
    - 8 :   2, 10,  585,    7,  6,     6,  2,     3,  8,     2, 19,   7589, 6.2e-5
    - 9 :   2, 10,  582,    6,  7,    13,  1,     4,  6,     2, 19,   8804, 5.8e-5
    - 10:   2, 10,  596,    6,  7,    13,  1,     5,  5,     2, 19,  10900, 6.3e-5
    - 11:   2, 10,  599,    8,  5,    13,  1,     5,  5,     2, 19,  13450, 6.2e-5
    - 12:   2, 10,  577,    8,  5,    13,  1,     7,  4,     2, 19,  17645, 5.6e-5
    - 13:   2, 10,  580,   11,  4,    13,  1,     7,  4,     2, 19,  22646, 6.3e-5
    - 14:   2, 10,  598,   11,  4,    13,  1,    10,  3,     2, 19,  32360, 6.3e-5
    - 15:   2, 10,  588,   21,  2,    13,  1,    10,  3,     3, 14,  57205, 6.0e-5
    - 16:   2, 10,  579,   22,  2,    13,  1,    16,  2,     3, 14,  91827, 6.2e-5
    - 17:   2, 10,  606,   45,  1,    14,  1,    33,  1,     3, 14, 366559, 6.3e-5
    # no solution starting from log norm2 = 18

  - 9: # bits
    -ln2:   k,  N,    n, br_l,br_b, ks_l,ks_b, cb_l,cb_b, pp_l,pp_b,  cost, p_error
    - 0 :   2, 10,  613,    4,  9,     7,  2,     2,  9,     2, 19,   4380, 6.2e-5
    - 1 :   2, 10,  623,    4,  9,     7,  2,     2,  9,     2, 19,   4436, 5.8e-5
    - 2 :   2, 10,  627,    5,  8,     7,  2,     2, 10,     2, 19,   5152, 6.0e-5
    - 3 :   2, 10,  642,    6,  7,     7,  2,     2, 10,     2, 19,   5964, 6.3e-5
    - 4 :   2, 10,  621,    5,  8,     7,  2,     3,  7,     2, 19,   7068, 6.2e-5
    - 5 :   2, 10,  654,    6,  7,     8,  2,     3,  8,     2, 19,   8384, 6.3e-5
    - 6 :   2, 10,  627,    8,  5,     7,  2,     3,  8,     2, 19,   9976, 6.3e-5
    - 7 :   2, 10,  628,    7,  6,     7,  2,     4,  6,     2, 19,  11524, 5.8e-5
    - 8 :   2, 10,  621,    7,  6,    14,  1,     5,  5,     2, 19,  14052, 6.1e-5
    - 9 :   2, 10,  620,    7,  6,    14,  1,     7,  4,     2, 19,  18956, 6.1e-5
    - 10:   2, 10,  637,    9,  5,    15,  1,     7,  4,     2, 19,  23432, 6.1e-5
    - 11:   2, 10,  631,   14,  3,    14,  1,     7,  4,     2, 19,  33183, 6.2e-5
    - 12:   2, 10,  642,   14,  3,    15,  1,    10,  3,     2, 19,  46853, 6.3e-5
    - 13:   2, 10,  647,   22,  2,    15,  1,    10,  3,     3, 14,  72298, 6.2e-5
    - 14:   2, 10,  626,   44,  1,    14,  1,    16,  2,     3, 14, 203927, 6.1e-5
    # no solution starting from log norm2 = 15

  - 10: # bits
    -ln2:   k,  N,    n, br_l,br_b, ks_l,ks_b, cb_l,cb_b, pp_l,pp_b,  cost, p_error
    - 0 :   2, 10,  614,    4,  9,     7,  2,     2,  9,     2, 19,   4860, 5.5e-5
    - 1 :   2, 10,  624,    4,  9,     7,  2,     2,  9,     2, 19,   4922, 6.2e-5
    - 2 :   2, 10,  630,    5,  8,     7,  2,     2, 10,     2, 19,   5735, 5.8e-5
    - 3 :   2, 10,  652,    6,  7,     7,  2,     2, 10,     2, 19,   6700, 6.2e-5
    - 4 :   2, 10,  623,    5,  8,     7,  2,     3,  7,     2, 19,   7839, 5.7e-5
    - 5 :   2, 10,  664,    6,  7,    15,  1,     3,  8,     2, 19,   9595, 6.3e-5
    - 6 :   2, 10,  630,    8,  5,     7,  2,     3,  8,     2, 19,  11087, 6.1e-5
    - 7 :   2, 10,  630,    7,  6,     7,  2,     4,  6,     2, 19,  12771, 6.2e-5
    - 8 :   2, 10,  625,    7,  6,    14,  1,     5,  5,     2, 19,  15600, 6.0e-5
    - 9 :   2, 10,  623,    7,  6,    14,  1,     7,  4,     2, 19,  20995, 6.3e-5
    - 10:   2, 10,  650,    9,  5,    15,  1,     7,  4,     2, 19,  26304, 6.3e-5
    - 11:   2, 10,  638,   14,  3,    15,  1,     7,  4,     2, 19,  37008, 6.2e-5
    - 12:   2, 10,  625,   14,  3,    14,  1,    10,  3,     3, 14,  53042, 6.3e-5
    - 13:   2, 10,  639,   22,  2,    15,  1,    11,  3,     3, 14,  86185, 6.3e-5
    - 14:   2, 10,  631,   44,  1,    14,  1,    16,  2,     3, 14, 226358, 6.3e-5
    # no solution starting from log norm2 = 15

  - 11: # bits
    -ln2:   k,  N,    n, br_l,br_b, ks_l,ks_b, cb_l,cb_b, pp_l,pp_b,  cost, p_error
    - 0 :   2, 10,  614,    4,  9,     7,  2,     2,  9,     2, 19,   5335, 5.7e-5
    - 1 :   2, 10,  626,    4,  9,     7,  2,     2,  9,     2, 19,   5417, 6.0e-5
    - 2 :   2, 10,  632,    5,  8,     7,  2,     2, 10,     2, 19,   6313, 6.3e-5
    - 3 :   2, 10,  624,    4,  9,     7,  2,     3,  7,     2, 19,   7451, 5.9e-5
    - 4 :   2, 10,  624,    5,  8,     7,  2,     3,  7,     2, 19,   8603, 6.1e-5
    - 5 :   2, 10,  619,    7,  6,     7,  2,     3,  8,     2, 19,  10833, 6.1e-5
    - 6 :   2, 10,  633,    8,  5,     7,  2,     3,  8,     2, 19,  12207, 6.1e-5
    - 7 :   2, 10,  633,    7,  6,     7,  2,     4,  6,     2, 19,  14042, 6.2e-5
    - 8 :   2, 10,  629,    7,  6,    14,  1,     5,  5,     2, 19,  17163, 6.2e-5
    - 9 :   2, 10,  627,    7,  6,    15,  1,     7,  4,     2, 19,  23109, 6.3e-5
    - 10:   2, 10,  643,   10,  4,    15,  1,     7,  4,     2, 19,  30953, 6.3e-5
    - 11:   2, 10,  649,   14,  3,    15,  1,     7,  4,     2, 19,  41107, 6.3e-5
    - 12:   2, 10,  630,   14,  3,    14,  1,    10,  3,     3, 14,  58362, 6.2e-5
    - 13:   2, 10,  656,   22,  2,    15,  1,    11,  3,     3, 14,  96435, 6.3e-5
    - 14:   2, 10,  638,   44,  1,    15,  1,    16,  2,     3, 14, 249871, 6.1e-5
    # no solution starting from log norm2 = 15

  - 12: # bits
    -ln2:   k,  N,    n, br_l,br_b, ks_l,ks_b, cb_l,cb_b, pp_l,pp_b,  cost, p_error
    - 0 :   2, 10,  615,    4,  9,     7,  2,     2,  9,     2, 19,   6649, 5.5e-5
    - 1 :   2, 10,  632,    4,  9,     7,  2,     2,  9,     2, 19,   6792, 6.2e-5
    - 2 :   2, 10,  645,    5,  8,     7,  2,     2, 10,     2, 19,   7987, 6.2e-5
    - 3 :   2, 10,  629,    4,  9,     7,  2,     3,  7,     2, 19,   9342, 6.0e-5
    - 4 :   2, 10,  629,    5,  8,     7,  2,     3,  7,     2, 19,  10787, 6.1e-5
    - 5 :   2, 10,  622,    7,  6,     7,  2,     3,  8,     2, 19,  13548, 5.9e-5
    - 6 :   2, 10,  634,    8,  5,    14,  1,     3,  8,     2, 19,  15484, 6.3e-5
    - 7 :   2, 10,  635,    7,  6,    14,  1,     4,  6,     2, 19,  17812, 6.1e-5
    - 8 :   2, 10,  653,    7,  6,    15,  1,     5,  5,     2, 19,  22124, 6.3e-5
    - 9 :   2, 10,  648,    7,  6,    15,  1,     7,  4,     2, 19,  29636, 6.3e-5
    - 10:   2, 10,  615,   11,  4,    14,  1,     7,  4,     2, 19,  40052, 5.8e-5
    - 11:   2, 10,  645,   14,  3,    15,  1,     7,  4,     3, 14,  53525, 6.2e-5
    - 12:   2, 10,  662,   14,  3,    16,  1,    10,  3,     3, 14,  76091, 6.3e-5
    - 13:   2, 10,  628,   22,  2,    14,  1,    15,  2,     3, 14, 155276, 6.2e-5
    - 14:   2, 10,  627,   44,  1,    15,  1,    32,  1,     3, 14, 600723, 6.3e-5
    # no solution starting from log norm2 = 15

  - 13: # bits
    -ln2:   k,  N,    n, br_l,br_b, ks_l,ks_b, cb_l,cb_b, pp_l,pp_b,  cost, p_error
    - 0 :   2, 10,  615,    4,  9,     7,  2,     2,  9,     2, 19,   7126, 5.8e-5
    - 1 :   2, 10,  635,    4,  9,     7,  2,     2,  9,     2, 19,   7307, 6.0e-5
    - 2 :   2, 10,  652,    5,  8,     7,  2,     2, 10,     2, 19,   8638, 6.3e-5
    - 3 :   2, 10,  631,    4,  9,     7,  2,     3,  7,     2, 19,  10024, 6.0e-5
    - 4 :   2, 10,  631,    5,  8,     7,  2,     3,  7,     2, 19,  11577, 6.1e-5
    - 5 :   2, 10,  623,    7,  6,     7,  2,     3,  8,     2, 19,  14526, 5.9e-5
    - 6 :   2, 10,  627,    6,  7,     7,  2,     4,  6,     2, 19,  16625, 6.2e-5
    - 7 :   2, 10,  639,    7,  6,    15,  1,     4,  6,     2, 19,  19196, 6.3e-5
    - 8 :   2, 10,  622,    8,  5,    14,  1,     5,  5,     2, 19,  25026, 6.3e-5
    - 9 :   2, 10,  614,    8,  5,    14,  1,     7,  4,     2, 19,  33377, 6.2e-5
    - 10:   2, 10,  616,   11,  4,    14,  1,     7,  4,     2, 19,  42867, 6.0e-5
    - 11:   2, 10,  662,   14,  3,    15,  1,     7,  4,     3, 14,  58497, 6.3e-5
    - 12:   2, 10,  634,   15,  3,    15,  1,    10,  3,     3, 14,  82761, 6.1e-5
    - 13:   2, 10,  632,   22,  2,    14,  1,    15,  2,     3, 14, 166739, 6.3e-5
    - 14:   2, 10,  631,   44,  1,    15,  1,    32,  1,     3, 14, 644951, 6.2e-5
    # no solution starting from log norm2 = 15

  - 14: # bits
    -ln2:   k,  N,    n, br_l,br_b, ks_l,ks_b, cb_l,cb_b, pp_l,pp_b,  cost, p_error
    - 0 :   2, 10,  615,    4,  9,     7,  2,     2,  9,     2, 19,   7126, 5.8e-5
    - 1 :   2, 10,  635,    4,  9,     7,  2,     2,  9,     2, 19,   7307, 6.0e-5
    - 2 :   2, 10,  652,    5,  8,     7,  2,     2, 10,     2, 19,   8638, 6.3e-5
    - 3 :   2, 10,  631,    4,  9,     7,  2,     3,  7,     2, 19,  10024, 6.0e-5
    - 4 :   2, 10,  631,    5,  8,     7,  2,     3,  7,     2, 19,  11577, 6.1e-5
    - 5 :   2, 10,  623,    7,  6,     7,  2,     3,  8,     2, 19,  14526, 5.9e-5
    - 6 :   2, 10,  627,    6,  7,     7,  2,     4,  6,     2, 19,  16625, 6.2e-5
    - 7 :   2, 10,  639,    7,  6,    15,  1,     4,  6,     2, 19,  19196, 6.3e-5
    - 8 :   2, 10,  622,    8,  5,    14,  1,     5,  5,     2, 19,  25026, 6.3e-5
    - 9 :   2, 10,  614,    8,  5,    14,  1,     7,  4,     2, 19,  33377, 6.2e-5
    - 10:   2, 10,  616,   11,  4,    14,  1,     7,  4,     2, 19,  42867, 6.0e-5
    - 11:   2, 10,  662,   14,  3,    15,  1,     7,  4,     3, 14,  58497, 6.3e-5
    - 12:   2, 10,  634,   15,  3,    15,  1,    10,  3,     3, 14,  82761, 6.1e-5
    - 13:   2, 10,  632,   22,  2,    14,  1,    15,  2,     3, 14, 166739, 6.3e-5
    - 14:   2, 10,  631,   44,  1,    15,  1,    32,  1,     3, 14, 644951, 6.2e-5
    # no solution starting from log norm2 = 15

  - 15: # bits
    -ln2:   k,  N,    n, br_l,br_b, ks_l,ks_b, cb_l,cb_b, pp_l,pp_b,  cost, p_error
    - 0 :   2, 10,  615,    4,  9,     7,  2,     2,  9,     2, 19,   7126, 5.8e-5
    - 1 :   2, 10,  635,    4,  9,     7,  2,     2,  9,     2, 19,   7307, 6.0e-5
    - 2 :   2, 10,  652,    5,  8,     7,  2,     2, 10,     2, 19,   8638, 6.3e-5
    - 3 :   2, 10,  631,    4,  9,     7,  2,     3,  7,     2, 19,  10024, 6.0e-5
    - 4 :   2, 10,  631,    5,  8,     7,  2,     3,  7,     2, 19,  11577, 6.1e-5
    - 5 :   2, 10,  623,    7,  6,     7,  2,     3,  8,     2, 19,  14526, 5.9e-5
    - 6 :   2, 10,  627,    6,  7,     7,  2,     4,  6,     2, 19,  16625, 6.2e-5
    - 7 :   2, 10,  639,    7,  6,    15,  1,     4,  6,     2, 19,  19196, 6.3e-5
    - 8 :   2, 10,  622,    8,  5,    14,  1,     5,  5,     2, 19,  25026, 6.3e-5
    - 9 :   2, 10,  614,    8,  5,    14,  1,     7,  4,     2, 19,  33377, 6.2e-5
    - 10:   2, 10,  616,   11,  4,    14,  1,     7,  4,     2, 19,  42867, 6.0e-5
    - 11:   2, 10,  662,   14,  3,    15,  1,     7,  4,     3, 14,  58497, 6.3e-5
    - 12:   2, 10,  634,   15,  3,    15,  1,    10,  3,     3, 14,  82761, 6.1e-5
    - 13:   2, 10,  632,   22,  2,    14,  1,    15,  2,     3, 14, 166739, 6.3e-5
    - 14:   2, 10,  631,   44,  1,    15,  1,    32,  1,     3, 14, 644951, 6.2e-5
    # no solution starting from log norm2 = 15

  - 16: # bits
    -ln2:   k,  N,    n, br_l,br_b, ks_l,ks_b, cb_l,cb_b, pp_l,pp_b,  cost, p_error
    - 0 :   2, 10,  616,    4,  9,     7,  2,     2,  9,     2, 19,   7977, 5.4e-5
    - 1 :   2, 10,  641,    4,  9,     7,  2,     2,  9,     2, 19,   8229, 6.2e-5
    - 2 :   2, 10,  661,    5,  8,    15,  1,     2, 10,     2, 19,  10133, 6.3e-5
    - 3 :   2, 10,  635,    4,  9,     7,  2,     3,  7,     2, 19,  11284, 6.3e-5
    - 4 :   2, 10,  636,    5,  8,     7,  2,     3,  7,     2, 19,  13046, 6.0e-5
    - 5 :   2, 10,  625,    7,  6,     7,  2,     3,  8,     2, 19,  16300, 5.9e-5
    - 6 :   2, 10,  631,    6,  7,     7,  2,     4,  6,     2, 19,  18731, 5.9e-5
    - 7 :   2, 10,  666,    7,  6,    16,  1,     4,  6,     2, 19,  22320, 6.3e-5
    - 8 :   2, 10,  628,    8,  5,    14,  1,     5,  5,     2, 19,  28292, 6.0e-5
    - 9 :   2, 10,  617,    8,  5,    14,  1,     7,  4,     2, 19,  37621, 5.9e-5
    - 10:   2, 10,  619,   11,  4,    14,  1,     7,  4,     2, 19,  48310, 6.0e-5
    - 11:   2, 10,  628,   11,  4,    14,  1,    10,  3,     2, 19,  67933, 6.3e-5
    - 12:   2, 10,  648,   15,  3,    15,  1,    10,  3,     3, 14,  94705, 6.3e-5
    - 13:   2, 10,  642,   22,  2,    15,  1,    15,  2,     3, 14, 190045, 6.2e-5
    - 14:   2, 10,  642,   44,  1,    15,  1,    32,  1,     3, 14, 737025, 6.2e-5
    # no solution starting from log norm2 = 15
