security level: 112
target p_error: 6.3e-5
per precision and log norm2:

  - 1: # bits
    -ln2:   k,  N,    n, br_l,br_b, ks_l,ks_b, cb_l,cb_b, pp_l,pp_b,  cost, p_error
    - 0 :   2, 10,  519,    2, 15,     3,  3,     1, 11,     1, 29,     89, 6.1e-5
    - 1 :   2, 10,  522,    2, 15,     3,  3,     1, 11,     1, 29,     89, 6.2e-5
    - 2 :   2, 10,  506,    2, 15,     5,  2,     1, 11,     1, 29,     91, 5.4e-5
    - 3 :   2, 10,  502,    3, 12,     5,  2,     1, 12,     1, 29,    111, 5.3e-5
    - 4 :   2, 10,  514,    3, 12,     5,  2,     1, 13,     2, 19,    138, 6.2e-5
    - 5 :   2, 10,  508,    4,  9,     5,  2,     1, 14,     2, 19,    157, 6.2e-5
    - 6 :   2, 10,  539,    5,  8,     6,  2,     1, 14,     2, 19,    188, 6.2e-5
    - 7 :   2, 10,  508,    3, 12,     5,  2,     2,  8,     1, 29,    216, 6.1e-5
    - 8 :   2, 10,  544,    3, 12,     6,  2,     2,  9,     2, 19,    278, 6.2e-5
    - 9 :   2, 10,  502,    4,  9,     5,  2,     2,  9,     2, 19,    303, 5.3e-5
    - 10:   2, 10,  504,    5,  8,     5,  2,     2, 10,     2, 19,    345, 5.3e-5
    - 11:   2, 10,  514,    6,  7,     5,  2,     2, 10,     2, 19,    392, 5.8e-5
    - 12:   2, 10,  553,    8,  5,     6,  2,     2, 10,     2, 19,    507, 6.2e-5
    - 13:   2, 10,  516,    6,  7,     5,  2,     3,  8,     2, 19,    585, 6.3e-5
    - 14:   2, 10,  516,    7,  6,    11,  1,     3,  8,     2, 19,    661, 6.0e-5
    - 15:   2, 10,  495,    7,  6,    10,  1,     4,  6,     2, 19,    844, 5.9e-5
    - 16:   2, 10,  498,    7,  6,    10,  1,     5,  5,     2, 19,   1055, 5.8e-5
    - 17:   2, 10,  510,    8,  5,    11,  1,     6,  5,     2, 19,   1413, 5.7e-5
    - 18:   2, 10,  530,    8,  5,    12,  1,     7,  4,     2, 19,   1699, 6.2e-5
    - 19:   2, 10,  523,   11,  4,    11,  1,     7,  4,     3, 14,   2297, 6.3e-5
    - 20:   2, 10,  508,   14,  3,    11,  1,    10,  3,     2, 19,   3584, 6.1e-5
    - 21:   2, 10,  508,   22,  2,    11,  1,    10,  3,     3, 14,   5491, 6.1e-5
    - 22:   2, 10,  560,   22,  2,    13,  1,    16,  2,     3, 14,   9557, 6.3e-5
    # no solution starting from log norm2 = 23

  - 2: # bits
    -ln2:   k,  N,    n, br_l,br_b, ks_l,ks_b, cb_l,cb_b, pp_l,pp_b,  cost, p_error
    - 0 :   2, 10,  623,    2, 15,     4,  3,     1, 11,     1, 29,    291, 6.3e-5
    - 1 :   2, 10,  576,    3, 12,     4,  3,     1, 12,     1, 29,    343, 5.8e-5
    - 2 :   2, 10,  540,    2, 15,     5,  2,     2,  7,     1, 29,    436, 5.4e-5
    - 3 :   2, 10,  551,    2, 15,     6,  2,     2,  7,     1, 29,    450, 6.2e-5
    - 4 :   2, 10,  535,    3, 12,     6,  2,     2,  8,     1, 29,    549, 5.4e-5
    - 5 :   2, 10,  606,    3, 12,     7,  2,     2,  8,     1, 29,    616, 6.3e-5
    - 6 :   2, 10,  533,    4,  9,     6,  2,     2,  9,     2, 19,    753, 5.0e-5
    - 7 :   2, 10,  556,    4,  9,     6,  2,     2,  9,     2, 19,    777, 5.9e-5
    - 8 :   2, 10,  572,    5,  8,     6,  2,     2, 10,     2, 19,    911, 6.1e-5
    - 9 :   2, 10,  549,    4,  9,     6,  2,     3,  7,     2, 19,   1082, 6.0e-5
    - 10:   2, 10,  552,    5,  8,     6,  2,     3,  7,     2, 19,   1244, 5.6e-5
    - 11:   2, 10,  541,    7,  6,     6,  2,     3,  8,     2, 19,   1536, 5.2e-5
    - 12:   2, 10,  575,    8,  5,     6,  2,     3,  8,     2, 19,   1780, 6.2e-5
    - 13:   2, 10,  581,    7,  6,     6,  2,     4,  6,     2, 19,   2096, 6.3e-5
    - 14:   2, 10,  544,    8,  5,    12,  1,     5,  5,     2, 19,   2714, 6.0e-5
    - 15:   2, 10,  533,    8,  5,    11,  1,     7,  4,     2, 19,   3624, 6.3e-5
    - 16:   2, 10,  535,   11,  4,    12,  1,     7,  4,     2, 19,   4629, 5.9e-5
    - 17:   2, 10,  561,   15,  3,    12,  1,     7,  4,     3, 14,   6538, 6.2e-5
    - 18:   2, 10,  555,   15,  3,    12,  1,    10,  3,     3, 14,   9068, 6.2e-5
    - 19:   2, 10,  556,   22,  2,    12,  1,    15,  2,     3, 14,  18352, 6.2e-5
    - 20:   2, 10,  552,   44,  1,    12,  1,    32,  1,     3, 14,  70606, 5.9e-5
    # no solution starting from log norm2 = 21

  - 3: # bits
    -ln2:   k,  N,    n, br_l,br_b, ks_l,ks_b, cb_l,cb_b, pp_l,pp_b,  cost, p_error
    - 0 :   2, 10,  595,    2, 15,     4,  3,     2,  7,     1, 29,    735, 5.6e-5
    - 1 :   2, 10,  568,    3, 12,     6,  2,     2,  8,     1, 29,    917, 5.6e-5
    - 2 :   2, 10,  579,    3, 12,     6,  2,     2,  8,     1, 29,    932, 5.5e-5
    - 3 :   2, 10,  607,    3, 12,     6,  2,     2,  8,     2, 19,   1114, 6.3e-5
    - 4 :   2, 10,  574,    4,  9,     6,  2,     2,  9,     2, 19,   1257, 5.8e-5
    - 5 :   2, 10,  576,    5,  8,     6,  2,     2, 10,     2, 19,   1450, 6.2e-5
    - 6 :   2, 10,  585,    6,  7,     6,  2,     2, 10,     2, 19,   1660, 5.7e-5
    - 7 :   2, 10,  573,    5,  8,     6,  2,     3,  7,     2, 19,   1996, 5.9e-5
    - 8 :   2, 10,  588,    6,  7,     6,  2,     3,  8,     2, 19,   2302, 6.1e-5
    - 9 :   2, 10,  596,    7,  6,     7,  2,     3,  8,     2, 19,   2608, 5.9e-5
    - 10:   2, 10,  631,    6,  7,     7,  2,     4,  6,     2, 19,   3123, 6.3e-5
    - 11:   2, 10,  580,    7,  6,     6,  2,     5,  5,     2, 19,   3939, 5.6e-5
    - 12:   2, 10,  629,    9,  5,    14,  1,     5,  5,     2, 19,   5186, 6.3e-5
    - 13:   2, 10,  594,    8,  5,    13,  1,     7,  4,     2, 19,   6085, 6.1e-5
    - 14:   2, 10,  606,   11,  4,    14,  1,     7,  4,     2, 19,   7915, 6.2e-5
    - 15:   2, 10,  577,   14,  3,    13,  1,    10,  3,     2, 19,  12789, 6.0e-5
    - 16:   2, 10,  578,   22,  2,    13,  1,    10,  3,     3, 14,  19598, 5.7e-5
    - 17:   2, 10,  603,   22,  2,    14,  1,    16,  2,     3, 14,  31807, 6.2e-5
    # no solution starting from log norm2 = 18

  - 4: # bits
    -ln2:   k,  N,    n, br_l,br_b, ks_l,ks_b, cb_l,cb_b, pp_l,pp_b,  cost, p_error
    - 0 :   2, 10,  570,    2, 15,     6,  2,     2,  7,     1, 29,   1387, 5.7e-5
    - 1 :   2, 10,  562,    3, 12,     6,  2,     2,  8,     1, 29,   1717, 5.2e-5
    - 2 :   2, 10,  581,    3, 12,     6,  2,     2,  8,     1, 29,   1766, 5.8e-5
    - 3 :   2, 10,  560,    4,  9,     6,  2,     2,  9,     2, 19,   2345, 6.3e-5
    - 4 :   2, 10,  572,    4,  9,     6,  2,     2,  9,     2, 19,   2383, 5.5e-5
    - 5 :   2, 10,  576,    5,  8,     6,  2,     2, 10,     2, 19,   2750, 6.1e-5
    - 6 :   2, 10,  594,    6,  7,     7,  2,     2, 10,     2, 19,   3204, 6.2e-5
    - 7 :   2, 10,  570,    5,  8,     6,  2,     3,  7,     2, 19,   3828, 5.8e-5
    - 8 :   2, 10,  607,    6,  7,     7,  2,     3,  8,     2, 19,   4564, 6.2e-5
    - 9 :   2, 10,  577,    8,  5,     6,  2,     3,  8,     2, 19,   5355, 5.7e-5
    - 10:   2, 10,  578,    7,  6,     6,  2,     4,  6,     2, 19,   6261, 5.7e-5
    - 11:   2, 10,  583,    7,  6,     6,  2,     5,  5,     2, 19,   7712, 6.2e-5
    - 12:   2, 10,  570,    7,  6,    12,  1,     7,  4,     2, 19,  10455, 6.3e-5
    - 13:   2, 10,  590,    9,  5,    13,  1,     7,  4,     2, 19,  12949, 6.3e-5
    - 14:   2, 10,  585,   14,  3,    13,  1,     7,  4,     2, 19,  18255, 6.0e-5
    - 15:   2, 10,  603,   14,  3,    14,  1,    10,  3,     2, 19,  26225, 6.2e-5
    - 16:   2, 10,  609,   22,  2,    14,  1,    10,  3,     3, 14,  40488, 6.2e-5
    - 17:   2, 10,  576,   44,  1,    13,  1,    16,  2,     3, 14, 111942, 5.8e-5
    # no solution starting from log norm2 = 18

  - 5: # bits
    -ln2:   k,  N,    n, br_l,br_b, ks_l,ks_b, cb_l,cb_b, pp_l,pp_b,  cost, p_error
    - 0 :   2, 10,  570,    2, 15,     6,  2,     2,  7,     1, 29,   1387, 5.7e-5
    - 1 :   2, 10,  562,    3, 12,     6,  2,     2,  8,     1, 29,   1717, 5.2e-5
    - 2 :   2, 10,  581,    3, 12,     6,  2,     2,  8,     1, 29,   1766, 5.8e-5
    - 3 :   2, 10,  560,    4,  9,     6,  2,     2,  9,     2, 19,   2345, 6.3e-5
    - 4 :   2, 10,  572,    4,  9,     6,  2,     2,  9,     2, 19,   2383, 5.5e-5
    - 5 :   2, 10,  576,    5,  8,     6,  2,     2, 10,     2, 19,   2750, 6.1e-5
    - 6 :   2, 10,  594,    6,  7,     7,  2,     2, 10,     2, 19,   3204, 6.2e-5
    - 7 :   2, 10,  570,    5,  8,     6,  2,     3,  7,     2, 19,   3828, 5.8e-5
    - 8 :   2, 10,  607,    6,  7,     7,  2,     3,  8,     2, 19,   4564, 6.2e-5
    - 9 :   2, 10,  577,    8,  5,     6,  2,     3,  8,     2, 19,   5355, 5.7e-5
    - 10:   2, 10,  578,    7,  6,     6,  2,     4,  6,     2, 19,   6261, 5.7e-5
    - 11:   2, 10,  583,    7,  6,     6,  2,     5,  5,     2, 19,   7712, 6.2e-5
    - 12:   2, 10,  570,    7,  6,    12,  1,     7,  4,     2, 19,  10455, 6.3e-5
    - 13:   2, 10,  590,    9,  5,    13,  1,     7,  4,     2, 19,  12949, 6.3e-5
    - 14:   2, 10,  585,   14,  3,    13,  1,     7,  4,     2, 19,  18255, 6.0e-5
    - 15:   2, 10,  603,   14,  3,    14,  1,    10,  3,     2, 19,  26225, 6.2e-5
    - 16:   2, 10,  609,   22,  2,    14,  1,    10,  3,     3, 14,  40488, 6.2e-5
    - 17:   2, 10,  576,   44,  1,    13,  1,    16,  2,     3, 14, 111942, 5.8e-5
    # no solution starting from log norm2 = 18

  - 6: # bits
    -ln2:   k,  N,    n, br_l,br_b, ks_l,ks_b, cb_l,cb_b, pp_l,pp_b,  cost, p_error
    - 0 :   2, 10,  595,    2, 15,     4,  3,     2,  7,     1, 29,   1664, 5.7e-5
    - 1 :   2, 10,  562,    3, 12,     6,  2,     2,  8,     1, 29,   2054, 6.2e-5
    - 2 :   2, 10,  588,    3, 12,     6,  2,     2,  8,     1, 29,   2133, 6.3e-5
    - 3 :   2, 10,  561,    4,  9,     6,  2,     2,  9,     2, 19,   2801, 5.5e-5
    - 4 :   2, 10,  575,    4,  9,     6,  2,     2,  9,     2, 19,   2854, 6.0e-5
    - 5 :   2, 10,  582,    5,  8,     6,  2,     2, 10,     2, 19,   3310, 5.8e-5
    - 6 :   2, 10,  619,    6,  7,     7,  2,     2, 10,     2, 19,   3962, 6.3e-5
    - 7 :   2, 10,  573,    5,  8,     6,  2,     3,  7,     2, 19,   4559, 5.8e-5
    - 8 :   2, 10,  567,    7,  6,     6,  2,     3,  8,     2, 19,   5684, 5.3e-5
    - 9 :   2, 10,  583,    8,  5,     6,  2,     3,  8,     2, 19,   6414, 5.8e-5
    - 10:   2, 10,  584,    7,  6,     6,  2,     4,  6,     2, 19,   7467, 6.0e-5
    - 11:   2, 10,  590,    7,  6,     7,  2,     5,  5,     2, 19,   9211, 6.3e-5
    - 12:   2, 10,  576,    7,  6,    13,  1,     7,  4,     2, 19,  12431, 5.9e-5
    - 13:   2, 10,  595,   10,  4,    13,  1,     7,  4,     2, 19,  16644, 6.3e-5
    - 14:   2, 10,  610,   14,  3,    14,  1,     7,  4,     2, 19,  22334, 6.2e-5
    - 15:   2, 10,  579,   14,  3,    13,  1,    10,  3,     3, 14,  31361, 5.9e-5
    - 16:   2, 10,  606,   22,  2,    14,  1,    11,  3,     3, 14,  51798, 6.3e-5
    - 17:   2, 10,  588,   44,  1,    13,  1,    16,  2,     3, 14, 133706, 6.1e-5
    # no solution starting from log norm2 = 18

  - 7: # bits
    -ln2:   k,  N,    n, br_l,br_b, ks_l,ks_b, cb_l,cb_b, pp_l,pp_b,  cost, p_error
    - 0 :   2, 10,  598,    2, 15,     6,  2,     2,  7,     1, 29,   2004, 6.3e-5
    - 1 :   2, 10,  573,    3, 12,     6,  2,     2,  8,     1, 29,   2430, 6.1e-5
    - 2 :   2, 10,  584,    3, 12,     6,  2,     2,  8,     2, 19,   2853, 6.1e-5
    - 3 :   2, 10,  571,    4,  9,     6,  2,     2,  9,     2, 19,   3299, 5.3e-5
    - 4 :   2, 10,  601,    4,  9,     7,  2,     2,  9,     2, 19,   3462, 6.1e-5
    - 5 :   2, 10,  576,    6,  7,     6,  2,     2, 10,     2, 19,   4313, 6.0e-5
    - 6 :   2, 10,  597,    4,  9,     6,  2,     3,  7,     2, 19,   4736, 6.0e-5
    - 7 :   2, 10,  599,    5,  8,     6,  2,     3,  7,     2, 19,   5461, 6.1e-5
    - 8 :   2, 10,  582,    7,  6,     6,  2,     3,  8,     2, 19,   6723, 5.9e-5
    - 9 :   2, 10,  590,    6,  7,     6,  2,     4,  6,     2, 19,   7797, 5.9e-5
    - 10:   2, 10,  597,    6,  7,     7,  2,     5,  5,     2, 19,   9616, 6.1e-5
    - 11:   2, 10,  598,    8,  5,     7,  2,     5,  5,     2, 19,  11837, 6.3e-5
    - 12:   2, 10,  573,    8,  5,    13,  1,     7,  4,     2, 19,  15672, 5.8e-5
    - 13:   2, 10,  576,   11,  4,    13,  1,     7,  4,     2, 19,  20063, 5.8e-5
    - 14:   2, 10,  587,   11,  4,    13,  1,    10,  3,     2, 19,  28361, 6.0e-5
    - 15:   2, 10,  618,   15,  3,    14,  1,    10,  3,     3, 14,  40226, 6.3e-5
    - 16:   2, 10,  610,   22,  2,    14,  1,    15,  2,     3, 14,  80358, 6.3e-5
    - 17:   2, 10,  606,   44,  1,    14,  1,    32,  1,     3, 14, 309448, 6.2e-5
    # no solution starting from log norm2 = 18

  - 8: # bits
    -ln2:   k,  N,    n, br_l,br_b, ks_l,ks_b, cb_l,cb_b, pp_l,pp_b,  cost, p_error
    - 0 :   2, 10,  611,    2, 15,     6,  2,     2,  7,     1, 29,   2325, 6.2e-5
    - 1 :   2, 10,  575,    3, 12,     6,  2,     2,  8,     1, 29,   2780, 5.2e-5
    - 2 :   2, 10,  588,    3, 12,     6,  2,     2,  8,     2, 19,   3265, 6.1e-5
    - 3 :   2, 10,  572,    4,  9,     6,  2,     2,  9,     2, 19,   3763, 5.1e-5
    - 4 :   2, 10,  615,    4,  9,     7,  2,     2,  9,     2, 19,   4017, 6.2e-5
    - 5 :   2, 10,  578,    6,  7,     6,  2,     2, 10,     2, 19,   4931, 5.9e-5
    - 6 :   2, 10,  600,    4,  9,     7,  2,     3,  7,     2, 19,   5434, 6.3e-5
    - 7 :   2, 10,  603,    5,  8,     7,  2,     3,  7,     2, 19,   6270, 6.1e-5
    - 8 :   2, 10,  585,    7,  6,     6,  2,     3,  8,     2, 19,   7671, 6.2e-5
    - 9 :   2, 10,  593,    6,  7,     7,  2,     4,  6,     2, 19,   8909, 5.9e-5
    - 10:   2, 10,  599,    8,  5,     7,  2,     4,  6,     2, 19,  11046, 6.3e-5
    - 11:   2, 10,  609,    8,  5,     7,  2,     5,  5,     2, 19,  13610, 6.3e-5
    - 12:   2, 10,  577,    8,  5,    13,  1,     7,  4,     2, 19,  17822, 5.6e-5
    - 13:   2, 10,  580,   11,  4,    13,  1,     7,  4,     2, 19,  22823, 6.3e-5
    - 14:   2, 10,  598,   11,  4,    13,  1,    10,  3,     2, 19,  32542, 6.3e-5
    - 15:   2, 10,  588,   21,  2,    13,  1,    10,  3,     3, 14,  57385, 6.0e-5
    - 16:   2, 10,  579,   22,  2,    13,  1,    16,  2,     3, 14,  92004, 6.2e-5
    - 17:   2, 10,  606,   45,  1,    14,  1,    33,  1,     3, 14, 366759, 6.3e-5
    # no solution starting from log norm2 = 18

  - 9: # bits
    -ln2:   k,  N,    n, br_l,br_b, ks_l,ks_b, cb_l,cb_b, pp_l,pp_b,  cost, p_error
    - 0 :   2, 10,  596,    5,  8,     6,  2,     1, 14,     2, 19,   3328, 6.0e-5
    - 1 :   2, 10,  577,    3, 12,     6,  2,     2,  8,     1, 29,   3373, 6.0e-5
    - 2 :   2, 10,  599,    3, 12,     6,  2,     2,  8,     2, 19,   4010, 6.1e-5
    - 3 :   2, 10,  573,    4,  9,     6,  2,     2,  9,     2, 19,   4564, 5.9e-5
    - 4 :   2, 10,  575,    5,  8,     6,  2,     2, 10,     2, 19,   5260, 6.0e-5
    - 5 :   2, 10,  582,    6,  7,     6,  2,     2, 10,     2, 19,   6003, 6.1e-5
    - 6 :   2, 10,  572,    5,  8,     6,  2,     3,  7,     2, 19,   7261, 6.1e-5
    - 7 :   2, 10,  585,    6,  7,     6,  2,     3,  8,     2, 19,   8349, 5.9e-5
    - 8 :   2, 10,  594,    7,  6,     6,  2,     3,  8,     2, 19,   9428, 6.2e-5
    - 9 :   2, 10,  609,    6,  7,     7,  2,     4,  6,     2, 19,  11064, 6.1e-5
    - 10:   2, 10,  630,    8,  5,     7,  2,     4,  6,     2, 19,  14008, 6.3e-5
    - 11:   2, 10,  614,    9,  5,     7,  2,     5,  5,     2, 19,  18231, 6.3e-5
    - 12:   2, 10,  586,    8,  5,    13,  1,     7,  4,     2, 19,  21984, 6.2e-5
    - 13:   2, 10,  594,   11,  4,    13,  1,     7,  4,     2, 19,  28373, 6.3e-5
    - 14:   2, 10,  602,   11,  4,    14,  1,    10,  3,     3, 14,  42582, 6.1e-5
    - 15:   2, 10,  575,   22,  2,    13,  1,    10,  3,     3, 14,  71340, 5.6e-5
    - 16:   2, 10,  592,   22,  2,    13,  1,    16,  2,     3, 14, 114494, 6.2e-5
    # no solution starting from log norm2 = 17

  - 10: # bits
    -ln2:   k,  N,    n, br_l,br_b, ks_l,ks_b, cb_l,cb_b, pp_l,pp_b,  cost, p_error
    - 0 :   2, 10,  616,    3, 12,     7,  2,     2,  8,     2, 19,   4250, 6.0e-5
    - 1 :   2, 10,  601,    4,  9,     7,  2,     2,  9,     2, 19,   4912, 6.0e-5
    - 2 :   2, 10,  655,    4,  9,     7,  2,     2,  9,     2, 19,   5258, 6.3e-5
    - 3 :   2, 10,  607,    6,  7,     7,  2,     2, 10,     2, 19,   6444, 6.3e-5
    - 4 :   2, 10,  635,    4,  9,     7,  2,     3,  7,     2, 19,   7030, 6.1e-5
    - 5 :   2, 10,  635,    5,  8,     7,  2,     3,  7,     2, 19,   8098, 6.3e-5
    - 6 :   2, 10,  614,    7,  6,     7,  2,     3,  8,     2, 19,   9948, 6.3e-5
    - 7 :   2, 10,  624,    6,  7,     7,  2,     4,  6,     2, 19,  11475, 6.3e-5
    - 8 :   2, 10,  631,    8,  5,     7,  2,     4,  6,     2, 19,  14272, 6.1e-5
    - 9 :   2, 10,  645,    8,  5,     7,  2,     5,  5,     2, 19,  17628, 6.2e-5
    - 10:   2, 10,  608,    8,  5,    14,  1,     7,  4,     2, 19,  22965, 5.9e-5
    - 11:   2, 10,  612,   11,  4,    14,  1,     7,  4,     2, 19,  29493, 5.9e-5
    - 12:   2, 10,  634,   11,  4,    15,  1,    10,  3,     2, 19,  42170, 6.3e-5
    - 13:   2, 10,  621,   21,  2,    14,  1,    10,  3,     3, 14,  74065, 6.0e-5
    - 14:   2, 10,  611,   22,  2,    14,  1,    16,  2,     3, 14, 118409, 6.1e-5
    # no solution starting from log norm2 = 15

  - 11: # bits
    -ln2:   k,  N,    n, br_l,br_b, ks_l,ks_b, cb_l,cb_b, pp_l,pp_b,  cost, p_error
    - 0 :   2, 10,  596,    3, 12,     6,  2,     2,  8,     1, 29,   4175, 5.9e-5
    - 1 :   2, 10,  575,    4,  9,     6,  2,     2,  9,     2, 19,   5500, 6.0e-5
    - 2 :   2, 10,  587,    4,  9,     6,  2,     2,  9,     2, 19,   5589, 5.7e-5
    - 3 :   2, 10,  592,    5,  8,     6,  2,     2, 10,     2, 19,   6476, 5.8e-5
    - 4 :   2, 10,  605,    6,  7,     7,  2,     2, 10,     2, 19,   7511, 6.1e-5
    - 5 :   2, 10,  585,    5,  8,     6,  2,     3,  7,     2, 19,   8845, 5.9e-5
    - 6 :   2, 10,  616,    6,  7,     7,  2,     3,  8,     2, 19,  10480, 6.2e-5
    - 7 :   2, 10,  592,    8,  5,     6,  2,     3,  8,     2, 19,  12425, 6.2e-5
    - 8 :   2, 10,  590,    7,  6,     7,  2,     4,  6,     2, 19,  14354, 6.2e-5
    - 9 :   2, 10,  595,    7,  6,     7,  2,     5,  5,     2, 19,  17551, 5.8e-5
    - 10:   2, 10,  582,    7,  6,    13,  1,     7,  4,     2, 19,  23622, 6.1e-5
    - 11:   2, 10,  602,    9,  5,    13,  1,     7,  4,     2, 19,  29221, 6.1e-5
    - 12:   2, 10,  596,   14,  3,    13,  1,     7,  4,     2, 19,  41196, 6.1e-5
    - 13:   2, 10,  609,   14,  3,    14,  1,    10,  3,     2, 19,  58334, 6.3e-5
    - 14:   2, 10,  613,   22,  2,    14,  1,    10,  3,     3, 14,  89757, 6.3e-5
    - 15:   2, 10,  588,   44,  1,    13,  1,    16,  2,     3, 14, 250059, 6.2e-5
    # no solution starting from log norm2 = 16

  - 12: # bits
    -ln2:   k,  N,    n, br_l,br_b, ks_l,ks_b, cb_l,cb_b, pp_l,pp_b,  cost, p_error
    - 0 :   2, 10,  606,    3, 12,     6,  2,     2,  8,     2, 19,   5267, 6.3e-5
    - 1 :   2, 10,  592,    4,  9,     6,  2,     2,  9,     2, 19,   6099, 5.6e-5
    - 2 :   2, 10,  615,    4,  9,     7,  2,     2,  9,     2, 19,   6342, 6.0e-5
    - 3 :   2, 10,  654,    5,  8,     8,  2,     2, 10,     2, 19,   7739, 6.3e-5
    - 4 :   2, 10,  609,    4,  9,     7,  2,     3,  7,     2, 19,   8641, 5.8e-5
    - 5 :   2, 10,  610,    5,  8,     7,  2,     3,  7,     2, 19,   9953, 5.9e-5
    - 6 :   2, 10,  599,    7,  6,     7,  2,     3,  8,     2, 19,  12365, 5.5e-5
    - 7 :   2, 10,  604,    6,  7,     7,  2,     4,  6,     2, 19,  14192, 6.1e-5
    - 8 :   2, 10,  642,    7,  6,    15,  1,     4,  6,     2, 19,  17135, 6.3e-5
    - 9 :   2, 10,  613,    8,  5,     7,  2,     5,  5,     2, 19,  21449, 5.9e-5
    - 10:   2, 10,  591,    8,  5,    13,  1,     7,  4,     2, 19,  28446, 5.7e-5
    - 11:   2, 10,  593,   11,  4,    13,  1,     7,  4,     2, 19,  36407, 6.1e-5
    - 12:   2, 10,  602,   11,  4,    14,  1,    10,  3,     2, 19,  51191, 6.1e-5
    - 13:   2, 10,  622,   15,  3,    14,  1,    10,  3,     3, 14,  71337, 6.3e-5
    - 14:   2, 10,  618,   22,  2,    14,  1,    15,  2,     3, 14, 143043, 6.2e-5
    - 15:   2, 10,  616,   44,  1,    14,  1,    32,  1,     3, 14, 551409, 6.2e-5
    # no solution starting from log norm2 = 16

  - 13: # bits
    -ln2:   k,  N,    n, br_l,br_b, ks_l,ks_b, cb_l,cb_b, pp_l,pp_b,  cost, p_error
    - 0 :   2, 10,  609,    3, 12,     6,  2,     2,  8,     2, 19,   5588, 6.0e-5
    - 1 :   2, 10,  592,    4,  9,     6,  2,     2,  9,     2, 19,   6444, 6.1e-5
    - 2 :   2, 10,  620,    4,  9,     7,  2,     2,  9,     2, 19,   6741, 6.1e-5
    - 3 :   2, 10,  599,    6,  7,     6,  2,     2, 10,     2, 19,   8468, 5.9e-5
    - 4 :   2, 10,  612,    4,  9,     7,  2,     3,  7,     2, 19,   9198, 6.1e-5
    - 5 :   2, 10,  613,    5,  8,     7,  2,     3,  7,     2, 19,  10592, 6.2e-5
    - 6 :   2, 10,  600,    7,  6,     7,  2,     3,  8,     2, 19,  13121, 5.9e-5
    - 7 :   2, 10,  607,    6,  7,     7,  2,     4,  6,     2, 19,  15137, 5.7e-5
    - 8 :   2, 10,  617,    6,  7,     7,  2,     5,  5,     2, 19,  18638, 6.0e-5
    - 9 :   2, 10,  617,    8,  5,     7,  2,     5,  5,     2, 19,  22940, 6.1e-5
    - 10:   2, 10,  592,    8,  5,    13,  1,     7,  4,     2, 19,  30352, 6.3e-5
    - 11:   2, 10,  595,   11,  4,    13,  1,     7,  4,     2, 19,  38900, 6.3e-5
    - 12:   2, 10,  606,   11,  4,    14,  1,    10,  3,     2, 19,  54937, 6.3e-5
    - 13:   2, 10,  648,   15,  3,    15,  1,    11,  3,     3, 14,  86296, 6.3e-5
    - 14:   2, 10,  632,   22,  2,    15,  1,    15,  2,     3, 14, 155989, 6.2e-5
    - 15:   2, 10,  629,   44,  1,    15,  1,    32,  1,     3, 14, 601762, 6.3e-5
    # no solution starting from log norm2 = 16

  - 14: # bits
    -ln2:   k,  N,    n, br_l,br_b, ks_l,ks_b, cb_l,cb_b, pp_l,pp_b,  cost, p_error
    - 0 :   2, 10,  605,    3, 12,     7,  2,     2,  8,     2, 19,   6454, 5.9e-5
    - 1 :   2, 10,  593,    4,  9,     6,  2,     2,  9,     2, 19,   7410, 6.1e-5
    - 2 :   2, 10,  637,    4,  9,     7,  2,     2,  9,     2, 19,   7909, 6.3e-5
    - 3 :   2, 10,  601,    6,  7,     6,  2,     2, 10,     2, 19,   9755, 6.3e-5
    - 4 :   2, 10,  621,    4,  9,     7,  2,     3,  7,     2, 19,  10648, 6.2e-5
    - 5 :   2, 10,  623,    5,  8,     7,  2,     3,  7,     2, 19,  12284, 6.0e-5
    - 6 :   2, 10,  603,    7,  6,     7,  2,     3,  8,     2, 19,  15086, 6.0e-5
    - 7 :   2, 10,  612,    6,  7,     7,  2,     4,  6,     2, 19,  17412, 6.2e-5
    - 8 :   2, 10,  630,    6,  7,     7,  2,     5,  5,     2, 19,  21632, 6.3e-5
    - 9 :   2, 10,  630,    8,  5,     7,  2,     5,  5,     2, 19,  26645, 6.2e-5
    - 10:   2, 10,  597,    8,  5,    13,  1,     7,  4,     2, 19,  34834, 5.9e-5
    - 11:   2, 10,  601,   11,  4,    13,  1,     7,  4,     2, 19,  44716, 6.0e-5
    - 12:   2, 10,  620,   11,  4,    14,  1,    10,  3,     2, 19,  63774, 6.1e-5
    - 13:   2, 10,  608,   21,  2,    14,  1,    10,  3,     3, 14, 112168, 6.1e-5
    - 14:   2, 10,  599,   22,  2,    14,  1,    16,  2,     3, 14, 179655, 6.2e-5
    - 15:   2, 10,  634,   45,  1,    15,  1,    33,  1,     3, 14, 723960, 6.3e-5
    # no solution starting from log norm2 = 16

  - 15: # bits
    -ln2:   k,  N,    n, br_l,br_b, ks_l,ks_b, cb_l,cb_b, pp_l,pp_b,  cost, p_error
    - 0 :   2, 10,  615,    4,  9,     7,  2,     2,  9,     2, 19,   7331, 5.8e-5
    - 1 :   2, 10,  635,    4,  9,     7,  2,     2,  9,     2, 19,   7519, 6.0e-5
    - 2 :   2, 10,  652,    5,  8,     7,  2,     2, 10,     2, 19,   8856, 6.3e-5
    - 3 :   2, 10,  631,    4,  9,     7,  2,     3,  7,     2, 19,  10237, 6.0e-5
    - 4 :   2, 10,  631,    5,  8,     7,  2,     3,  7,     2, 19,  11789, 6.1e-5
    - 5 :   2, 10,  623,    7,  6,     7,  2,     3,  8,     2, 19,  14736, 5.9e-5
    - 6 :   2, 10,  627,    6,  7,     7,  2,     4,  6,     2, 19,  16838, 6.2e-5
    - 7 :   2, 10,  654,    7,  6,     7,  2,     4,  6,     2, 19,  19468, 6.3e-5
    - 8 :   2, 10,  633,    8,  5,     7,  2,     5,  5,     2, 19,  25338, 6.2e-5
    - 9 :   2, 10,  614,    8,  5,    14,  1,     7,  4,     2, 19,  33791, 6.2e-5
    - 10:   2, 10,  616,   11,  4,    14,  1,     7,  4,     2, 19,  43282, 6.0e-5
    - 11:   2, 10,  662,   14,  3,    15,  1,     7,  4,     3, 14,  58973, 6.3e-5
    - 12:   2, 10,  634,   15,  3,    15,  1,    10,  3,     3, 14,  83222, 6.1e-5
    - 13:   2, 10,  632,   22,  2,    14,  1,    15,  2,     3, 14, 167175, 6.3e-5
    - 14:   2, 10,  631,   44,  1,    15,  1,    32,  1,     3, 14, 645437, 6.2e-5
    # no solution starting from log norm2 = 15

  - 16: # bits
    -ln2:   k,  N,    n, br_l,br_b, ks_l,ks_b, cb_l,cb_b, pp_l,pp_b,  cost, p_error
    - 0 :   2, 10,  603,    4,  9,     6,  2,     2,  9,     2, 19,   8001, 5.9e-5
    - 1 :   2, 10,  606,    4,  9,     7,  2,     2,  9,     2, 19,   8106, 5.8e-5
    - 2 :   2, 10,  609,    5,  8,     7,  2,     2, 10,     2, 19,   9361, 6.2e-5
    - 3 :   2, 10,  621,    6,  7,     7,  2,     2, 10,     2, 19,  10759, 6.1e-5
    - 4 :   2, 10,  605,    5,  8,     7,  2,     3,  7,     2, 19,  12773, 5.6e-5
    - 5 :   2, 10,  628,    6,  7,     7,  2,     3,  8,     2, 19,  14884, 6.2e-5
    - 6 :   2, 10,  652,    5,  8,     7,  2,     4,  6,     2, 19,  17222, 6.3e-5
    - 7 :   2, 10,  610,    7,  6,     7,  2,     4,  6,     2, 19,  20592, 5.9e-5
    - 8 :   2, 10,  613,    7,  6,     7,  2,     5,  5,     2, 19,  25077, 6.3e-5
    - 9 :   2, 10,  630,    8,  5,    14,  1,     6,  5,     2, 19,  33811, 6.2e-5
    - 10:   2, 10,  615,    9,  5,    14,  1,     7,  4,     2, 19,  41504, 6.0e-5
    - 11:   2, 10,  611,   14,  3,    14,  1,     7,  4,     2, 19,  58691, 6.0e-5
    - 12:   2, 10,  619,   14,  3,    14,  1,    10,  3,     2, 19,  82282, 6.2e-5
    - 13:   2, 10,  621,   22,  2,    14,  1,    10,  3,     3, 14, 126169, 6.2e-5
    - 14:   2, 10,  606,   44,  1,    14,  1,    16,  2,     3, 14, 357053, 6.3e-5
    # no solution starting from log norm2 = 15
