security level: 96
target p_error: 6.3e-5
per precision and log norm2:

  - 1: # bits
    -ln2:   k,  N,    n, br_l,br_b, ks_l,ks_b, cb_l,cb_b,  cost, p_error
    - 0 :   2, 10,  539,    3, 12,     5,  3,     1, 13,    166, 5.2e-5
    - 1 :   2, 10,  567,    3, 12,     5,  3,     1, 13,    171, 6.3e-5
    - 2 :   2, 10,  540,    4,  9,     7,  2,     1, 14,    217, 6.3e-5
    - 3 :   1, 11,  520,    6,  7,     7,  2,     1, 15,    305, 5.4e-5
    - 4 :   2, 10,  520,    3, 12,     7,  2,     2,  9,    320, 5.8e-5
    - 5 :   2, 10,  517,    4,  9,     7,  2,     2,  9,    409, 5.1e-5
    - 6 :   2, 10,  528,    4,  9,     7,  2,     2,  9,    414, 5.8e-5
    - 7 :   2, 10,  527,    5,  8,     7,  2,     2, 10,    505, 5.9e-5
    - 8 :   2, 10,  544,    6,  7,     7,  2,     2, 10,    606, 6.0e-5
    - 9 :   2, 10,  525,    5,  8,     7,  2,     3,  7,    748, 6.0e-5
    - 10:   2, 10,  543,    6,  7,     7,  2,     3,  8,    901, 6.0e-5
    - 11:   2, 10,  552,    5,  8,    15,  1,     4,  6,   1037, 6.3e-5
    - 12:   1, 11,  514,    7,  6,    13,  1,     4,  6,   1358, 6.2e-5
    - 13:   1, 11,  516,    7,  6,    14,  1,     5,  5,   1698, 6.2e-5
    - 14:   1, 11,  516,    7,  6,    14,  1,     7,  4,   2365, 5.5e-5
    - 15:   2, 10,  529,    9,  5,    14,  1,     7,  4,   3029, 6.2e-5
    - 16:   2, 10,  557,   11,  4,    15,  1,     8,  4,   4301, 6.3e-5
    - 17:   1, 11,  518,   14,  3,    14,  1,    10,  3,   6480, 5.9e-5
    - 18:   1, 11,  542,   22,  2,    15,  1,    10,  3,  10330, 6.3e-5
    - 19:   1, 11,  521,   44,  1,    14,  1,    16,  2,  31752, 6.3e-5
    # no solution starting from log norm2 = 20

  - 2: # bits
    -ln2:   k,  N,    n, br_l,br_b, ks_l,ks_b, cb_l,cb_b,  cost, p_error
    - 0 :   2, 10,  519,    2, 16,     7,  2,     2,  7,    517, 5.7e-5
    - 1 :   2, 10,  564,    2, 16,     7,  2,     2,  7,    545, 6.3e-5
    - 2 :   2, 10,  517,    3, 12,     7,  2,     2,  9,    718, 5.3e-5
    - 3 :   2, 10,  529,    3, 12,     7,  2,     2,  9,    728, 6.1e-5
    - 4 :   2, 10,  520,    4,  9,     7,  2,     2,  9,    923, 5.4e-5
    - 5 :   1, 11,  544,    4,  9,     7,  2,     2,  9,   1009, 6.2e-5
    - 6 :   2, 10,  518,    4,  9,     7,  2,     3,  7,   1317, 6.2e-5
    - 7 :   2, 10,  550,    4,  9,     7,  2,     3,  7,   1363, 6.2e-5
    - 8 :   2, 10,  556,    5,  8,     7,  2,     3,  7,   1675, 6.3e-5
    - 9 :   2, 10,  526,    5,  8,     7,  2,     4,  6,   2114, 5.6e-5
    - 10:   2, 10,  534,    6,  7,     7,  2,     4,  6,   2520, 5.9e-5
    - 11:   2, 10,  532,    6,  7,    14,  1,     5,  5,   3129, 6.2e-5
    - 12:   1, 11,  528,    8,  5,    15,  1,     5,  5,   4157, 6.3e-5
    - 13:   2, 10,  522,    8,  5,    14,  1,     7,  4,   5570, 5.7e-5
    - 14:   1, 11,  514,   11,  4,    14,  1,     7,  4,   7523, 5.6e-5
    - 15:   2, 10,  523,   11,  4,    14,  1,    10,  3,  10653, 6.3e-5
    - 16:   2, 10,  566,   15,  3,    16,  1,    10,  3,  14974, 6.3e-5
    - 17:   1, 11,  564,   22,  2,    16,  1,    15,  2,  32497, 6.3e-5
    - 18:   2, 10,  557,   44,  1,    15,  1,    32,  1, 134212, 6.3e-5
    # no solution starting from log norm2 = 19

  - 3: # bits
    -ln2:   k,  N,    n, br_l,br_b, ks_l,ks_b, cb_l,cb_b,  cost, p_error
    - 0 :   2, 10,  552,    5,  8,     7,  2,     1, 15,   1061, 6.2e-5
    - 1 :   2, 10,  518,    3, 12,     7,  2,     2,  9,   1119, 6.1e-5
    - 2 :   2, 10,  549,    3, 12,     7,  2,     2,  9,   1160, 6.3e-5
    - 3 :   2, 10,  523,    4,  9,     7,  2,     2,  9,   1441, 6.1e-5
    - 4 :   2, 10,  523,    5,  8,     7,  2,     2, 10,   1757, 5.6e-5
    - 5 :   2, 10,  521,    4,  9,     7,  2,     3,  7,   2033, 5.9e-5
    - 6 :   2, 10,  522,    5,  8,     7,  2,     3,  7,   2487, 5.5e-5
    - 7 :   2, 10,  530,    6,  7,     7,  2,     3,  8,   2964, 6.2e-5
    - 8 :   2, 10,  536,    5,  8,     7,  2,     4,  6,   3267, 6.3e-5
    - 9 :   2, 10,  539,    5,  8,    15,  1,     5,  5,   4072, 6.3e-5
    - 10:   2, 10,  518,    7,  6,    14,  1,     5,  5,   5421, 5.7e-5
    - 11:   2, 10,  528,    8,  5,    14,  1,     6,  5,   7353, 6.0e-5
    - 12:   2, 10,  544,    8,  5,    15,  1,     7,  4,   8642, 6.3e-5
    - 13:   2, 10,  536,   11,  4,    15,  1,     7,  4,  11604, 6.3e-5
    - 14:   2, 10,  566,   11,  4,    16,  1,    10,  3,  16791, 6.3e-5
    - 15:   1, 11,  538,   14,  3,    15,  1,    15,  2,  30733, 6.3e-5
    - 16:   2, 10,  544,   22,  2,    15,  1,    16,  2,  50885, 6.3e-5
    # no solution starting from log norm2 = 17

  - 4: # bits
    -ln2:   k,  N,    n, br_l,br_b, ks_l,ks_b, cb_l,cb_b,  cost, p_error
    - 0 :   2, 10,  516,    3, 12,     7,  2,     2,  9,   2153, 5.6e-5
    - 1 :   2, 10,  524,    3, 12,     7,  2,     2,  9,   2173, 5.9e-5
    - 2 :   2, 10,  518,    4,  9,     7,  2,     2,  9,   2765, 5.8e-5
    - 3 :   2, 10,  542,    4,  9,     7,  2,     2,  9,   2839, 6.3e-5
    - 4 :   2, 10,  540,    5,  8,     7,  2,     2, 10,   3453, 6.2e-5
    - 5 :   2, 10,  533,    4,  9,     7,  2,     3,  7,   4016, 5.9e-5
    - 6 :   2, 10,  535,    5,  8,     7,  2,     3,  7,   4918, 6.0e-5
    - 7 :   2, 10,  522,    5,  8,     7,  2,     4,  6,   6315, 5.8e-5
    - 8 :   2, 10,  526,    6,  7,     7,  2,     4,  6,   7501, 6.3e-5
    - 9 :   2, 10,  541,    7,  6,    15,  1,     4,  6,   8893, 6.2e-5
    - 10:   1, 11,  545,    7,  6,    15,  1,     5,  5,  11287, 6.2e-5
    - 11:   2, 10,  535,    7,  6,    15,  1,     7,  4,  14943, 6.2e-5
    - 12:   1, 11,  535,    8,  5,    14,  1,     9,  3,  21872, 6.2e-5
    - 13:   1, 11,  542,   14,  3,    15,  1,     7,  4,  29429, 6.3e-5
    - 14:   1, 11,  525,   15,  3,    14,  1,    10,  3,  43274, 6.2e-5
    - 15:   1, 11,  523,   22,  2,    14,  1,    15,  2,  92687, 6.1e-5
    - 16:   2, 10,  553,   45,  1,    15,  1,    16,  2, 206774, 6.3e-5
    # no solution starting from log norm2 = 17

  - 5: # bits
    -ln2:   k,  N,    n, br_l,br_b, ks_l,ks_b, cb_l,cb_b,  cost, p_error
    - 0 :   2, 10,  516,    3, 12,     7,  2,     2,  9,   2153, 5.6e-5
    - 1 :   2, 10,  524,    3, 12,     7,  2,     2,  9,   2173, 5.9e-5
    - 2 :   2, 10,  518,    4,  9,     7,  2,     2,  9,   2765, 5.8e-5
    - 3 :   2, 10,  542,    4,  9,     7,  2,     2,  9,   2839, 6.3e-5
    - 4 :   2, 10,  540,    5,  8,     7,  2,     2, 10,   3453, 6.2e-5
    - 5 :   2, 10,  533,    4,  9,     7,  2,     3,  7,   4016, 5.9e-5
    - 6 :   2, 10,  535,    5,  8,     7,  2,     3,  7,   4918, 6.0e-5
    - 7 :   2, 10,  522,    5,  8,     7,  2,     4,  6,   6315, 5.8e-5
    - 8 :   2, 10,  526,    6,  7,     7,  2,     4,  6,   7501, 6.3e-5
    - 9 :   2, 10,  541,    7,  6,    15,  1,     4,  6,   8893, 6.2e-5
    - 10:   1, 11,  545,    7,  6,    15,  1,     5,  5,  11287, 6.2e-5
    - 11:   2, 10,  535,    7,  6,    15,  1,     7,  4,  14943, 6.2e-5
    - 12:   1, 11,  535,    8,  5,    14,  1,     9,  3,  21872, 6.2e-5
    - 13:   1, 11,  542,   14,  3,    15,  1,     7,  4,  29429, 6.3e-5
    - 14:   1, 11,  525,   15,  3,    14,  1,    10,  3,  43274, 6.2e-5
    - 15:   1, 11,  523,   22,  2,    14,  1,    15,  2,  92687, 6.1e-5
    - 16:   2, 10,  553,   45,  1,    15,  1,    16,  2, 206774, 6.3e-5
    # no solution starting from log norm2 = 17

  - 6: # bits
    -ln2:   k,  N,    n, br_l,br_b, ks_l,ks_b, cb_l,cb_b,  cost, p_error
    - 0 :   2, 10,  516,    3, 12,     7,  2,     2,  9,   2552, 6.1e-5
    - 1 :   2, 10,  526,    3, 12,     7,  2,     2,  9,   2581, 6.3e-5
    - 2 :   2, 10,  519,    4,  9,     7,  2,     2,  9,   3280, 5.5e-5
    - 3 :   2, 10,  560,    4,  9,     7,  2,     2,  9,   3433, 6.3e-5
    - 4 :   2, 10,  556,    5,  8,     7,  2,     2, 10,   4164, 6.2e-5
    - 5 :   2, 10,  539,    4,  9,     7,  2,     3,  7,   4768, 6.3e-5
    - 6 :   2, 10,  542,    5,  8,     7,  2,     3,  7,   5844, 6.3e-5
    - 7 :   2, 10,  524,    5,  8,     7,  2,     4,  6,   7446, 5.6e-5
    - 8 :   2, 10,  530,    6,  7,     7,  2,     4,  6,   8860, 5.8e-5
    - 9 :   1, 11,  546,    7,  6,    15,  1,     4,  6,  10874, 6.2e-5
    - 10:   2, 10,  539,    8,  5,    14,  1,     5,  5,  14511, 6.2e-5
    - 11:   2, 10,  563,    7,  6,    16,  1,     7,  4,  18020, 6.3e-5
    - 12:   1, 11,  511,   11,  4,    14,  1,     7,  4,  26395, 5.8e-5
    - 13:   1, 11,  539,   15,  3,    15,  1,     7,  4,  36770, 6.2e-5
    - 14:   2, 10,  537,   15,  3,    15,  1,    10,  3,  51177, 6.3e-5
    - 15:   1, 11,  534,   22,  2,    14,  1,    15,  2, 109965, 6.3e-5
    - 16:   1, 11,  534,   44,  1,    15,  1,    32,  1, 456736, 6.3e-5
    # no solution starting from log norm2 = 17

  - 7: # bits
    -ln2:   k,  N,    n, br_l,br_b, ks_l,ks_b, cb_l,cb_b,  cost, p_error
    - 0 :   2, 10,  517,    3, 12,     7,  2,     2,  9,   2954, 5.3e-5
    - 1 :   2, 10,  529,    3, 12,     7,  2,     2,  9,   2996, 6.1e-5
    - 2 :   2, 10,  520,    4,  9,     7,  2,     2,  9,   3797, 5.4e-5
    - 3 :   1, 11,  544,    4,  9,     7,  2,     2,  9,   4181, 6.2e-5
    - 4 :   2, 10,  518,    4,  9,     7,  2,     3,  7,   5371, 6.2e-5
    - 5 :   2, 10,  550,    4,  9,     7,  2,     3,  7,   5560, 6.2e-5
    - 6 :   2, 10,  556,    5,  8,     7,  2,     3,  7,   6833, 6.3e-5
    - 7 :   2, 10,  526,    5,  8,     7,  2,     4,  6,   8581, 5.6e-5
    - 8 :   2, 10,  534,    6,  7,     7,  2,     4,  6,  10232, 5.9e-5
    - 9 :   2, 10,  532,    6,  7,    14,  1,     5,  5,  12666, 6.2e-5
    - 10:   1, 11,  528,    8,  5,    15,  1,     5,  5,  16886, 6.3e-5
    - 11:   2, 10,  522,    8,  5,    14,  1,     7,  4,  22470, 5.7e-5
    - 12:   2, 10,  520,   11,  4,    14,  1,     7,  4,  30364, 5.9e-5
    - 13:   2, 10,  523,   11,  4,    14,  1,    10,  3,  42865, 6.3e-5
    - 14:   2, 10,  566,   15,  3,    16,  1,    10,  3,  60264, 6.3e-5
    - 15:   1, 11,  564,   22,  2,    16,  1,    15,  2, 130696, 6.3e-5
    - 16:   2, 10,  557,   44,  1,    15,  1,    32,  1, 537874, 6.3e-5
    # no solution starting from log norm2 = 17

  - 8: # bits
    -ln2:   k,  N,    n, br_l,br_b, ks_l,ks_b, cb_l,cb_b,  cost, p_error
    - 0 :   2, 10,  517,    3, 12,     7,  2,     2,  9,   3353, 5.8e-5
    - 1 :   2, 10,  532,    3, 12,     7,  2,     2,  9,   3413, 6.3e-5
    - 2 :   2, 10,  520,    4,  9,     7,  2,     2,  9,   4309, 6.3e-5
    - 3 :   2, 10,  551,    3, 12,     7,  2,     3,  6,   4908, 6.2e-5
    - 4 :   2, 10,  519,    4,  9,     7,  2,     3,  7,   6087, 5.8e-5
    - 5 :   2, 10,  558,    4,  9,    15,  1,     3,  7,   6507, 6.3e-5
    - 6 :   1, 11,  543,    5,  8,     7,  2,     3,  7,   8039, 6.2e-5
    - 7 :   2, 10,  528,    5,  8,     7,  2,     4,  6,   9720, 5.8e-5
    - 8 :   2, 10,  539,    6,  7,     7,  2,     4,  6,  11626, 6.0e-5
    - 9 :   2, 10,  541,    6,  7,    15,  1,     5,  5,  14456, 6.2e-5
    - 10:   1, 11,  540,    8,  5,    15,  1,     5,  5,  19396, 6.1e-5
    - 11:   2, 10,  525,    8,  5,    14,  1,     7,  4,  25426, 6.1e-5
    - 12:   2, 10,  523,   11,  4,    14,  1,     7,  4,  34355, 6.0e-5
    - 13:   2, 10,  528,   11,  4,    14,  1,    10,  3,  48552, 6.0e-5
    - 14:   1, 11,  519,   14,  3,    14,  1,    15,  2,  89996, 5.8e-5
    - 15:   1, 11,  523,   22,  2,    14,  1,    16,  2, 149067, 5.8e-5
    - 16:   2, 10,  544,   45,  1,    15,  1,    33,  1, 630864, 6.3e-5
    # no solution starting from log norm2 = 17

  - 9: # bits
    -ln2:   k,  N,    n, br_l,br_b, ks_l,ks_b, cb_l,cb_b,  cost, p_error
    - 0 :   2, 10,  536,    3, 12,     7,  2,     2,  9,   3838, 6.3e-5
    - 1 :   2, 10,  521,    4,  9,     7,  2,     2,  9,   4828, 6.2e-5
    - 2 :   2, 10,  567,    3, 12,     8,  2,     3,  6,   5600, 6.3e-5
    - 3 :   2, 10,  520,    4,  9,     7,  2,     3,  7,   6805, 5.4e-5
    - 4 :   2, 10,  520,    5,  8,     7,  2,     3,  7,   8315, 6.0e-5
    - 5 :   1, 11,  559,    5,  8,     8,  2,     3,  7,   9206, 6.3e-5
    - 6 :   2, 10,  530,    5,  8,     7,  2,     4,  6,  10865, 6.2e-5
    - 7 :   2, 10,  535,    6,  7,    14,  1,     4,  6,  13061, 6.2e-5
    - 8 :   1, 11,  539,    8,  5,    15,  1,     4,  6,  17717, 6.2e-5
    - 9 :   1, 11,  531,    9,  5,    14,  1,     5,  5,  23819, 6.1e-5
    - 10:   2, 10,  530,    8,  5,    14,  1,     7,  4,  28456, 6.0e-5
    - 11:   2, 10,  527,   11,  4,    14,  1,     7,  4,  38407, 5.8e-5
    - 12:   2, 10,  533,   11,  4,    15,  1,    10,  3,  54314, 6.2e-5
    - 13:   1, 11,  523,   14,  3,    14,  1,    15,  2, 100648, 6.3e-5
    - 14:   1, 11,  529,   22,  2,    14,  1,    16,  2, 167103, 6.3e-5
    # no solution starting from log norm2 = 15

  - 10: # bits
    -ln2:   k,  N,    n, br_l,br_b, ks_l,ks_b, cb_l,cb_b,  cost, p_error
    - 0 :   2, 10,  542,    3, 12,     7,  2,     2,  9,   4276, 6.0e-5
    - 1 :   2, 10,  522,    4,  9,     7,  2,     2,  9,   5348, 6.1e-5
    - 2 :   1, 11,  542,    3, 12,     7,  2,     3,  6,   6441, 6.1e-5
    - 3 :   2, 10,  520,    4,  9,     7,  2,     3,  7,   7516, 6.2e-5
    - 4 :   2, 10,  521,    5,  8,     7,  2,     3,  7,   9193, 5.7e-5
    - 5 :   2, 10,  528,    6,  7,     7,  2,     3,  8,  10944, 6.1e-5
    - 6 :   2, 10,  533,    5,  8,     7,  2,     4,  6,  12027, 6.1e-5
    - 7 :   2, 10,  544,    6,  7,    15,  1,     4,  6,  14571, 6.1e-5
    - 8 :   2, 10,  516,    7,  6,    14,  1,     5,  5,  19946, 6.2e-5
    - 9 :   1, 11,  540,    9,  5,    15,  1,     5,  5,  26622, 6.3e-5
    - 10:   2, 10,  535,    8,  5,    15,  1,     7,  4,  31538, 6.3e-5
    - 11:   2, 10,  531,   11,  4,    14,  1,     7,  4,  42491, 6.1e-5
    - 12:   2, 10,  541,   11,  4,    15,  1,    10,  3,  60284, 6.3e-5
    - 13:   1, 11,  529,   14,  3,    15,  1,    15,  2, 111710, 6.3e-5
    - 14:   2, 10,  535,   22,  2,    15,  1,    16,  2, 185364, 6.3e-5
    # no solution starting from log norm2 = 15

  - 11: # bits
    -ln2:   k,  N,    n, br_l,br_b, ks_l,ks_b, cb_l,cb_b,  cost, p_error
    - 0 :   2, 10,  549,    3, 12,     7,  2,     2,  9,   4726, 6.3e-5
    - 1 :   2, 10,  523,    4,  9,     7,  2,     2,  9,   5869, 6.1e-5
    - 2 :   2, 10,  523,    5,  8,     7,  2,     2, 10,   7153, 5.6e-5
    - 3 :   2, 10,  521,    4,  9,     7,  2,     3,  7,   8237, 5.9e-5
    - 4 :   2, 10,  522,    5,  8,     7,  2,     3,  7,  10074, 5.5e-5
    - 5 :   2, 10,  530,    6,  7,     7,  2,     3,  8,  12005, 6.2e-5
    - 6 :   2, 10,  536,    5,  8,     7,  2,     4,  6,  13197, 6.3e-5
    - 7 :   2, 10,  539,    5,  8,    15,  1,     5,  5,  16419, 6.3e-5
    - 8 :   2, 10,  518,    7,  6,    14,  1,     5,  5,  21850, 5.7e-5
    - 9 :   2, 10,  528,    8,  5,    14,  1,     6,  5,  29602, 6.0e-5
    - 10:   2, 10,  544,    8,  5,    15,  1,     7,  4,  34765, 6.3e-5
    - 11:   2, 10,  536,   11,  4,    15,  1,     7,  4,  46678, 6.3e-5
    - 12:   2, 10,  566,   11,  4,    16,  1,    10,  3,  67439, 6.3e-5
    - 13:   1, 11,  538,   14,  3,    15,  1,    15,  2, 123372, 6.3e-5
    - 14:   2, 10,  544,   22,  2,    15,  1,    16,  2, 204049, 6.3e-5
    # no solution starting from log norm2 = 15

  - 12: # bits
    -ln2:   k,  N,    n, br_l,br_b, ks_l,ks_b, cb_l,cb_b,  cost, p_error
    - 0 :   2, 10,  549,    3, 12,     7,  2,     2,  9,   4726, 6.3e-5
    - 1 :   2, 10,  523,    4,  9,     7,  2,     2,  9,   5869, 6.1e-5
    - 2 :   2, 10,  523,    5,  8,     7,  2,     2, 10,   7153, 5.6e-5
    - 3 :   2, 10,  521,    4,  9,     7,  2,     3,  7,   8237, 5.9e-5
    - 4 :   2, 10,  522,    5,  8,     7,  2,     3,  7,  10074, 5.5e-5
    - 5 :   2, 10,  530,    6,  7,     7,  2,     3,  8,  12005, 6.2e-5
    - 6 :   2, 10,  536,    5,  8,     7,  2,     4,  6,  13197, 6.3e-5
    - 7 :   2, 10,  539,    5,  8,    15,  1,     5,  5,  16419, 6.3e-5
    - 8 :   2, 10,  518,    7,  6,    14,  1,     5,  5,  21850, 5.7e-5
    - 9 :   2, 10,  528,    8,  5,    14,  1,     6,  5,  29602, 6.0e-5
    - 10:   2, 10,  544,    8,  5,    15,  1,     7,  4,  34765, 6.3e-5
    - 11:   2, 10,  536,   11,  4,    15,  1,     7,  4,  46678, 6.3e-5
    - 12:   2, 10,  566,   11,  4,    16,  1,    10,  3,  67439, 6.3e-5
    - 13:   1, 11,  538,   14,  3,    15,  1,    15,  2, 123372, 6.3e-5
    - 14:   2, 10,  544,   22,  2,    15,  1,    16,  2, 204049, 6.3e-5
    # no solution starting from log norm2 = 15

  - 13: # bits
    -ln2:   k,  N,    n, br_l,br_b, ks_l,ks_b, cb_l,cb_b,  cost, p_error
    - 0 :   2, 10,  517,    4,  9,     7,  2,     2,  9,   7773, 5.1e-5
    - 1 :   2, 10,  528,    4,  9,     7,  2,     2,  9,   7873, 5.8e-5
    - 2 :   2, 10,  527,    5,  8,     7,  2,     2, 10,   9584, 5.9e-5
    - 3 :   2, 10,  524,    4,  9,     7,  2,     3,  7,  11023, 6.1e-5
    - 4 :   2, 10,  525,    5,  8,     7,  2,     3,  7,  13480, 6.0e-5
    - 5 :   2, 10,  543,    6,  7,     7,  2,     3,  8,  16233, 6.0e-5
    - 6 :   2, 10,  552,    5,  8,    15,  1,     4,  6,  18173, 6.3e-5
    - 7 :   2, 10,  530,    7,  6,     7,  2,     4,  6,  23869, 6.3e-5
    - 8 :   2, 10,  525,    7,  6,    14,  1,     5,  5,  29351, 5.9e-5
    - 9 :   2, 10,  519,    7,  6,    14,  1,     7,  4,  39859, 6.2e-5
    - 10:   2, 10,  529,    9,  5,    14,  1,     7,  4,  51025, 6.2e-5
    - 11:   2, 10,  557,   11,  4,    15,  1,     8,  4,  72062, 6.3e-5
    - 12:   1, 11,  518,   14,  3,    14,  1,    10,  3, 108741, 5.9e-5
    - 13:   1, 11,  542,   22,  2,    15,  1,    10,  3, 173431, 6.3e-5
    - 14:   1, 11,  521,   44,  1,    14,  1,    16,  2, 523386, 6.3e-5
    # no solution starting from log norm2 = 15

  - 14: # bits
    -ln2:   k,  N,    n, br_l,br_b, ks_l,ks_b, cb_l,cb_b,  cost, p_error
    - 0 :   2, 10,  517,    4,  9,     7,  2,     2,  9,   7773, 5.1e-5
    - 1 :   2, 10,  528,    4,  9,     7,  2,     2,  9,   7873, 5.8e-5
    - 2 :   2, 10,  527,    5,  8,     7,  2,     2, 10,   9584, 5.9e-5
    - 3 :   2, 10,  524,    4,  9,     7,  2,     3,  7,  11023, 6.1e-5
    - 4 :   2, 10,  525,    5,  8,     7,  2,     3,  7,  13480, 6.0e-5
    - 5 :   2, 10,  543,    6,  7,     7,  2,     3,  8,  16233, 6.0e-5
    - 6 :   2, 10,  552,    5,  8,    15,  1,     4,  6,  18173, 6.3e-5
    - 7 :   2, 10,  530,    7,  6,     7,  2,     4,  6,  23869, 6.3e-5
    - 8 :   2, 10,  525,    7,  6,    14,  1,     5,  5,  29351, 5.9e-5
    - 9 :   2, 10,  519,    7,  6,    14,  1,     7,  4,  39859, 6.2e-5
    - 10:   2, 10,  529,    9,  5,    14,  1,     7,  4,  51025, 6.2e-5
    - 11:   2, 10,  557,   11,  4,    15,  1,     8,  4,  72062, 6.3e-5
    - 12:   1, 11,  518,   14,  3,    14,  1,    10,  3, 108741, 5.9e-5
    - 13:   1, 11,  542,   22,  2,    15,  1,    10,  3, 173431, 6.3e-5
    - 14:   1, 11,  521,   44,  1,    14,  1,    16,  2, 523386, 6.3e-5
    # no solution starting from log norm2 = 15

  - 15: # bits
    -ln2:   k,  N,    n, br_l,br_b, ks_l,ks_b, cb_l,cb_b,  cost, p_error
    - 0 :   2, 10,  517,    4,  9,     7,  2,     2,  9,   7773, 5.1e-5
    - 1 :   2, 10,  528,    4,  9,     7,  2,     2,  9,   7873, 5.8e-5
    - 2 :   2, 10,  527,    5,  8,     7,  2,     2, 10,   9584, 5.9e-5
    - 3 :   2, 10,  524,    4,  9,     7,  2,     3,  7,  11023, 6.1e-5
    - 4 :   2, 10,  525,    5,  8,     7,  2,     3,  7,  13480, 6.0e-5
    - 5 :   2, 10,  543,    6,  7,     7,  2,     3,  8,  16233, 6.0e-5
    - 6 :   2, 10,  552,    5,  8,    15,  1,     4,  6,  18173, 6.3e-5
    - 7 :   2, 10,  530,    7,  6,     7,  2,     4,  6,  23869, 6.3e-5
    - 8 :   2, 10,  525,    7,  6,    14,  1,     5,  5,  29351, 5.9e-5
    - 9 :   2, 10,  519,    7,  6,    14,  1,     7,  4,  39859, 6.2e-5
    - 10:   2, 10,  529,    9,  5,    14,  1,     7,  4,  51025, 6.2e-5
    - 11:   2, 10,  557,   11,  4,    15,  1,     8,  4,  72062, 6.3e-5
    - 12:   1, 11,  518,   14,  3,    14,  1,    10,  3, 108741, 5.9e-5
    - 13:   1, 11,  542,   22,  2,    15,  1,    10,  3, 173431, 6.3e-5
    - 14:   1, 11,  521,   44,  1,    14,  1,    16,  2, 523386, 6.3e-5
    # no solution starting from log norm2 = 15

  - 16: # bits
    -ln2:   k,  N,    n, br_l,br_b, ks_l,ks_b, cb_l,cb_b,  cost, p_error
    - 0 :   2, 10,  517,    4,  9,     7,  2,     2,  9,   8705, 5.6e-5
    - 1 :   2, 10,  531,    4,  9,     7,  2,     2,  9,   8846, 5.7e-5
    - 2 :   2, 10,  529,    5,  8,     7,  2,     2, 10,  10754, 6.3e-5
    - 3 :   2, 10,  526,    4,  9,     7,  2,     3,  7,  12391, 5.9e-5
    - 4 :   2, 10,  527,    5,  8,     7,  2,     3,  7,  15150, 6.1e-5
    - 5 :   2, 10,  556,    6,  7,     7,  2,     3,  8,  18450, 6.3e-5
    - 6 :   2, 10,  522,    6,  7,     7,  2,     4,  6,  23015, 6.3e-5
    - 7 :   2, 10,  534,    7,  6,     7,  2,     4,  6,  26896, 6.1e-5
    - 8 :   2, 10,  530,    7,  6,    14,  1,     5,  5,  33127, 6.0e-5
    - 9 :   2, 10,  522,    7,  6,    14,  1,     7,  4,  44924, 6.1e-5
    - 10:   2, 10,  536,    9,  5,    15,  1,     7,  4,  57761, 6.3e-5
    - 11:   1, 11,  520,   14,  3,    14,  1,     7,  4,  87529, 6.0e-5
    - 12:   2, 10,  528,   14,  3,    14,  1,    10,  3, 122922, 6.2e-5
    - 13:   2, 10,  536,   15,  3,    14,  1,    16,  2, 208864, 6.3e-5
    - 14:   1, 11,  528,   44,  1,    14,  1,    16,  2, 593386, 6.3e-5
    # no solution starting from log norm2 = 15
