security level: 128
target p_error: 6.3e-5
per precision and log norm2:

  - 1: # bits
    -ln2:   k,  N,    n, br_l,br_b, ks_l,ks_b, cb_l,cb_b, pp_l,pp_b,  cost, p_error
    - 0 :   2, 10,  583,    2, 16,     3,  3,     1, 10,     1, 25,     97, 5.4e-5
    - 1 :   2, 10,  592,    2, 16,     3,  3,     1, 10,     1, 25,     98, 6.3e-5
    - 2 :   2, 10,  695,    2, 16,     4,  3,     1, 10,     1, 25,    114, 6.3e-5
    - 3 :   2, 10,  554,    3, 12,     5,  2,     1, 13,     2, 17,    145, 5.2e-5
    - 4 :   2, 10,  571,    3, 12,     5,  2,     1, 13,     2, 17,    148, 6.2e-5
    - 5 :   2, 10,  572,    4,  9,     5,  2,     1, 14,     2, 17,    171, 5.9e-5
    - 6 :   2, 10,  594,    5,  8,     5,  2,     1, 15,     3, 13,    224, 6.1e-5
    - 7 :   2, 10,  555,    3, 12,     5,  2,     2,  9,     2, 17,    279, 6.2e-5
    - 8 :   2, 10,  593,    3, 12,     5,  2,     2,  9,     2, 17,    292, 6.3e-5
    - 9 :   2, 10,  562,    4,  9,     5,  2,     2,  9,     2, 17,    328, 6.0e-5
    - 10:   2, 10,  589,    5,  8,     5,  2,     2, 10,     2, 17,    387, 6.1e-5
    - 11:   2, 10,  571,    6,  7,     5,  2,     2, 10,     3, 13,    473, 5.9e-5
    - 12:   2, 10,  566,    5,  8,     5,  2,     3,  7,     2, 17,    558, 5.8e-5
    - 13:   2, 10,  571,    6,  7,     5,  2,     3,  8,     3, 13,    704, 6.1e-5
    - 14:   2, 10,  569,    7,  6,    11,  1,     3,  8,     3, 13,    786, 6.0e-5
    - 15:   2, 10,  594,    6,  7,    11,  1,     4,  6,     3, 13,    975, 6.2e-5
    - 16:   2, 10,  555,    7,  6,    10,  1,     5,  5,     3, 13,   1268, 6.0e-5
    - 17:   2, 10,  573,    8,  5,    11,  1,     6,  5,     3, 13,   1696, 5.9e-5
    - 18:   2, 10,  601,    8,  5,    12,  1,     7,  4,     3, 13,   2049, 6.3e-5
    - 19:   2, 10,  574,   11,  4,    11,  1,     7,  4,     4, 10,   2640, 6.0e-5
    - 20:   2, 10,  593,   11,  4,    12,  1,    10,  3,     4, 10,   3856, 6.3e-5
    - 21:   2, 10,  569,   22,  2,    11,  1,    10,  3,     4, 10,   6304, 6.0e-5
    - 22:   2, 10,  585,   22,  2,    11,  1,    16,  2,     5,  9,  10696, 6.1e-5
    # no solution starting from log norm2 = 23

  - 2: # bits
    -ln2:   k,  N,    n, br_l,br_b, ks_l,ks_b, cb_l,cb_b, pp_l,pp_b,  cost, p_error
    - 0 :   2, 10,  649,    2, 16,     6,  2,     1, 11,     2, 17,    349, 6.3e-5
    - 1 :   2, 10,  600,    3, 12,     6,  2,     1, 13,     2, 17,    404, 5.5e-5
    - 2 :   2, 10,  605,    2, 16,     6,  2,     2,  7,     1, 25,    470, 6.1e-5
    - 3 :   2, 10,  612,    5,  8,     6,  2,     1, 14,     2, 17,    560, 5.6e-5
    - 4 :   2, 10,  594,    3, 12,     6,  2,     2,  9,     2, 17,    681, 5.6e-5
    - 5 :   2, 10,  605,    3, 12,     6,  2,     2,  9,     2, 17,    690, 5.5e-5
    - 6 :   2, 10,  597,    4,  9,     6,  2,     2,  9,     2, 17,    806, 5.3e-5
    - 7 :   2, 10,  628,    4,  9,     6,  2,     2,  9,     2, 17,    838, 5.9e-5
    - 8 :   2, 10,  625,    5,  8,     6,  2,     2, 10,     3, 13,   1059, 6.0e-5
    - 9 :   2, 10,  621,    4,  9,     6,  2,     3,  7,     2, 17,   1171, 5.9e-5
    - 10:   2, 10,  651,    5,  8,     6,  2,     3,  7,     2, 17,   1401, 6.2e-5
    - 11:   2, 10,  627,    5,  8,     6,  2,     4,  6,     2, 17,   1753, 5.9e-5
    - 12:   2, 10,  635,    8,  5,    13,  1,     3,  8,     3, 13,   2099, 6.2e-5
    - 13:   2, 10,  625,    7,  6,    12,  1,     4,  6,     3, 13,   2432, 6.3e-5
    - 14:   2, 10,  658,    7,  6,    13,  1,     5,  5,     3, 13,   3100, 6.3e-5
    - 15:   2, 10,  630,    7,  6,    12,  1,     7,  4,     3, 13,   4087, 6.1e-5
    - 16:   2, 10,  604,   11,  4,    12,  1,     7,  4,     3, 13,   5447, 6.2e-5
    - 17:   2, 10,  621,   15,  3,    12,  1,     7,  4,     4, 10,   7436, 6.2e-5
    - 18:   2, 10,  613,   15,  3,    12,  1,    10,  3,     4, 10,  10316, 6.2e-5
    - 19:   2, 10,  623,   22,  2,    12,  1,    15,  2,     4, 10,  20994, 6.1e-5
    - 20:   2, 10,  646,   45,  1,    13,  1,    16,  2,     6,  7,  44715, 6.3e-5
    # no solution starting from log norm2 = 21

  - 3: # bits
    -ln2:   k,  N,    n, br_l,br_b, ks_l,ks_b, cb_l,cb_b, pp_l,pp_b,  cost, p_error
    - 0 :   2, 10,  669,    2, 16,     6,  2,     2,  7,     1, 25,    803, 6.0e-5
    - 1 :   2, 10,  690,    5,  8,     7,  2,     1, 14,     2, 17,   1020, 6.3e-5
    - 2 :   2, 10,  639,    3, 12,     6,  2,     2,  9,     2, 17,   1127, 5.8e-5
    - 3 :   2, 10,  667,    3, 12,     7,  2,     2,  9,     2, 17,   1172, 6.1e-5
    - 4 :   2, 10,  644,    4,  9,     6,  2,     2,  9,     2, 17,   1345, 6.3e-5
    - 5 :   2, 10,  665,    5,  8,     6,  2,     2, 10,     2, 17,   1598, 5.9e-5
    - 6 :   2, 10,  643,    4,  9,     6,  2,     3,  7,     2, 17,   1867, 6.1e-5
    - 7 :   2, 10,  647,    5,  8,     6,  2,     3,  7,     2, 17,   2168, 6.0e-5
    - 8 :   2, 10,  654,    6,  7,     6,  2,     3,  8,     3, 13,   2698, 5.9e-5
    - 9 :   2, 10,  649,    7,  6,    13,  1,     3,  8,     3, 13,   3028, 6.1e-5
    - 10:   2, 10,  666,    6,  7,    13,  1,     4,  6,     3, 13,   3563, 6.1e-5
    - 11:   2, 10,  637,    7,  6,    12,  1,     5,  5,     3, 13,   4630, 5.9e-5
    - 12:   2, 10,  701,    9,  5,    14,  1,     5,  5,     3, 13,   5981, 6.3e-5
    - 13:   2, 10,  671,    8,  5,    13,  1,     7,  4,     3, 13,   7179, 6.3e-5
    - 14:   2, 10,  652,   11,  4,    13,  1,     7,  4,     4, 10,   9368, 6.1e-5
    - 15:   2, 10,  668,   11,  4,    13,  1,    10,  3,     4, 10,  13321, 6.3e-5
    - 16:   2, 10,  648,   22,  2,    13,  1,    10,  3,     4, 10,  22364, 5.8e-5
    - 17:   2, 10,  676,   22,  2,    14,  1,    16,  2,     4, 10,  36317, 6.3e-5
    # no solution starting from log norm2 = 18

  - 4: # bits
    -ln2:   k,  N,    n, br_l,br_b, ks_l,ks_b, cb_l,cb_b, pp_l,pp_b,  cost, p_error
    - 0 :   2, 10,  651,    5,  8,     6,  2,     1, 14,     2, 17,   1771, 5.8e-5
    - 1 :   2, 10,  670,    2, 16,     6,  2,     3,  5,     1, 25,   2136, 6.2e-5
    - 2 :   2, 10,  646,    3, 12,     6,  2,     2,  9,     2, 17,   2173, 5.9e-5
    - 3 :   2, 10,  638,    4,  9,     6,  2,     2,  9,     2, 17,   2546, 6.3e-5
    - 4 :   2, 10,  664,    4,  9,     6,  2,     2,  9,     2, 17,   2626, 6.0e-5
    - 5 :   2, 10,  663,    5,  8,     6,  2,     2, 10,     3, 13,   3319, 6.1e-5
    - 6 :   2, 10,  659,    4,  9,     6,  2,     3,  7,     2, 17,   3676, 6.3e-5
    - 7 :   2, 10,  670,    5,  8,     7,  2,     3,  7,     2, 17,   4316, 6.3e-5
    - 8 :   2, 10,  660,    5,  8,     7,  2,     4,  6,     2, 17,   5493, 6.2e-5
    - 9 :   2, 10,  659,    8,  5,    13,  1,     3,  8,     3, 13,   6487, 6.2e-5
    - 10:   2, 10,  654,    7,  6,    13,  1,     4,  6,     3, 13,   7571, 6.0e-5
    - 11:   2, 10,  665,    7,  6,    13,  1,     5,  5,     3, 13,   9376, 6.2e-5
    - 12:   2, 10,  657,    7,  6,    13,  1,     7,  4,     3, 13,  12673, 6.1e-5
    - 13:   2, 10,  701,   11,  4,    14,  1,     6,  5,     4, 10,  16909, 6.3e-5
    - 14:   2, 10,  666,   14,  3,    14,  1,     7,  4,     4, 10,  22434, 6.3e-5
    - 15:   2, 10,  670,   14,  3,    14,  1,    10,  3,     4, 10,  31590, 6.2e-5
    - 16:   2, 10,  697,   22,  2,    14,  1,    11,  3,     6,  7,  54695, 6.3e-5
    - 17:   2, 10,  668,   45,  1,    14,  1,    16,  2,     5,  9, 135952, 6.3e-5
    # no solution starting from log norm2 = 18

  - 5: # bits
    -ln2:   k,  N,    n, br_l,br_b, ks_l,ks_b, cb_l,cb_b, pp_l,pp_b,  cost, p_error
    - 0 :   2, 10,  651,    5,  8,     6,  2,     1, 14,     2, 17,   1771, 5.8e-5
    - 1 :   2, 10,  670,    2, 16,     6,  2,     3,  5,     1, 25,   2136, 6.2e-5
    - 2 :   2, 10,  646,    3, 12,     6,  2,     2,  9,     2, 17,   2173, 5.9e-5
    - 3 :   2, 10,  638,    4,  9,     6,  2,     2,  9,     2, 17,   2546, 6.3e-5
    - 4 :   2, 10,  664,    4,  9,     6,  2,     2,  9,     2, 17,   2626, 6.0e-5
    - 5 :   2, 10,  663,    5,  8,     6,  2,     2, 10,     3, 13,   3319, 6.1e-5
    - 6 :   2, 10,  659,    4,  9,     6,  2,     3,  7,     2, 17,   3676, 6.3e-5
    - 7 :   2, 10,  670,    5,  8,     7,  2,     3,  7,     2, 17,   4316, 6.3e-5
    - 8 :   2, 10,  660,    5,  8,     7,  2,     4,  6,     2, 17,   5493, 6.2e-5
    - 9 :   2, 10,  659,    8,  5,    13,  1,     3,  8,     3, 13,   6487, 6.2e-5
    - 10:   2, 10,  654,    7,  6,    13,  1,     4,  6,     3, 13,   7571, 6.0e-5
    - 11:   2, 10,  665,    7,  6,    13,  1,     5,  5,     3, 13,   9376, 6.2e-5
    - 12:   2, 10,  657,    7,  6,    13,  1,     7,  4,     3, 13,  12673, 6.1e-5
    - 13:   2, 10,  701,   11,  4,    14,  1,     6,  5,     4, 10,  16909, 6.3e-5
    - 14:   2, 10,  666,   14,  3,    14,  1,     7,  4,     4, 10,  22434, 6.3e-5
    - 15:   2, 10,  670,   14,  3,    14,  1,    10,  3,     4, 10,  31590, 6.2e-5
    - 16:   2, 10,  697,   22,  2,    14,  1,    11,  3,     6,  7,  54695, 6.3e-5
    - 17:   2, 10,  668,   45,  1,    14,  1,    16,  2,     5,  9, 135952, 6.3e-5
    # no solution starting from log norm2 = 18

  - 6: # bits
    -ln2:   k,  N,    n, br_l,br_b, ks_l,ks_b, cb_l,cb_b, pp_l,pp_b,  cost, p_error
    - 0 :   2, 10,  662,    2, 16,     6,  2,     2,  7,     2, 17,   2144, 5.8e-5
    - 1 :   2, 10,  637,    3, 12,     6,  2,     2,  9,     2, 17,   2559, 5.2e-5
    - 2 :   2, 10,  649,    3, 12,     6,  2,     2,  9,     2, 17,   2595, 5.8e-5
    - 3 :   2, 10,  639,    4,  9,     6,  2,     2,  9,     2, 17,   3037, 6.2e-5
    - 4 :   2, 10,  670,    4,  9,     7,  2,     2,  9,     2, 17,   3170, 5.9e-5
    - 5 :   2, 10,  669,    5,  8,     7,  2,     2, 10,     3, 13,   3996, 6.1e-5
    - 6 :   2, 10,  664,    4,  9,     7,  2,     3,  7,     2, 17,   4397, 6.3e-5
    - 7 :   2, 10,  687,    5,  8,     7,  2,     3,  7,     2, 17,   5219, 6.3e-5
    - 8 :   2, 10,  669,    5,  8,     7,  2,     4,  6,     2, 17,   6557, 5.9e-5
    - 9 :   2, 10,  680,    8,  5,    14,  1,     3,  8,     3, 13,   7902, 6.2e-5
    - 10:   2, 10,  667,    7,  6,    13,  1,     4,  6,     3, 13,   9074, 6.2e-5
    - 11:   2, 10,  700,    7,  6,    14,  1,     5,  5,     3, 13,  11513, 6.3e-5
    - 12:   2, 10,  674,    7,  6,    14,  1,     7,  4,     3, 13,  15203, 6.3e-5
    - 13:   2, 10,  646,   11,  4,    13,  1,     7,  4,     3, 13,  20318, 6.2e-5
    - 14:   2, 10,  663,   15,  3,    13,  1,     7,  4,     4, 10,  27701, 6.1e-5
    - 15:   2, 10,  657,   15,  3,    13,  1,    10,  3,     4, 10,  38446, 6.0e-5
    - 16:   2, 10,  664,   22,  2,    13,  1,    15,  2,     4, 10,  77978, 6.3e-5
    - 17:   2, 10,  698,   45,  1,    14,  1,    16,  2,     6,  7, 168474, 6.3e-5
    # no solution starting from log norm2 = 18

  - 7: # bits
    -ln2:   k,  N,    n, br_l,br_b, ks_l,ks_b, cb_l,cb_b, pp_l,pp_b,  cost, p_error
    - 0 :   2, 10,  670,    2, 16,     6,  2,     2,  7,     2, 17,   2504, 6.2e-5
    - 1 :   2, 10,  637,    3, 12,     6,  2,     2,  9,     2, 17,   2967, 5.8e-5
    - 2 :   2, 10,  652,    3, 12,     6,  2,     2,  9,     2, 17,   3019, 6.0e-5
    - 3 :   2, 10,  640,    4,  9,     6,  2,     2,  9,     2, 17,   3529, 6.1e-5
    - 4 :   2, 10,  683,    4,  9,     7,  2,     2,  9,     2, 17,   3736, 6.2e-5
    - 5 :   2, 10,  683,    5,  8,     7,  2,     2, 10,     3, 13,   4708, 6.3e-5
    - 6 :   2, 10,  674,    4,  9,     7,  2,     3,  7,     2, 17,   5140, 6.2e-5
    - 7 :   2, 10,  663,    5,  8,     7,  2,     3,  7,     3, 13,   6440, 6.3e-5
    - 8 :   2, 10,  681,    5,  8,     7,  2,     4,  6,     2, 17,   7670, 6.2e-5
    - 9 :   2, 10,  642,    6,  7,    13,  1,     4,  6,     3, 13,   9182, 6.1e-5
    - 10:   2, 10,  696,    7,  6,    14,  1,     4,  6,     3, 13,  10838, 6.3e-5
    - 11:   2, 10,  661,    8,  5,    13,  1,     5,  5,     3, 13,  13875, 6.2e-5
    - 12:   2, 10,  643,    8,  5,    13,  1,     7,  4,     3, 13,  18438, 6.3e-5
    - 13:   2, 10,  653,   11,  4,    13,  1,     7,  4,     3, 13,  23563, 5.9e-5
    - 14:   2, 10,  682,   15,  3,    14,  1,     7,  4,     4, 10,  32622, 6.3e-5
    - 15:   2, 10,  670,   15,  3,    14,  1,    10,  3,     4, 10,  44863, 6.3e-5
    - 16:   2, 10,  686,   22,  2,    14,  1,    15,  2,     4, 10,  91984, 6.2e-5
    - 17:   2, 10,  668,   44,  1,    14,  1,    32,  1,     5,  9, 351331, 6.2e-5
    # no solution starting from log norm2 = 18

  - 8: # bits
    -ln2:   k,  N,    n, br_l,br_b, ks_l,ks_b, cb_l,cb_b, pp_l,pp_b,  cost, p_error
    - 0 :   2, 10,  674,    2, 16,     7,  2,     2,  7,     2, 17,   2881, 6.2e-5
    - 1 :   2, 10,  638,    3, 12,     6,  2,     2,  9,     2, 17,   3379, 5.2e-5
    - 2 :   2, 10,  656,    3, 12,     6,  2,     2,  9,     2, 17,   3450, 5.9e-5
    - 3 :   2, 10,  641,    4,  9,     6,  2,     2,  9,     2, 17,   4022, 6.1e-5
    - 4 :   2, 10,  726,    4,  9,     7,  2,     2,  9,     2, 17,   4466, 6.3e-5
    - 5 :   2, 10,  641,    4,  9,     6,  2,     3,  7,     2, 17,   5588, 5.2e-5
    - 6 :   2, 10,  691,    4,  9,     7,  2,     3,  7,     2, 17,   5947, 6.3e-5
    - 7 :   2, 10,  671,    5,  8,     7,  2,     3,  7,     3, 13,   7369, 6.1e-5
    - 8 :   2, 10,  653,    7,  6,     6,  2,     3,  8,     3, 13,   8968, 5.8e-5
    - 9 :   2, 10,  646,    6,  7,    13,  1,     4,  6,     3, 13,  10446, 6.2e-5
    - 10:   2, 10,  656,    6,  7,    13,  1,     5,  5,     3, 13,  12860, 6.2e-5
    - 11:   2, 10,  676,    8,  5,    13,  1,     5,  5,     3, 13,  15981, 6.3e-5
    - 12:   2, 10,  648,    8,  5,    13,  1,     7,  4,     3, 13,  20956, 6.0e-5
    - 13:   2, 10,  661,   11,  4,    13,  1,     7,  4,     3, 13,  26898, 6.2e-5
    - 14:   2, 10,  647,   11,  4,    13,  1,    10,  3,     4, 10,  38979, 6.0e-5
    - 15:   2, 10,  687,   15,  3,    14,  1,    10,  3,     5,  9,  53860, 6.3e-5
    - 16:   2, 10,  650,   22,  2,    13,  1,    16,  2,     4, 10, 105271, 5.8e-5
    - 17:   2, 10,  675,   45,  1,    14,  1,    32,  1,     5,  9, 407631, 6.2e-5
    # no solution starting from log norm2 = 18

  - 9: # bits
    -ln2:   k,  N,    n, br_l,br_b, ks_l,ks_b, cb_l,cb_b, pp_l,pp_b,  cost, p_error
    - 0 :   2, 10,  691,    4,  9,     7,  2,     2,  9,     2, 17,   4815, 5.6e-5
    - 1 :   2, 10,  704,    4,  9,     7,  2,     2,  9,     2, 17,   4887, 6.1e-5
    - 2 :   2, 10,  704,    5,  8,     7,  2,     2, 10,     3, 13,   6147, 6.2e-5
    - 3 :   2, 10,  702,    4,  9,     7,  2,     3,  7,     2, 17,   6736, 6.3e-5
    - 4 :   2, 10,  708,    5,  8,     7,  2,     3,  7,     2, 17,   7855, 6.2e-5
    - 5 :   2, 10,  730,    6,  7,     7,  2,     3,  8,     3, 13,   9883, 6.3e-5
    - 6 :   2, 10,  751,    5,  8,    16,  1,     4,  6,     3, 13,  11734, 6.3e-5
    - 7 :   2, 10,  707,    7,  6,     7,  2,     4,  6,     3, 13,  13692, 6.0e-5
    - 8 :   2, 10,  699,    7,  6,    14,  1,     5,  5,     3, 13,  16715, 6.2e-5
    - 9 :   2, 10,  697,    7,  6,    14,  1,     7,  4,     3, 13,  22573, 6.0e-5
    - 10:   2, 10,  723,    9,  5,    15,  1,     7,  4,     3, 13,  27822, 6.2e-5
    - 11:   2, 10,  700,   14,  3,    14,  1,     7,  4,     4, 10,  39805, 6.1e-5
    - 12:   2, 10,  702,   14,  3,    14,  1,    10,  3,     4, 10,  55557, 6.0e-5
    - 13:   2, 10,  728,   22,  2,    15,  1,    10,  3,     5,  9,  85249, 6.3e-5
    - 14:   2, 10,  705,   44,  1,    14,  1,    16,  2,     5,  9, 235890, 6.2e-5
    # no solution starting from log norm2 = 15

  - 10: # bits
    -ln2:   k,  N,    n, br_l,br_b, ks_l,ks_b, cb_l,cb_b, pp_l,pp_b,  cost, p_error
    - 0 :   2, 10,  691,    4,  9,     7,  2,     2,  9,     2, 17,   5337, 5.8e-5
    - 1 :   2, 10,  706,    4,  9,     7,  2,     2,  9,     2, 17,   5430, 6.3e-5
    - 2 :   2, 10,  707,    5,  8,     7,  2,     2, 10,     3, 13,   6834, 6.0e-5
    - 3 :   2, 10,  705,    4,  9,     7,  2,     3,  7,     2, 17,   7476, 5.9e-5
    - 4 :   2, 10,  712,    5,  8,     7,  2,     3,  7,     2, 17,   8731, 6.1e-5
    - 5 :   2, 10,  706,    5,  8,     7,  2,     4,  6,     2, 17,  11044, 6.1e-5
    - 6 :   2, 10,  714,    8,  5,     7,  2,     3,  8,     3, 13,  13146, 6.2e-5
    - 7 :   2, 10,  710,    7,  6,     7,  2,     4,  6,     3, 13,  15180, 6.1e-5
    - 8 :   2, 10,  704,    7,  6,    14,  1,     5,  5,     3, 13,  18558, 6.0e-5
    - 9 :   2, 10,  700,    7,  6,    14,  1,     7,  4,     3, 13,  24981, 6.3e-5
    - 10:   2, 10,  715,    9,  5,    15,  1,     7,  4,     4, 10,  32262, 6.2e-5
    - 11:   2, 10,  704,   14,  3,    14,  1,     7,  4,     4, 10,  44122, 6.3e-5
    - 12:   2, 10,  706,   14,  3,    15,  1,    10,  3,     4, 10,  61560, 6.3e-5
    - 13:   2, 10,  735,   22,  2,    15,  1,    11,  3,     4, 10, 100726, 6.3e-5
    - 14:   2, 10,  711,   44,  1,    15,  1,    16,  2,     5,  9, 261930, 6.1e-5
    # no solution starting from log norm2 = 15

  - 11: # bits
    -ln2:   k,  N,    n, br_l,br_b, ks_l,ks_b, cb_l,cb_b, pp_l,pp_b,  cost, p_error
    - 0 :   2, 10,  691,    4,  9,     7,  2,     2,  9,     2, 17,   5859, 6.1e-5
    - 1 :   2, 10,  709,    4,  9,     7,  2,     2,  9,     2, 17,   5982, 6.2e-5
    - 2 :   2, 10,  710,    5,  8,     7,  2,     2, 10,     3, 13,   7526, 6.0e-5
    - 3 :   2, 10,  707,    4,  9,     7,  2,     3,  7,     2, 17,   8211, 6.2e-5
    - 4 :   2, 10,  716,    5,  8,     7,  2,     3,  7,     2, 17,   9615, 6.1e-5
    - 5 :   2, 10,  709,    5,  8,     7,  2,     4,  6,     2, 17,  12135, 6.0e-5
    - 6 :   2, 10,  719,    8,  5,     7,  2,     3,  8,     3, 13,  14494, 6.2e-5
    - 7 :   2, 10,  701,    7,  6,    14,  1,     4,  6,     3, 13,  16685, 6.2e-5
    - 8 :   2, 10,  709,    7,  6,    14,  1,     5,  5,     3, 13,  20419, 6.2e-5
    - 9 :   2, 10,  705,    7,  6,    14,  1,     7,  4,     3, 13,  27464, 6.1e-5
    - 10:   2, 10,  727,    9,  5,    15,  1,     7,  4,     4, 10,  35730, 6.3e-5
    - 11:   2, 10,  709,   14,  3,    15,  1,     7,  4,     4, 10,  48568, 6.3e-5
    - 12:   2, 10,  712,   14,  3,    15,  1,    10,  3,     4, 10,  67747, 6.3e-5
    - 13:   2, 10,  730,   22,  2,    15,  1,    11,  3,     5,  9, 112579, 6.3e-5
    - 14:   2, 10,  719,   44,  1,    15,  1,    16,  2,     5,  9, 289058, 6.3e-5
    # no solution starting from log norm2 = 15

  - 12: # bits
    -ln2:   k,  N,    n, br_l,br_b, ks_l,ks_b, cb_l,cb_b, pp_l,pp_b,  cost, p_error
    - 0 :   2, 10,  691,    4,  9,     7,  2,     2,  9,     2, 17,   5859, 6.1e-5
    - 1 :   2, 10,  709,    4,  9,     7,  2,     2,  9,     2, 17,   5982, 6.2e-5
    - 2 :   2, 10,  710,    5,  8,     7,  2,     2, 10,     3, 13,   7526, 6.0e-5
    - 3 :   2, 10,  707,    4,  9,     7,  2,     3,  7,     2, 17,   8211, 6.2e-5
    - 4 :   2, 10,  716,    5,  8,     7,  2,     3,  7,     2, 17,   9615, 6.1e-5
    - 5 :   2, 10,  709,    5,  8,     7,  2,     4,  6,     2, 17,  12135, 6.0e-5
    - 6 :   2, 10,  719,    8,  5,     7,  2,     3,  8,     3, 13,  14494, 6.2e-5
    - 7 :   2, 10,  701,    7,  6,    14,  1,     4,  6,     3, 13,  16685, 6.2e-5
    - 8 :   2, 10,  709,    7,  6,    14,  1,     5,  5,     3, 13,  20419, 6.2e-5
    - 9 :   2, 10,  705,    7,  6,    14,  1,     7,  4,     3, 13,  27464, 6.1e-5
    - 10:   2, 10,  727,    9,  5,    15,  1,     7,  4,     4, 10,  35730, 6.3e-5
    - 11:   2, 10,  709,   14,  3,    15,  1,     7,  4,     4, 10,  48568, 6.3e-5
    - 12:   2, 10,  712,   14,  3,    15,  1,    10,  3,     4, 10,  67747, 6.3e-5
    - 13:   2, 10,  730,   22,  2,    15,  1,    11,  3,     5,  9, 112579, 6.3e-5
    - 14:   2, 10,  719,   44,  1,    15,  1,    16,  2,     5,  9, 289058, 6.3e-5
    # no solution starting from log norm2 = 15

  - 13: # bits
    -ln2:   k,  N,    n, br_l,br_b, ks_l,ks_b, cb_l,cb_b, pp_l,pp_b,  cost, p_error
    - 0 :   2, 10,  693,    4,  9,     7,  2,     2,  9,     2, 17,   7833, 5.7e-5
    - 1 :   2, 10,  726,    4,  9,     7,  2,     2,  9,     2, 17,   8133, 6.2e-5
    - 2 :   2, 10,  728,    5,  8,     7,  2,     2, 10,     3, 13,  10233, 6.3e-5
    - 3 :   2, 10,  721,    4,  9,     7,  2,     3,  7,     2, 17,  11124, 6.1e-5
    - 4 :   2, 10,  745,    5,  8,     8,  2,     3,  7,     2, 17,  13297, 6.3e-5
    - 5 :   2, 10,  724,    5,  8,     7,  2,     4,  6,     2, 17,  16463, 6.2e-5
    - 6 :   2, 10,  705,    6,  7,     7,  2,     4,  6,     3, 13,  19846, 6.1e-5
    - 7 :   2, 10,  722,    7,  6,    15,  1,     4,  6,     3, 13,  22826, 6.3e-5
    - 8 :   2, 10,  706,    8,  5,    14,  1,     5,  5,     3, 13,  29806, 6.1e-5
    - 9 :   2, 10,  748,    7,  6,    16,  1,     7,  4,     3, 13,  38462, 6.3e-5
    - 10:   2, 10,  700,   11,  4,    14,  1,     7,  4,     3, 13,  50666, 6.2e-5
    - 11:   2, 10,  717,   15,  3,    15,  1,     7,  4,     4, 10,  69021, 6.2e-5
    - 12:   2, 10,  713,   15,  3,    15,  1,    10,  3,     4, 10,  95476, 6.1e-5
    - 13:   2, 10,  718,   22,  2,    15,  1,    15,  2,     4, 10, 192877, 6.3e-5
    - 14:   1, 11,  721,   45,  1,    15,  1,    16,  2,     6,  7, 509898, 6.2e-5
    # no solution starting from log norm2 = 15

  - 14: # bits
    -ln2:   k,  N,    n, br_l,br_b, ks_l,ks_b, cb_l,cb_b, pp_l,pp_b,  cost, p_error
    - 0 :   2, 10,  693,    4,  9,     7,  2,     2,  9,     2, 17,   7833, 5.7e-5
    - 1 :   2, 10,  726,    4,  9,     7,  2,     2,  9,     2, 17,   8133, 6.2e-5
    - 2 :   2, 10,  728,    5,  8,     7,  2,     2, 10,     3, 13,  10233, 6.3e-5
    - 3 :   2, 10,  721,    4,  9,     7,  2,     3,  7,     2, 17,  11124, 6.1e-5
    - 4 :   2, 10,  745,    5,  8,     8,  2,     3,  7,     2, 17,  13297, 6.3e-5
    - 5 :   2, 10,  724,    5,  8,     7,  2,     4,  6,     2, 17,  16463, 6.2e-5
    - 6 :   2, 10,  705,    6,  7,     7,  2,     4,  6,     3, 13,  19846, 6.1e-5
    - 7 :   2, 10,  722,    7,  6,    15,  1,     4,  6,     3, 13,  22826, 6.3e-5
    - 8 :   2, 10,  706,    8,  5,    14,  1,     5,  5,     3, 13,  29806, 6.1e-5
    - 9 :   2, 10,  748,    7,  6,    16,  1,     7,  4,     3, 13,  38462, 6.3e-5
    - 10:   2, 10,  700,   11,  4,    14,  1,     7,  4,     3, 13,  50666, 6.2e-5
    - 11:   2, 10,  717,   15,  3,    15,  1,     7,  4,     4, 10,  69021, 6.2e-5
    - 12:   2, 10,  713,   15,  3,    15,  1,    10,  3,     4, 10,  95476, 6.1e-5
    - 13:   2, 10,  718,   22,  2,    15,  1,    15,  2,     4, 10, 192877, 6.3e-5
    - 14:   1, 11,  721,   45,  1,    15,  1,    16,  2,     6,  7, 509898, 6.2e-5
    # no solution starting from log norm2 = 15

  - 15: # bits
    -ln2:   k,  N,    n, br_l,br_b, ks_l,ks_b, cb_l,cb_b, pp_l,pp_b,  cost, p_error
    - 0 :   2, 10,  693,    4,  9,     7,  2,     2,  9,     2, 17,   7833, 5.7e-5
    - 1 :   2, 10,  726,    4,  9,     7,  2,     2,  9,     2, 17,   8133, 6.2e-5
    - 2 :   2, 10,  728,    5,  8,     7,  2,     2, 10,     3, 13,  10233, 6.3e-5
    - 3 :   2, 10,  721,    4,  9,     7,  2,     3,  7,     2, 17,  11124, 6.1e-5
    - 4 :   2, 10,  745,    5,  8,     8,  2,     3,  7,     2, 17,  13297, 6.3e-5
    - 5 :   2, 10,  724,    5,  8,     7,  2,     4,  6,     2, 17,  16463, 6.2e-5
    - 6 :   2, 10,  705,    6,  7,     7,  2,     4,  6,     3, 13,  19846, 6.1e-5
    - 7 :   2, 10,  722,    7,  6,    15,  1,     4,  6,     3, 13,  22826, 6.3e-5
    - 8 :   2, 10,  706,    8,  5,    14,  1,     5,  5,     3, 13,  29806, 6.1e-5
    - 9 :   2, 10,  748,    7,  6,    16,  1,     7,  4,     3, 13,  38462, 6.3e-5
    - 10:   2, 10,  700,   11,  4,    14,  1,     7,  4,     3, 13,  50666, 6.2e-5
    - 11:   2, 10,  717,   15,  3,    15,  1,     7,  4,     4, 10,  69021, 6.2e-5
    - 12:   2, 10,  713,   15,  3,    15,  1,    10,  3,     4, 10,  95476, 6.1e-5
    - 13:   2, 10,  718,   22,  2,    15,  1,    15,  2,     4, 10, 192877, 6.3e-5
    - 14:   1, 11,  721,   45,  1,    15,  1,    16,  2,     6,  7, 509898, 6.2e-5
    # no solution starting from log norm2 = 15

  - 16: # bits
    -ln2:   k,  N,    n, br_l,br_b, ks_l,ks_b, cb_l,cb_b, pp_l,pp_b,  cost, p_error
    - 0 :   2, 10,  693,    4,  9,     7,  2,     2,  9,     2, 17,   8755, 6.3e-5
    - 1 :   2, 10,  744,    4,  9,     7,  2,     2,  9,     2, 17,   9271, 6.3e-5
    - 2 :   2, 10,  747,    5,  8,     8,  2,     2, 10,     3, 13,  11720, 6.3e-5
    - 3 :   2, 10,  733,    4,  9,     7,  2,     3,  7,     2, 17,  12621, 6.3e-5
    - 4 :   2, 10,  717,    5,  8,     7,  2,     3,  7,     3, 13,  15670, 6.1e-5
    - 5 :   2, 10,  736,    5,  8,     8,  2,     4,  6,     2, 17,  18752, 6.3e-5
    - 6 :   2, 10,  708,    6,  7,     7,  2,     4,  6,     3, 13,  22319, 6.3e-5
    - 7 :   2, 10,  704,    6,  7,    14,  1,     5,  5,     3, 13,  27401, 6.1e-5
    - 8 :   2, 10,  713,    8,  5,    15,  1,     5,  5,     3, 13,  33743, 6.2e-5
    - 9 :   2, 10,  697,    8,  5,    14,  1,     7,  4,     3, 13,  44733, 6.3e-5
    - 10:   2, 10,  705,   11,  4,    15,  1,     7,  4,     3, 13,  57249, 6.3e-5
    - 11:   2, 10,  740,   15,  3,    15,  1,     7,  4,     4, 10,  79540, 6.3e-5
    - 12:   2, 10,  728,   15,  3,    15,  1,    10,  3,     4, 10, 109110, 6.3e-5
    - 13:   2, 10,  744,   22,  2,    16,  1,    15,  2,     4, 10, 223667, 6.3e-5
    - 14:   2, 10,  725,   44,  1,    15,  1,    32,  1,     5,  9, 854582, 6.3e-5
    # no solution starting from log norm2 = 15
