security level: 80
target p_error: 6.3e-5
per precision and log norm2:

  - 1: # bits
    -ln2:   k,  N,    n, br_l,br_b, ks_l,ks_b, cb_l,cb_b, pp_l,pp_b,  cost, p_error
    - 0 :   1, 10,  450,    2, 13,     2,  5,     1,  9,     2, 13,     42, 8.1e-9
    - 1 :   1, 10,  450,    3, 10,     2,  5,     1, 10,     2, 13,     53, 1.7e-14
    - 2 :   1, 10,  450,    3, 10,     2,  5,     1, 10,     2, 13,     53, 2.2e-5
    - 3 :   1, 10,  450,    4,  8,     2,  5,     1, 11,     3, 10,     69, 5.9e-5
    - 4 :   2, 10,  450,    3, 12,     2,  5,     1, 13,     1, 31,     97, 4.4e-6
    - 5 :   1, 10,  450,    3, 10,     3,  4,     2,  7,     3, 10,    114, 4.9e-5
    - 6 :   1, 10,  450,    4,  8,     2,  5,     2,  7,     3, 10,    136, 1.6e-6
    - 7 :   1, 10,  450,    6,  6,     2,  5,     2,  8,     3, 10,    182, 1.8e-6
    - 8 :   2, 10,  450,    3, 12,     3,  4,     2,  8,     1, 31,    193, 3.2e-5
    - 9 :   1, 10,  450,    6,  6,     2,  5,     3,  6,     3, 10,    272, 5.1e-5
    - 10:   2, 10,  450,    5,  8,     2,  5,     2, 10,     2, 20,    313, 8.8e-11
    - 11:   2, 10,  450,    6,  7,     2,  5,     2, 10,     2, 20,    350, 5.7e-8
    - 12:   2, 10,  450,    7,  6,     3,  4,     2, 10,     2, 20,    389, 5.6e-5
    - 13:   2, 10,  450,    5,  8,     4,  3,     3,  7,     2, 20,    471, 6.2e-5
    - 14:   2, 10,  450,    7,  6,     2,  5,     3,  8,     2, 20,    579, 3.0e-7
    - 15:   2, 10,  450,    9,  5,     2,  5,     3,  8,     2, 20,    689, 1.5e-5
    - 16:   2, 10,  450,    8,  5,     4,  3,     4,  6,     2, 20,    848, 6.1e-5
    - 17:   2, 10,  450,   11,  4,     3,  4,     4,  7,     2, 20,   1068, 4.7e-5
    - 18:   2, 10,  450,    8,  5,     2,  5,     7,  4,     2, 20,   1475, 2.5e-6
    - 19:   2, 10,  450,   11,  4,     2,  5,     7,  4,     2, 20,   1863, 1.9e-6
    - 20:   2, 10,  450,   14,  3,     3,  4,     8,  4,     2, 20,   2573, 3.6e-5
    - 21:   2, 10,  450,   15,  3,     3,  4,    10,  3,     3, 15,   3640, 6.0e-5
    - 22:   2, 10,  450,   22,  2,     2,  5,    16,  2,     2, 20,   7503, 6.9e-6
    - 23:   2, 10,  450,   44,  1,     3,  4,    32,  1,     3, 15,  28766, 5.4e-5
    # no solution starting from log norm2 = 24

  - 2: # bits
    -ln2:   k,  N,    n, br_l,br_b, ks_l,ks_b, cb_l,cb_b, pp_l,pp_b,  cost, p_error
    - 0 :   1, 10,  450,    4,  8,     3,  4,     1, 10,     2, 13,    187, 2.7e-5
    - 1 :   1, 10,  450,    3, 10,     2,  5,     2,  7,     2, 13,    255, 2.3e-10
    - 2 :   1, 10,  450,    3, 10,     2,  5,     2,  7,     2, 13,    255, 7.3e-6
    - 3 :   1, 10,  450,    4,  8,     2,  5,     2,  7,     2, 13,    312, 7.0e-6
    - 4 :   1, 10,  450,    3, 10,     3,  4,     3,  5,     2, 13,    361, 4.5e-5
    - 5 :   2, 10,  450,    3, 12,     2,  5,     2,  8,     1, 31,    453, 4.5e-5
    - 6 :   2, 10,  470,    4,  9,     8,  2,     2,  9,     1, 31,    587, 6.3e-5
    - 7 :   2, 10,  453,    3, 12,     2,  5,     3,  6,     1, 31,    644, 6.1e-5
    - 8 :   2, 10,  450,    5,  8,     3,  4,     2, 10,     2, 20,    737, 2.7e-7
    - 9 :   2, 10,  450,    6,  7,     3,  4,     2, 10,     2, 20,    829, 3.4e-5
    - 10:   2, 10,  451,    5,  8,     2,  5,     3,  7,     2, 20,   1045, 6.1e-5
    - 11:   2, 10,  450,    6,  7,     3,  4,     3,  8,     2, 20,   1176, 1.7e-5
    - 12:   2, 10,  450,    7,  6,     7,  2,     3,  8,     2, 20,   1319, 6.0e-5
    - 13:   2, 10,  450,    7,  6,     3,  4,     4,  6,     2, 20,   1689, 2.7e-6
    - 14:   2, 10,  450,    7,  6,     3,  4,     5,  5,     2, 20,   2073, 7.8e-6
    - 15:   2, 10,  450,    8,  5,     5,  3,     6,  5,     2, 20,   2703, 5.6e-5
    - 16:   2, 10,  450,    9,  5,     3,  4,     7,  4,     2, 20,   3394, 1.3e-5
    - 17:   2, 10,  450,   11,  4,     4,  3,     8,  4,     2, 20,   4482, 6.3e-5
    - 18:   2, 10,  450,   14,  3,     3,  4,    10,  3,     2, 20,   6704, 4.7e-6
    - 19:   2, 10,  450,   22,  2,     7,  2,    10,  3,     3, 15,  10300, 6.1e-5
    - 20:   2, 10,  450,   44,  1,     3,  4,    16,  2,     2, 20,  28830, 2.9e-5
    # no solution starting from log norm2 = 21

  - 3: # bits
    -ln2:   k,  N,    n, br_l,br_b, ks_l,ks_b, cb_l,cb_b, pp_l,pp_b,  cost, p_error
    - 0 :   1, 10,  450,    3, 10,     4,  3,     2,  7,     2, 13,    410, 4.2e-5
    - 1 :   1, 10,  450,    4,  8,     4,  3,     2,  7,     2, 13,    502, 4.0e-5
    - 2 :   1, 10,  450,    4,  8,     3,  4,     3,  5,     2, 13,    689, 1.5e-6
    - 3 :   2, 10,  450,    3, 12,     4,  3,     2,  8,     1, 31,    725, 2.9e-5
    - 4 :   1, 10,  450,    6,  6,     3,  4,     3,  6,     3, 10,    977, 3.0e-5
    - 5 :   2, 10,  451,    3, 12,     4,  3,     3,  6,     1, 31,   1008, 6.2e-5
    - 6 :   2, 10,  450,    5,  8,     4,  3,     2, 10,     2, 20,   1164, 6.1e-5
    - 7 :   2, 10,  450,    4,  9,     4,  3,     3,  7,     2, 20,   1426, 2.0e-5
    - 8 :   2, 10,  450,    5,  8,     4,  3,     3,  7,     2, 20,   1629, 5.2e-5
    - 9 :   2, 10,  450,    7,  6,     3,  4,     3,  8,     2, 20,   2030, 4.5e-6
    - 10:   2, 10,  452,    8,  5,     5,  3,     3,  8,     2, 20,   2251, 6.2e-5
    - 11:   2, 10,  450,    6,  7,     3,  4,     5,  5,     2, 20,   2867, 5.8e-5
    - 12:   2, 10,  450,    8,  5,     5,  3,     5,  5,     2, 20,   3505, 5.0e-5
    - 13:   2, 10,  450,    7,  6,     5,  3,     7,  4,     2, 20,   4343, 5.6e-5
    - 14:   2, 10,  450,   11,  4,     3,  4,     7,  4,     2, 20,   6030, 1.1e-5
    - 15:   2, 10,  450,   14,  3,     4,  3,     8,  4,     2, 20,   8272, 3.1e-5
    - 16:   2, 10,  450,   15,  3,     4,  3,    10,  3,     2, 20,  10789, 6.1e-5
    - 17:   2, 10,  450,   22,  2,    14,  1,    15,  2,     3, 15,  23088, 6.0e-5
    - 18:   2, 10,  450,   45,  1,     7,  2,    17,  2,     3, 15,  48507, 5.8e-5
    # no solution starting from log norm2 = 19

  - 4: # bits
    -ln2:   k,  N,    n, br_l,br_b, ks_l,ks_b, cb_l,cb_b, pp_l,pp_b,  cost, p_error
    - 0 :   1, 10,  450,    4,  8,     3,  4,     2,  7,     2, 13,    943, 4.8e-7
    - 1 :   1, 10,  450,    3, 10,     3,  4,     3,  5,     2, 13,   1084, 2.8e-5
    - 2 :   1, 10,  457,    4,  8,     7,  2,     3,  5,     2, 13,   1364, 6.3e-5
    - 3 :   2, 10,  450,    4,  9,     4,  3,     2,  9,     1, 31,   1657, 4.9e-5
    - 4 :   2, 10,  450,    3, 12,     3,  4,     3,  6,     1, 31,   1933, 5.9e-6
    - 5 :   2, 10,  450,    5,  8,     3,  4,     2, 10,     2, 20,   2211, 5.7e-6
    - 6 :   2, 10,  452,    6,  7,     3,  4,     2, 10,     2, 20,   2497, 6.2e-5
    - 7 :   2, 10,  450,    5,  8,     3,  4,     3,  7,     2, 20,   3141, 4.9e-6
    - 8 :   2, 10,  450,    6,  7,     3,  4,     3,  8,     2, 20,   3529, 5.0e-5
    - 9 :   2, 10,  450,    7,  6,     4,  3,     3,  8,     2, 20,   3927, 4.5e-5
    - 10:   2, 10,  450,    5,  8,     7,  2,     5,  5,     2, 20,   5043, 5.0e-5
    - 11:   2, 10,  450,    7,  6,     3,  4,     5,  5,     2, 20,   6219, 3.2e-5
    - 12:   2, 10,  450,    8,  5,     4,  3,     6,  5,     2, 20,   8100, 3.9e-5
    - 13:   2, 10,  450,    8,  5,    14,  1,     7,  4,     2, 20,   9468, 6.0e-5
    - 14:   2, 10,  450,   11,  4,     7,  2,     7,  4,     2, 20,  11886, 5.5e-5
    - 15:   2, 10,  450,   14,  3,     3,  4,    10,  3,     2, 20,  20114, 2.4e-5
    - 16:   2, 10,  450,   22,  2,     5,  3,    10,  3,     2, 20,  29438, 4.5e-5
    - 17:   2, 10,  450,   22,  2,    14,  1,    16,  2,     3, 15,  48713, 6.0e-5
    # no solution starting from log norm2 = 18

  - 5: # bits
    -ln2:   k,  N,    n, br_l,br_b, ks_l,ks_b, cb_l,cb_b, pp_l,pp_b,  cost, p_error
    - 0 :   1, 10,  450,    4,  8,     3,  4,     2,  7,     2, 13,    943, 4.8e-7
    - 1 :   1, 10,  450,    3, 10,     3,  4,     3,  5,     2, 13,   1084, 2.8e-5
    - 2 :   1, 10,  457,    4,  8,     7,  2,     3,  5,     2, 13,   1364, 6.3e-5
    - 3 :   2, 10,  450,    4,  9,     4,  3,     2,  9,     1, 31,   1657, 4.9e-5
    - 4 :   2, 10,  450,    3, 12,     3,  4,     3,  6,     1, 31,   1933, 5.9e-6
    - 5 :   2, 10,  450,    5,  8,     3,  4,     2, 10,     2, 20,   2211, 5.7e-6
    - 6 :   2, 10,  452,    6,  7,     3,  4,     2, 10,     2, 20,   2497, 6.2e-5
    - 7 :   2, 10,  450,    5,  8,     3,  4,     3,  7,     2, 20,   3141, 4.9e-6
    - 8 :   2, 10,  450,    6,  7,     3,  4,     3,  8,     2, 20,   3529, 5.0e-5
    - 9 :   2, 10,  450,    7,  6,     4,  3,     3,  8,     2, 20,   3927, 4.5e-5
    - 10:   2, 10,  450,    5,  8,     7,  2,     5,  5,     2, 20,   5043, 5.0e-5
    - 11:   2, 10,  450,    7,  6,     3,  4,     5,  5,     2, 20,   6219, 3.2e-5
    - 12:   2, 10,  450,    8,  5,     4,  3,     6,  5,     2, 20,   8100, 3.9e-5
    - 13:   2, 10,  450,    8,  5,    14,  1,     7,  4,     2, 20,   9468, 6.0e-5
    - 14:   2, 10,  450,   11,  4,     7,  2,     7,  4,     2, 20,  11886, 5.5e-5
    - 15:   2, 10,  450,   14,  3,     3,  4,    10,  3,     2, 20,  20114, 2.4e-5
    - 16:   2, 10,  450,   22,  2,     5,  3,    10,  3,     2, 20,  29438, 4.5e-5
    - 17:   2, 10,  450,   22,  2,    14,  1,    16,  2,     3, 15,  48713, 6.0e-5
    # no solution starting from log norm2 = 18

  - 6: # bits
    -ln2:   k,  N,    n, br_l,br_b, ks_l,ks_b, cb_l,cb_b, pp_l,pp_b,  cost, p_error
    - 0 :   1, 10,  450,    4,  8,     3,  4,     2,  7,     2, 13,   1128, 1.7e-6
    - 1 :   1, 10,  450,    3, 10,     4,  3,     3,  5,     2, 13,   1293, 3.9e-5
    - 2 :   2, 10,  450,    3, 12,     3,  4,     2,  8,     1, 31,   1633, 7.0e-6
    - 3 :   2, 10,  450,    4,  9,     7,  2,     2,  9,     1, 31,   2014, 4.9e-5
    - 4 :   2, 10,  450,    3, 12,     3,  4,     3,  6,     1, 31,   2291, 1.3e-5
    - 5 :   2, 10,  450,    5,  8,     3,  4,     2, 10,     2, 20,   2633, 1.3e-5
    - 6 :   2, 10,  450,    6,  7,     4,  3,     2, 10,     2, 20,   2978, 4.7e-5
    - 7 :   2, 10,  450,    5,  8,     3,  4,     3,  7,     2, 20,   3718, 1.1e-5
    - 8 :   2, 10,  450,    6,  7,     4,  3,     3,  8,     2, 20,   4192, 2.7e-5
    - 9 :   2, 10,  450,    7,  6,     7,  2,     3,  8,     2, 20,   4690, 4.5e-5
    - 10:   2, 10,  450,    7,  6,     3,  4,     4,  6,     2, 20,   5984, 4.0e-5
    - 11:   2, 10,  450,    7,  6,     4,  3,     5,  5,     2, 20,   7339, 1.5e-5
    - 12:   2, 10,  451,    8,  5,     5,  3,     6,  5,     2, 20,   9560, 6.2e-5
    - 13:   2, 10,  450,    9,  5,     4,  3,     7,  4,     2, 20,  11982, 2.2e-5
    - 14:   2, 10,  450,   15,  3,     7,  2,     6,  5,     2, 20,  15512, 6.1e-5
    - 15:   2, 10,  450,   14,  3,     3,  4,    10,  3,     2, 20,  23603, 5.3e-5
    - 16:   2, 10,  450,   22,  2,     7,  2,    10,  3,     3, 15,  36260, 4.6e-5
    - 17:   2, 10,  450,   44,  1,     4,  3,    16,  2,     2, 20, 101331, 4.2e-5
    # no solution starting from log norm2 = 18

  - 7: # bits
    -ln2:   k,  N,    n, br_l,br_b, ks_l,ks_b, cb_l,cb_b, pp_l,pp_b,  cost, p_error
    - 0 :   1, 10,  450,    4,  8,     3,  4,     2,  7,     2, 13,   1313, 4.7e-6
    - 1 :   1, 10,  450,    3, 10,     7,  2,     3,  5,     2, 13,   1517, 6.2e-5
    - 2 :   2, 10,  450,    3, 12,     3,  4,     2,  8,     1, 31,   1896, 1.4e-5
    - 3 :   1, 10,  450,    6,  6,     3,  4,     3,  6,     3, 10,   2579, 1.5e-6
    - 4 :   2, 10,  450,    3, 12,     3,  4,     3,  6,     1, 31,   2648, 2.7e-5
    - 5 :   2, 10,  450,    5,  8,     3,  4,     2, 10,     2, 20,   3055, 2.6e-5
    - 6 :   2, 10,  452,    6,  7,     5,  3,     2, 10,     2, 20,   3483, 6.3e-5
    - 7 :   2, 10,  450,    5,  8,     3,  4,     3,  7,     2, 20,   4295, 2.2e-5
    - 8 :   2, 10,  450,    6,  7,     5,  3,     3,  8,     2, 20,   4858, 3.8e-5
    - 9 :   2, 10,  450,    8,  5,     3,  4,     3,  8,     2, 20,   5901, 4.1e-5
    - 10:   2, 10,  450,    7,  6,     4,  3,     4,  6,     2, 20,   6914, 1.7e-5
    - 11:   2, 10,  450,    7,  6,     4,  3,     5,  5,     2, 20,   8449, 3.7e-5
    - 12:   2, 10,  450,    7,  6,     3,  4,     7,  4,     2, 20,  11505, 3.6e-5
    - 13:   2, 10,  450,    9,  5,     4,  3,     7,  4,     2, 20,  13771, 5.4e-5
    - 14:   2, 10,  450,   14,  3,     4,  3,     7,  4,     2, 20,  19400, 4.9e-5
    - 15:   2, 10,  450,   14,  3,     4,  3,    10,  3,     2, 20,  27106, 2.6e-5
    - 16:   2, 10,  450,   22,  2,     5,  3,    11,  3,     2, 20,  43421, 4.7e-5
    - 17:   2, 10,  450,   44,  1,     5,  3,    16,  2,     2, 20, 116175, 6.0e-5
    # no solution starting from log norm2 = 18

  - 8: # bits
    -ln2:   k,  N,    n, br_l,br_b, ks_l,ks_b, cb_l,cb_b, pp_l,pp_b,  cost, p_error
    - 0 :   1, 10,  450,    4,  8,     3,  4,     2,  7,     2, 13,   1498, 1.1e-5
    - 1 :   1, 10,  450,    5,  7,     5,  3,     2,  8,     4,  8,   1932, 5.0e-5
    - 2 :   2, 10,  450,    3, 12,     3,  4,     2,  8,     1, 31,   2159, 2.6e-5
    - 3 :   1, 10,  450,    6,  6,     3,  4,     3,  6,     3, 10,   2931, 3.7e-6
    - 4 :   2, 10,  450,    3, 12,     3,  4,     3,  6,     1, 31,   3005, 4.9e-5
    - 5 :   2, 10,  450,    5,  8,     3,  4,     2, 10,     2, 20,   3477, 4.7e-5
    - 6 :   2, 10,  450,    4,  9,     3,  4,     3,  7,     2, 20,   4263, 2.0e-5
    - 7 :   2, 10,  450,    5,  8,     3,  4,     3,  7,     2, 20,   4872, 4.1e-5
    - 8 :   2, 10,  450,    6,  7,     7,  2,     3,  8,     2, 20,   5544, 5.3e-5
    - 9 :   2, 10,  450,    8,  5,     4,  3,     3,  8,     2, 20,   6715, 1.6e-5
    - 10:   2, 10,  450,    7,  6,     4,  3,     4,  6,     2, 20,   7833, 3.9e-5
    - 11:   2, 10,  450,    7,  6,     5,  3,     5,  5,     2, 20,   9575, 4.7e-5
    - 12:   2, 10,  450,    7,  6,     4,  3,     7,  4,     2, 20,  13013, 1.4e-5
    - 13:   2, 10,  450,    9,  5,     7,  2,     7,  4,     2, 20,  15608, 4.1e-5
    - 14:   2, 10,  450,   14,  3,     7,  2,     7,  4,     2, 20,  21976, 3.7e-5
    - 15:   2, 10,  450,   14,  3,     4,  3,    10,  3,     2, 20,  30597, 5.6e-5
    - 16:   2, 10,  450,   22,  2,    14,  1,    11,  3,     2, 20,  49149, 5.9e-5
    - 17:   2, 10,  450,   45,  1,     7,  2,    16,  2,     2, 20, 133807, 5.3e-5
    # no solution starting from log norm2 = 18

  - 9: # bits
    -ln2:   k,  N,    n, br_l,br_b, ks_l,ks_b, cb_l,cb_b, pp_l,pp_b,  cost, p_error
    - 0 :   2, 10,  456,    3, 12,     7,  2,     2,  8,     1, 31,   2520, 6.1e-5
    - 1 :   1, 10,  450,    6,  6,     7,  2,     3,  6,     3, 10,   3318, 4.1e-5
    - 2 :   2, 10,  474,    3, 12,     8,  2,     3,  6,     1, 31,   3596, 6.3e-5
    - 3 :   2, 10,  450,    3, 12,     7,  2,     4,  5,     1, 31,   4373, 1.8e-5
    - 4 :   2, 10,  451,    4,  9,     7,  2,     3,  7,     2, 20,   4844, 6.3e-5
    - 5 :   2, 10,  467,    5,  8,     8,  2,     3,  7,     2, 20,   5692, 6.2e-5
    - 6 :   2, 10,  451,    7,  6,     5,  3,     3,  8,     2, 20,   6862, 5.9e-5
    - 7 :   2, 10,  450,    6,  7,     7,  2,     4,  6,     2, 20,   7936, 2.2e-5
    - 8 :   2, 10,  450,    6,  7,     7,  2,     5,  5,     2, 20,   9671, 4.7e-5
    - 9 :   2, 10,  451,   11,  4,    15,  1,     4,  7,     2, 20,  12438, 6.1e-5
    - 10:   2, 10,  450,    8,  5,     7,  2,     7,  4,     2, 20,  15981, 1.3e-5
    - 11:   2, 10,  450,   11,  4,     7,  2,     7,  4,     2, 20,  20245, 1.2e-5
    - 12:   2, 10,  450,   14,  3,    14,  1,     8,  4,     2, 20,  27842, 5.8e-5
    - 13:   2, 10,  455,   15,  3,    15,  1,    10,  3,     3, 15,  39007, 6.3e-5
    - 14:   2, 10,  450,   22,  2,     7,  2,    16,  2,     2, 20,  78063, 2.2e-5
    - 15:   2, 10,  453,   44,  1,    15,  1,    32,  1,     3, 15, 295469, 6.2e-5
    # no solution starting from log norm2 = 16

  - 10: # bits
    -ln2:   k,  N,    n, br_l,br_b, ks_l,ks_b, cb_l,cb_b, pp_l,pp_b,  cost, p_error
    - 0 :   2, 10,  471,    3, 12,     7,  2,     2,  8,     1, 31,   2867, 6.3e-5
    - 1 :   1, 10,  454,    6,  6,     7,  2,     3,  6,     3, 10,   3703, 6.3e-5
    - 2 :   2, 10,  450,    5,  8,     5,  3,     2, 10,     2, 20,   4360, 2.1e-5
    - 3 :   2, 10,  450,    3, 12,     7,  2,     4,  5,     1, 31,   4832, 2.7e-5
    - 4 :   2, 10,  461,    4,  9,     8,  2,     3,  7,     2, 20,   5458, 6.2e-5
    - 5 :   2, 10,  450,    6,  7,     5,  3,     3,  8,     2, 20,   6821, 5.1e-5
    - 6 :   2, 10,  450,    7,  6,     7,  2,     3,  8,     2, 20,   7617, 8.1e-6
    - 7 :   2, 10,  450,    6,  7,     7,  2,     4,  6,     2, 20,   8768, 3.3e-5
    - 8 :   2, 10,  453,    6,  7,     7,  2,     5,  5,     2, 20,  10729, 6.1e-5
    - 9 :   2, 10,  456,    7,  6,    15,  1,     6,  5,     2, 20,  14249, 6.3e-5
    - 10:   2, 10,  450,    8,  5,     7,  2,     7,  4,     2, 20,  17628, 2.0e-5
    - 11:   2, 10,  450,   11,  4,     7,  2,     7,  4,     2, 20,  22335, 1.8e-5
    - 12:   2, 10,  450,   11,  4,     7,  2,    10,  3,     2, 20,  31102, 2.9e-5
    - 13:   2, 10,  457,   15,  3,    15,  1,    11,  3,     3, 15,  47199, 6.2e-5
    - 14:   2, 10,  450,   22,  2,     7,  2,    16,  2,     2, 20,  85995, 3.3e-5
    - 15:   2, 10,  451,   44,  1,    15,  1,    33,  1,     3, 15, 333849, 6.1e-5
    # no solution starting from log norm2 = 16

  - 11: # bits
    -ln2:   k,  N,    n, br_l,br_b, ks_l,ks_b, cb_l,cb_b, pp_l,pp_b,  cost, p_error
    - 0 :   1, 10,  450,    5,  7,     5,  3,     3,  6,     3, 10,   3494, 4.1e-5
    - 1 :   2, 10,  450,    3, 12,     5,  3,     3,  6,     1, 31,   4119, 2.5e-5
    - 2 :   2, 10,  450,    5,  8,     5,  3,     2, 10,     2, 20,   4786, 2.5e-5
    - 3 :   2, 10,  450,    3, 12,     7,  2,     4,  5,     1, 31,   5290, 3.9e-5
    - 4 :   2, 10,  450,    5,  8,     5,  3,     3,  7,     2, 20,   6645, 2.4e-5
    - 5 :   2, 10,  450,    6,  7,     5,  3,     3,  8,     2, 20,   7476, 6.3e-5
    - 6 :   2, 10,  450,    7,  6,     7,  2,     3,  8,     2, 20,   8349, 1.2e-5
    - 7 :   2, 10,  450,    6,  7,     7,  2,     4,  6,     2, 20,   9599, 4.9e-5
    - 8 :   2, 10,  451,    6,  7,    15,  1,     5,  5,     2, 20,  11869, 6.3e-5
    - 9 :   2, 10,  450,    8,  5,     7,  2,     6,  5,     2, 20,  16751, 1.1e-5
    - 10:   2, 10,  450,    8,  5,     7,  2,     7,  4,     2, 20,  19275, 2.9e-5
    - 11:   2, 10,  450,   11,  4,     7,  2,     7,  4,     2, 20,  24424, 2.6e-5
    - 12:   2, 10,  450,   11,  4,     7,  2,    10,  3,     2, 20,  33989, 4.2e-5
    - 13:   2, 10,  450,   22,  2,     7,  2,    10,  3,     2, 20,  60180, 1.7e-5
    - 14:   2, 10,  450,   22,  2,     7,  2,    16,  2,     2, 20,  93928, 4.9e-5
    - 15:   2, 10,  451,   45,  1,    15,  1,    33,  1,     3, 15, 371916, 6.2e-5
    # no solution starting from log norm2 = 16

  - 12: # bits
    -ln2:   k,  N,    n, br_l,br_b, ks_l,ks_b, cb_l,cb_b, pp_l,pp_b,  cost, p_error
    - 0 :   1, 10,  450,    5,  7,     5,  3,     3,  6,     3, 10,   3494, 4.1e-5
    - 1 :   2, 10,  450,    3, 12,     5,  3,     3,  6,     1, 31,   4119, 2.5e-5
    - 2 :   2, 10,  450,    5,  8,     5,  3,     2, 10,     2, 20,   4786, 2.5e-5
    - 3 :   2, 10,  450,    3, 12,     7,  2,     4,  5,     1, 31,   5290, 3.9e-5
    - 4 :   2, 10,  450,    5,  8,     5,  3,     3,  7,     2, 20,   6645, 2.4e-5
    - 5 :   2, 10,  450,    6,  7,     5,  3,     3,  8,     2, 20,   7476, 6.3e-5
    - 6 :   2, 10,  450,    7,  6,     7,  2,     3,  8,     2, 20,   8349, 1.2e-5
    - 7 :   2, 10,  450,    6,  7,     7,  2,     4,  6,     2, 20,   9599, 4.9e-5
    - 8 :   2, 10,  451,    6,  7,    15,  1,     5,  5,     2, 20,  11869, 6.3e-5
    - 9 :   2, 10,  450,    8,  5,     7,  2,     6,  5,     2, 20,  16751, 1.1e-5
    - 10:   2, 10,  450,    8,  5,     7,  2,     7,  4,     2, 20,  19275, 2.9e-5
    - 11:   2, 10,  450,   11,  4,     7,  2,     7,  4,     2, 20,  24424, 2.6e-5
    - 12:   2, 10,  450,   11,  4,     7,  2,    10,  3,     2, 20,  33989, 4.2e-5
    - 13:   2, 10,  450,   22,  2,     7,  2,    10,  3,     2, 20,  60180, 1.7e-5
    - 14:   2, 10,  450,   22,  2,     7,  2,    16,  2,     2, 20,  93928, 4.9e-5
    - 15:   2, 10,  451,   45,  1,    15,  1,    33,  1,     3, 15, 371916, 6.2e-5
    # no solution starting from log norm2 = 16

  - 13: # bits
    -ln2:   k,  N,    n, br_l,br_b, ks_l,ks_b, cb_l,cb_b, pp_l,pp_b,  cost, p_error
    - 0 :   1, 10,  450,    5,  7,     7,  2,     3,  6,     3, 10,   4689, 5.4e-5
    - 1 :   2, 10,  450,    3, 12,     5,  3,     3,  6,     1, 31,   5497, 4.7e-5
    - 2 :   2, 10,  450,    5,  8,     5,  3,     2, 10,     2, 20,   6384, 4.6e-5
    - 3 :   2, 10,  450,    6,  7,     7,  2,     2, 10,     2, 20,   7253, 2.2e-5
    - 4 :   2, 10,  450,    5,  8,     5,  3,     3,  7,     2, 20,   8864, 4.3e-5
    - 5 :   2, 10,  450,    6,  7,     7,  2,     3,  8,     2, 20,  10028, 1.5e-5
    - 6 :   2, 10,  450,    7,  6,     7,  2,     3,  8,     2, 20,  11136, 4.2e-5
    - 7 :   2, 10,  458,    5,  8,     7,  2,     5,  5,     2, 20,  14060, 6.3e-5
    - 8 :   2, 10,  450,    7,  6,     7,  2,     5,  5,     2, 20,  17278, 1.0e-5
    - 9 :   2, 10,  450,    8,  5,     7,  2,     6,  5,     2, 20,  22342, 3.8e-5
    - 10:   2, 10,  452,    8,  5,    15,  1,     7,  4,     2, 20,  26025, 6.1e-5
    - 11:   2, 10,  450,   11,  4,    14,  1,     7,  4,     2, 20,  32772, 6.2e-5
    - 12:   2, 10,  450,   14,  3,     7,  2,    10,  3,     2, 20,  54855, 8.2e-6
    - 13:   2, 10,  450,   22,  2,     7,  2,    10,  3,     2, 20,  80252, 6.1e-5
    - 14:   2, 10,  452,   22,  2,    15,  1,    16,  2,     3, 15, 132132, 6.1e-5
    # no solution starting from log norm2 = 15

  - 14: # bits
    -ln2:   k,  N,    n, br_l,br_b, ks_l,ks_b, cb_l,cb_b, pp_l,pp_b,  cost, p_error
    - 0 :   1, 10,  450,    5,  7,     7,  2,     3,  6,     3, 10,   4689, 5.4e-5
    - 1 :   2, 10,  450,    3, 12,     5,  3,     3,  6,     1, 31,   5497, 4.7e-5
    - 2 :   2, 10,  450,    5,  8,     5,  3,     2, 10,     2, 20,   6384, 4.6e-5
    - 3 :   2, 10,  450,    6,  7,     7,  2,     2, 10,     2, 20,   7253, 2.2e-5
    - 4 :   2, 10,  450,    5,  8,     5,  3,     3,  7,     2, 20,   8864, 4.3e-5
    - 5 :   2, 10,  450,    6,  7,     7,  2,     3,  8,     2, 20,  10028, 1.5e-5
    - 6 :   2, 10,  450,    7,  6,     7,  2,     3,  8,     2, 20,  11136, 4.2e-5
    - 7 :   2, 10,  458,    5,  8,     7,  2,     5,  5,     2, 20,  14060, 6.3e-5
    - 8 :   2, 10,  450,    7,  6,     7,  2,     5,  5,     2, 20,  17278, 1.0e-5
    - 9 :   2, 10,  450,    8,  5,     7,  2,     6,  5,     2, 20,  22342, 3.8e-5
    - 10:   2, 10,  452,    8,  5,    15,  1,     7,  4,     2, 20,  26025, 6.1e-5
    - 11:   2, 10,  450,   11,  4,    14,  1,     7,  4,     2, 20,  32772, 6.2e-5
    - 12:   2, 10,  450,   14,  3,     7,  2,    10,  3,     2, 20,  54855, 8.2e-6
    - 13:   2, 10,  450,   22,  2,     7,  2,    10,  3,     2, 20,  80252, 6.1e-5
    - 14:   2, 10,  452,   22,  2,    15,  1,    16,  2,     3, 15, 132132, 6.1e-5
    # no solution starting from log norm2 = 15

  - 15: # bits
    -ln2:   k,  N,    n, br_l,br_b, ks_l,ks_b, cb_l,cb_b, pp_l,pp_b,  cost, p_error
    - 0 :   1, 10,  450,    5,  7,     7,  2,     3,  6,     3, 10,   4689, 5.4e-5
    - 1 :   2, 10,  450,    3, 12,     5,  3,     3,  6,     1, 31,   5497, 4.7e-5
    - 2 :   2, 10,  450,    5,  8,     5,  3,     2, 10,     2, 20,   6384, 4.6e-5
    - 3 :   2, 10,  450,    6,  7,     7,  2,     2, 10,     2, 20,   7253, 2.2e-5
    - 4 :   2, 10,  450,    5,  8,     5,  3,     3,  7,     2, 20,   8864, 4.3e-5
    - 5 :   2, 10,  450,    6,  7,     7,  2,     3,  8,     2, 20,  10028, 1.5e-5
    - 6 :   2, 10,  450,    7,  6,     7,  2,     3,  8,     2, 20,  11136, 4.2e-5
    - 7 :   2, 10,  458,    5,  8,     7,  2,     5,  5,     2, 20,  14060, 6.3e-5
    - 8 :   2, 10,  450,    7,  6,     7,  2,     5,  5,     2, 20,  17278, 1.0e-5
    - 9 :   2, 10,  450,    8,  5,     7,  2,     6,  5,     2, 20,  22342, 3.8e-5
    - 10:   2, 10,  452,    8,  5,    15,  1,     7,  4,     2, 20,  26025, 6.1e-5
    - 11:   2, 10,  450,   11,  4,    14,  1,     7,  4,     2, 20,  32772, 6.2e-5
    - 12:   2, 10,  450,   14,  3,     7,  2,    10,  3,     2, 20,  54855, 8.2e-6
    - 13:   2, 10,  450,   22,  2,     7,  2,    10,  3,     2, 20,  80252, 6.1e-5
    - 14:   2, 10,  452,   22,  2,    15,  1,    16,  2,     3, 15, 132132, 6.1e-5
    # no solution starting from log norm2 = 15

  - 16: # bits
    -ln2:   k,  N,    n, br_l,br_b, ks_l,ks_b, cb_l,cb_b, pp_l,pp_b,  cost, p_error
    - 0 :   2, 10,  453,    4,  9,     7,  2,     2,  9,     1, 31,   5464, 6.2e-5
    - 1 :   2, 10,  450,    3, 12,     5,  3,     3,  6,     1, 31,   6163, 6.2e-5
    - 2 :   2, 10,  450,    5,  8,     5,  3,     2, 10,     2, 20,   7139, 6.1e-5
    - 3 :   2, 10,  450,    6,  7,     7,  2,     2, 10,     2, 20,   8107, 3.7e-5
    - 4 :   2, 10,  450,    5,  8,     5,  3,     3,  7,     2, 20,   9933, 5.7e-5
    - 5 :   2, 10,  450,    6,  7,     7,  2,     3,  8,     2, 20,  11233, 2.6e-5
    - 6 :   2, 10,  453,    7,  6,     7,  2,     3,  8,     2, 20,  12536, 6.1e-5
    - 7 :   2, 10,  450,    7,  6,     7,  2,     4,  6,     2, 20,  15928, 1.1e-5
    - 8 :   2, 10,  450,    7,  6,     7,  2,     5,  5,     2, 20,  19387, 1.7e-5
    - 9 :   2, 10,  451,    8,  5,     7,  2,     6,  5,     2, 20,  25123, 6.0e-5
    - 10:   2, 10,  450,    9,  5,     7,  2,     7,  4,     2, 20,  31435, 2.2e-5
    - 11:   2, 10,  450,   15,  3,    14,  1,     6,  5,     2, 20,  40934, 5.5e-5
    - 12:   2, 10,  450,   14,  3,     7,  2,    10,  3,     2, 20,  61615, 1.4e-5
    - 13:   2, 10,  450,   22,  2,    15,  1,    10,  3,     2, 20,  90367, 6.3e-5
    - 14:   2, 10,  451,   43,  1,    15,  1,    16,  2,     2, 20, 258227, 6.3e-5
    # no solution starting from log norm2 = 15
