security level: 128
target p_error: 6.3e-5
per precision and log norm2:

  - 1: # bits
    -ln2:   k,  N,    n, br_l,br_b, ks_l,ks_b, cb_l,cb_b, pp_l,pp_b,  cost, p_error
    - 0 :   2, 10,  583,    2, 15,     3,  3,     1, 10,     1, 25,     97, 5.5e-5
    - 1 :   2, 10,  558,    2, 15,     5,  2,     1, 10,     1, 25,     98, 6.0e-5
    - 2 :   2, 10,  689,    2, 15,     7,  2,     1, 10,     1, 25,    121, 6.3e-5
    - 3 :   2, 10,  555,    3, 12,     5,  2,     1, 13,     2, 17,    145, 5.1e-5
    - 4 :   2, 10,  580,    3, 12,     5,  2,     1, 13,     2, 17,    149, 6.1e-5
    - 5 :   2, 10,  574,    4,  9,     5,  2,     1, 14,     2, 17,    172, 6.3e-5
    - 6 :   2, 10,  608,    5,  8,     6,  2,     1, 14,     3, 13,    230, 6.2e-5
    - 7 :   2, 10,  557,    3, 12,     5,  2,     2,  8,     2, 17,    280, 6.1e-5
    - 8 :   2, 10,  620,    3, 12,     6,  2,     2,  8,     2, 17,    303, 6.2e-5
    - 9 :   2, 10,  563,    4,  9,     5,  2,     2,  9,     2, 17,    328, 5.9e-5
    - 10:   2, 10,  596,    5,  8,     6,  2,     2, 10,     2, 17,    393, 6.3e-5
    - 11:   2, 10,  579,    6,  7,     5,  2,     2, 10,     3, 13,    478, 6.3e-5
    - 12:   2, 10,  568,    5,  8,     5,  2,     3,  7,     2, 17,    560, 5.8e-5
    - 13:   2, 10,  583,    6,  7,     6,  2,     3,  8,     3, 13,    717, 6.3e-5
    - 14:   2, 10,  601,    7,  6,    11,  1,     3,  8,     3, 13,    818, 6.3e-5
    - 15:   2, 10,  556,    7,  6,    10,  1,     4,  6,     3, 13,   1020, 5.7e-5
    - 16:   2, 10,  560,    7,  6,    10,  1,     5,  5,     3, 13,   1277, 5.8e-5
    - 17:   2, 10,  588,    8,  5,    11,  1,     6,  5,     3, 13,   1729, 6.3e-5
    - 18:   2, 10,  575,    9,  5,    11,  1,     7,  4,     3, 13,   2145, 5.9e-5
    - 19:   2, 10,  613,   11,  4,    12,  1,     7,  4,     4, 10,   2776, 6.3e-5
    - 20:   2, 10,  558,   14,  3,    11,  1,    10,  3,     4, 10,   4370, 6.3e-5
    - 21:   2, 10,  584,   22,  2,    11,  1,    10,  3,     4, 10,   6445, 6.1e-5
    - 22:   2, 10,  570,   44,  1,    11,  1,    16,  2,     4, 10,  18316, 6.2e-5
    # no solution starting from log norm2 = 23

  - 2: # bits
    -ln2:   k,  N,    n, br_l,br_b, ks_l,ks_b, cb_l,cb_b, pp_l,pp_b,  cost, p_error
    - 0 :   2, 10,  601,    3, 12,     5,  2,     1, 13,     2, 17,    399, 5.5e-5
    - 1 :   2, 10,  602,    3, 12,     6,  2,     1, 13,     2, 17,    405, 6.0e-5
    - 2 :   2, 10,  606,    2, 15,     6,  2,     2,  7,     1, 25,    471, 5.6e-5
    - 3 :   2, 10,  613,    5,  8,     6,  2,     1, 14,     2, 17,    561, 6.0e-5
    - 4 :   2, 10,  595,    3, 12,     6,  2,     2,  8,     2, 17,    682, 5.2e-5
    - 5 :   2, 10,  609,    3, 12,     6,  2,     2,  8,     2, 17,    694, 5.7e-5
    - 6 :   2, 10,  597,    4,  9,     6,  2,     2,  9,     2, 17,    806, 5.7e-5
    - 7 :   2, 10,  633,    4,  9,     6,  2,     2,  9,     2, 17,    843, 6.0e-5
    - 8 :   2, 10,  597,    4,  9,     6,  2,     3,  7,     2, 17,   1137, 5.0e-5
    - 9 :   2, 10,  627,    4,  9,     6,  2,     3,  7,     2, 17,   1180, 5.9e-5
    - 10:   2, 10,  688,    5,  8,     7,  2,     3,  7,     2, 17,   1469, 6.3e-5
    - 11:   2, 10,  641,    5,  8,     6,  2,     4,  6,     2, 17,   1784, 6.2e-5
    - 12:   2, 10,  603,    6,  7,    12,  1,     4,  6,     3, 13,   2144, 5.9e-5
    - 13:   2, 10,  608,    8,  5,    12,  1,     4,  6,     3, 13,   2606, 6.2e-5
    - 14:   2, 10,  615,    8,  5,    12,  1,     5,  5,     3, 13,   3217, 6.0e-5
    - 15:   2, 10,  601,    8,  5,    12,  1,     7,  4,     3, 13,   4315, 5.8e-5
    - 16:   2, 10,  612,   11,  4,    12,  1,     7,  4,     3, 13,   5505, 6.0e-5
    - 17:   2, 10,  652,   15,  3,    13,  1,     7,  4,     4, 10,   7745, 6.2e-5
    - 18:   2, 10,  658,   15,  3,    13,  1,    10,  3,     4, 10,  10937, 6.3e-5
    - 19:   2, 10,  649,   22,  2,    13,  1,    15,  2,     4, 10,  21754, 6.3e-5
    - 20:   2, 10,  638,   44,  1,    13,  1,    32,  1,     5,  9,  83935, 6.3e-5
    # no solution starting from log norm2 = 21

  - 3: # bits
    -ln2:   k,  N,    n, br_l,br_b, ks_l,ks_b, cb_l,cb_b, pp_l,pp_b,  cost, p_error
    - 0 :   2, 10,  671,    2, 15,     6,  2,     2,  7,     1, 25,    805, 6.0e-5
    - 1 :   2, 10,  703,    5,  8,     7,  2,     1, 14,     2, 17,   1036, 6.3e-5
    - 2 :   2, 10,  640,    3, 12,     6,  2,     2,  8,     2, 17,   1129, 5.8e-5
    - 3 :   2, 10,  678,    3, 12,     7,  2,     2,  8,     2, 17,   1187, 6.0e-5
    - 4 :   2, 10,  645,    4,  9,     6,  2,     2,  9,     2, 17,   1347, 6.1e-5
    - 5 :   2, 10,  669,    5,  8,     7,  2,     2, 10,     2, 17,   1614, 6.2e-5
    - 6 :   2, 10,  644,    4,  9,     6,  2,     3,  7,     2, 17,   1869, 6.3e-5
    - 7 :   2, 10,  649,    5,  8,     6,  2,     3,  7,     2, 17,   2173, 5.7e-5
    - 8 :   2, 10,  663,    6,  7,     7,  2,     3,  8,     3, 13,   2734, 6.3e-5
    - 9 :   2, 10,  684,    7,  6,     7,  2,     3,  8,     3, 13,   3108, 6.3e-5
    - 10:   2, 10,  636,    7,  6,    13,  1,     4,  6,     3, 13,   3806, 6.2e-5
    - 11:   2, 10,  639,    7,  6,    13,  1,     5,  5,     3, 13,   4649, 6.3e-5
    - 12:   2, 10,  664,    8,  5,    13,  1,     6,  5,     3, 13,   6186, 6.1e-5
    - 13:   2, 10,  653,    9,  5,    13,  1,     7,  4,     3, 13,   7643, 6.2e-5
    - 14:   2, 10,  674,   11,  4,    14,  1,     7,  4,     4, 10,   9624, 6.3e-5
    - 15:   2, 10,  640,   14,  3,    13,  1,    10,  3,     4, 10,  15403, 6.0e-5
    - 16:   2, 10,  659,   22,  2,    13,  1,    10,  3,     4, 10,  22695, 6.0e-5
    - 17:   2, 10,  649,   44,  1,    13,  1,    16,  2,     4, 10,  64324, 6.3e-5
    # no solution starting from log norm2 = 18

  - 4: # bits
    -ln2:   k,  N,    n, br_l,br_b, ks_l,ks_b, cb_l,cb_b, pp_l,pp_b,  cost, p_error
    - 0 :   2, 10,  652,    5,  8,     6,  2,     1, 14,     2, 17,   1773, 6.0e-5
    - 1 :   2, 10,  672,    2, 15,     6,  2,     3,  5,     1, 25,   2141, 6.1e-5
    - 2 :   2, 10,  649,    3, 12,     6,  2,     2,  8,     2, 17,   2181, 5.7e-5
    - 3 :   2, 10,  639,    4,  9,     6,  2,     2,  9,     2, 17,   2549, 5.5e-5
    - 4 :   2, 10,  667,    4,  9,     6,  2,     2,  9,     2, 17,   2636, 6.3e-5
    - 5 :   2, 10,  679,    5,  8,     7,  2,     2, 10,     3, 13,   3394, 6.1e-5
    - 6 :   2, 10,  664,    4,  9,     6,  2,     3,  7,     2, 17,   3697, 6.2e-5
    - 7 :   2, 10,  678,    5,  8,     7,  2,     3,  7,     2, 17,   4357, 6.3e-5
    - 8 :   2, 10,  667,    5,  8,     7,  2,     4,  6,     2, 17,   5539, 6.3e-5
    - 9 :   2, 10,  677,    8,  5,    13,  1,     3,  8,     3, 13,   6629, 6.3e-5
    - 10:   2, 10,  669,    7,  6,    13,  1,     4,  6,     3, 13,   7705, 6.2e-5
    - 11:   2, 10,  648,    8,  5,    13,  1,     5,  5,     3, 13,  10069, 6.0e-5
    - 12:   2, 10,  639,    8,  5,    13,  1,     7,  4,     3, 13,  13589, 6.2e-5
    - 13:   2, 10,  646,   11,  4,    13,  1,     7,  4,     3, 13,  17281, 6.3e-5
    - 14:   2, 10,  695,   14,  3,    14,  1,     7,  4,     4, 10,  23235, 6.3e-5
    - 15:   2, 10,  665,   15,  3,    13,  1,    10,  3,     4, 10,  33100, 6.3e-5
    - 16:   2, 10,  663,   22,  2,    13,  1,    15,  2,     4, 10,  66485, 6.2e-5
    - 17:   2, 10,  661,   44,  1,    13,  1,    32,  1,     5,  9, 260053, 6.0e-5
    # no solution starting from log norm2 = 18

  - 5: # bits
    -ln2:   k,  N,    n, br_l,br_b, ks_l,ks_b, cb_l,cb_b, pp_l,pp_b,  cost, p_error
    - 0 :   2, 10,  652,    5,  8,     6,  2,     1, 14,     2, 17,   1773, 6.0e-5
    - 1 :   2, 10,  672,    2, 15,     6,  2,     3,  5,     1, 25,   2141, 6.1e-5
    - 2 :   2, 10,  649,    3, 12,     6,  2,     2,  8,     2, 17,   2181, 5.7e-5
    - 3 :   2, 10,  639,    4,  9,     6,  2,     2,  9,     2, 17,   2549, 5.5e-5
    - 4 :   2, 10,  667,    4,  9,     6,  2,     2,  9,     2, 17,   2636, 6.3e-5
    - 5 :   2, 10,  679,    5,  8,     7,  2,     2, 10,     3, 13,   3394, 6.1e-5
    - 6 :   2, 10,  664,    4,  9,     6,  2,     3,  7,     2, 17,   3697, 6.2e-5
    - 7 :   2, 10,  678,    5,  8,     7,  2,     3,  7,     2, 17,   4357, 6.3e-5
    - 8 :   2, 10,  667,    5,  8,     7,  2,     4,  6,     2, 17,   5539, 6.3e-5
    - 9 :   2, 10,  677,    8,  5,    13,  1,     3,  8,     3, 13,   6629, 6.3e-5
    - 10:   2, 10,  669,    7,  6,    13,  1,     4,  6,     3, 13,   7705, 6.2e-5
    - 11:   2, 10,  648,    8,  5,    13,  1,     5,  5,     3, 13,  10069, 6.0e-5
    - 12:   2, 10,  639,    8,  5,    13,  1,     7,  4,     3, 13,  13589, 6.2e-5
    - 13:   2, 10,  646,   11,  4,    13,  1,     7,  4,     3, 13,  17281, 6.3e-5
    - 14:   2, 10,  695,   14,  3,    14,  1,     7,  4,     4, 10,  23235, 6.3e-5
    - 15:   2, 10,  665,   15,  3,    13,  1,    10,  3,     4, 10,  33100, 6.3e-5
    - 16:   2, 10,  663,   22,  2,    13,  1,    15,  2,     4, 10,  66485, 6.2e-5
    - 17:   2, 10,  661,   44,  1,    13,  1,    32,  1,     5,  9, 260053, 6.0e-5
    # no solution starting from log norm2 = 18

  - 6: # bits
    -ln2:   k,  N,    n, br_l,br_b, ks_l,ks_b, cb_l,cb_b, pp_l,pp_b,  cost, p_error
    - 0 :   2, 10,  665,    2, 15,     6,  2,     2,  7,     2, 17,   2151, 6.2e-5
    - 1 :   2, 10,  637,    3, 12,     6,  2,     2,  8,     2, 17,   2559, 5.9e-5
    - 2 :   2, 10,  652,    3, 12,     6,  2,     2,  8,     2, 17,   2604, 6.2e-5
    - 3 :   2, 10,  640,    4,  9,     6,  2,     2,  9,     2, 17,   3041, 5.5e-5
    - 4 :   2, 10,  674,    4,  9,     7,  2,     2,  9,     2, 17,   3185, 6.2e-5
    - 5 :   2, 10,  639,    4,  9,     6,  2,     3,  7,     2, 17,   4252, 6.1e-5
    - 6 :   2, 10,  670,    4,  9,     7,  2,     3,  7,     2, 17,   4428, 6.2e-5
    - 7 :   2, 10,  717,    5,  8,     7,  2,     3,  7,     2, 17,   5402, 6.3e-5
    - 8 :   2, 10,  682,    5,  8,     7,  2,     4,  6,     2, 17,   6658, 6.1e-5
    - 9 :   2, 10,  646,    6,  7,    13,  1,     4,  6,     3, 13,   8004, 5.9e-5
    - 10:   2, 10,  650,    8,  5,    13,  1,     4,  6,     3, 13,   9748, 6.0e-5
    - 11:   2, 10,  656,    8,  5,    13,  1,     5,  5,     3, 13,  11979, 6.3e-5
    - 12:   2, 10,  644,    8,  5,    13,  1,     7,  4,     3, 13,  16066, 5.8e-5
    - 13:   2, 10,  654,   11,  4,    13,  1,     7,  4,     3, 13,  20525, 6.1e-5
    - 14:   2, 10,  693,   15,  3,    14,  1,     7,  4,     4, 10,  28760, 6.3e-5
    - 15:   2, 10,  690,   15,  3,    14,  1,    10,  3,     5,  9,  41739, 6.3e-5
    - 16:   2, 10,  690,   22,  2,    14,  1,    15,  2,     4, 10,  80655, 6.3e-5
    - 17:   2, 10,  685,   44,  1,    14,  1,    32,  1,     5,  9, 314081, 6.2e-5
    # no solution starting from log norm2 = 18

  - 7: # bits
    -ln2:   k,  N,    n, br_l,br_b, ks_l,ks_b, cb_l,cb_b, pp_l,pp_b,  cost, p_error
    - 0 :   2, 10,  676,    2, 15,     6,  2,     2,  7,     2, 17,   2519, 6.3e-5
    - 1 :   2, 10,  638,    3, 12,     6,  2,     2,  8,     2, 17,   2971, 5.4e-5
    - 2 :   2, 10,  657,    3, 12,     6,  2,     2,  8,     2, 17,   3036, 5.7e-5
    - 3 :   2, 10,  641,    4,  9,     6,  2,     2,  9,     2, 17,   3533, 5.5e-5
    - 4 :   2, 10,  694,    4,  9,     7,  2,     2,  9,     2, 17,   3783, 6.2e-5
    - 5 :   2, 10,  640,    4,  9,     6,  2,     3,  7,     2, 17,   4919, 6.1e-5
    - 6 :   2, 10,  686,    4,  9,     7,  2,     3,  7,     2, 17,   5211, 6.2e-5
    - 7 :   2, 10,  672,    5,  8,     7,  2,     3,  7,     3, 13,   6504, 6.0e-5
    - 8 :   2, 10,  643,    7,  6,    13,  1,     3,  8,     3, 13,   7949, 6.2e-5
    - 9 :   2, 10,  652,    6,  7,    13,  1,     4,  6,     3, 13,   9289, 6.1e-5
    - 10:   2, 10,  658,    8,  5,    13,  1,     4,  6,     3, 13,  11351, 6.1e-5
    - 11:   2, 10,  670,    8,  5,    13,  1,     5,  5,     3, 13,  14025, 6.1e-5
    - 12:   2, 10,  649,    8,  5,    13,  1,     7,  4,     3, 13,  18572, 6.1e-5
    - 13:   2, 10,  665,   11,  4,    13,  1,     7,  4,     3, 13,  23922, 6.2e-5
    - 14:   2, 10,  655,   11,  4,    13,  1,    10,  3,     4, 10,  34876, 6.2e-5
    - 15:   2, 10,  664,   21,  2,    13,  1,    10,  3,     4, 10,  58399, 6.1e-5
    - 16:   2, 10,  656,   22,  2,    13,  1,    16,  2,     4, 10,  94120, 6.2e-5
    - 17:   2, 10,  684,   45,  1,    14,  1,    33,  1,     6,  7, 383910, 6.2e-5
    # no solution starting from log norm2 = 18

  - 8: # bits
    -ln2:   k,  N,    n, br_l,br_b, ks_l,ks_b, cb_l,cb_b, pp_l,pp_b,  cost, p_error
    - 0 :   2, 10,  682,    2, 15,     7,  2,     2,  7,     2, 17,   2905, 6.1e-5
    - 1 :   2, 10,  638,    3, 12,     6,  2,     2,  8,     2, 17,   3379, 6.1e-5
    - 2 :   2, 10,  662,    3, 12,     6,  2,     2,  8,     2, 17,   3474, 5.9e-5
    - 3 :   2, 10,  642,    4,  9,     6,  2,     2,  9,     2, 17,   4027, 5.6e-5
    - 4 :   2, 10,  657,    5,  8,     6,  2,     2, 10,     2, 17,   4748, 6.1e-5
    - 5 :   2, 10,  641,    4,  9,     6,  2,     3,  7,     2, 17,   5588, 6.1e-5
    - 6 :   2, 10,  644,    5,  8,     6,  2,     3,  7,     2, 17,   6480, 5.9e-5
    - 7 :   2, 10,  685,    5,  8,     7,  2,     3,  7,     3, 13,   7482, 6.2e-5
    - 8 :   2, 10,  648,    7,  6,    13,  1,     3,  8,     3, 13,   9074, 5.9e-5
    - 9 :   2, 10,  661,    6,  7,    13,  1,     4,  6,     3, 13,  10628, 6.0e-5
    - 10:   2, 10,  670,    8,  5,    13,  1,     4,  6,     3, 13,  13046, 6.3e-5
    - 11:   2, 10,  696,    8,  5,    14,  1,     5,  5,     3, 13,  16382, 6.3e-5
    - 12:   2, 10,  656,    8,  5,    13,  1,     7,  4,     3, 13,  21159, 6.1e-5
    - 13:   2, 10,  684,   11,  4,    14,  1,     7,  4,     3, 13,  27699, 6.3e-5
    - 14:   2, 10,  666,   11,  4,    13,  1,    10,  3,     4, 10,  39870, 6.3e-5
    - 15:   2, 10,  644,   22,  2,    13,  1,    10,  3,     4, 10,  66732, 5.9e-5
    - 16:   2, 10,  667,   22,  2,    14,  1,    16,  2,     4, 10, 107686, 6.3e-5
    # no solution starting from log norm2 = 17

  - 9: # bits
    -ln2:   k,  N,    n, br_l,br_b, ks_l,ks_b, cb_l,cb_b, pp_l,pp_b,  cost, p_error
    - 0 :   2, 10,  691,    4,  9,     7,  2,     2,  9,     2, 17,   4815, 5.7e-5
    - 1 :   2, 10,  705,    4,  9,     7,  2,     2,  9,     2, 17,   4893, 6.3e-5
    - 2 :   2, 10,  713,    5,  8,     7,  2,     2, 10,     3, 13,   6207, 6.1e-5
    - 3 :   2, 10,  705,    4,  9,     7,  2,     3,  7,     2, 17,   6758, 5.9e-5
    - 4 :   2, 10,  712,    5,  8,     7,  2,     3,  7,     2, 17,   7891, 6.0e-5
    - 5 :   2, 10,  707,    5,  8,     7,  2,     4,  6,     2, 17,  10006, 6.3e-5
    - 6 :   2, 10,  716,    8,  5,     7,  2,     3,  8,     3, 13,  11908, 6.2e-5
    - 7 :   2, 10,  713,    7,  6,     7,  2,     4,  6,     3, 13,  13784, 6.2e-5
    - 8 :   2, 10,  709,    7,  6,    14,  1,     5,  5,     3, 13,  16903, 6.3e-5
    - 9 :   2, 10,  710,    7,  6,    14,  1,     7,  4,     3, 13,  22900, 6.3e-5
    - 10:   2, 10,  691,   11,  4,    14,  1,     7,  4,     3, 13,  31152, 6.1e-5
    - 11:   2, 10,  706,   14,  3,    15,  1,     7,  4,     4, 10,  40116, 6.2e-5
    - 12:   2, 10,  712,   14,  3,    15,  1,    10,  3,     4, 10,  56240, 6.3e-5
    - 13:   2, 10,  728,   21,  2,    15,  1,    15,  2,     4, 10, 116987, 6.3e-5
    - 14:   2, 10,  726,   44,  1,    15,  1,    16,  2,     5,  9, 242372, 6.3e-5
    # no solution starting from log norm2 = 15

  - 10: # bits
    -ln2:   k,  N,    n, br_l,br_b, ks_l,ks_b, cb_l,cb_b, pp_l,pp_b,  cost, p_error
    - 0 :   2, 10,  691,    4,  9,     7,  2,     2,  9,     2, 17,   5337, 6.0e-5
    - 1 :   2, 10,  708,    4,  9,     7,  2,     2,  9,     2, 17,   5442, 6.2e-5
    - 2 :   2, 10,  718,    5,  8,     7,  2,     2, 10,     3, 13,   6916, 6.2e-5
    - 3 :   2, 10,  707,    4,  9,     7,  2,     3,  7,     2, 17,   7492, 6.2e-5
    - 4 :   2, 10,  716,    5,  8,     7,  2,     3,  7,     2, 17,   8771, 6.2e-5
    - 5 :   2, 10,  711,    5,  8,     7,  2,     4,  6,     2, 17,  11107, 6.0e-5
    - 6 :   2, 10,  723,    8,  5,     7,  2,     3,  8,     3, 13,  13282, 6.2e-5
    - 7 :   2, 10,  705,    7,  6,    14,  1,     4,  6,     3, 13,  15308, 6.3e-5
    - 8 :   2, 10,  716,    7,  6,    15,  1,     5,  5,     3, 13,  18837, 6.3e-5
    - 9 :   2, 10,  718,    7,  6,    15,  1,     7,  4,     3, 13,  25511, 6.3e-5
    - 10:   2, 10,  693,   11,  4,    14,  1,     7,  4,     3, 13,  34450, 6.2e-5
    - 11:   2, 10,  713,   14,  3,    15,  1,     7,  4,     4, 10,  44622, 6.1e-5
    - 12:   2, 10,  724,   14,  3,    15,  1,    10,  3,     4, 10,  62860, 6.2e-5
    - 13:   2, 10,  702,   22,  2,    15,  1,    15,  2,     4, 10, 129826, 6.3e-5
    - 14:   2, 10,  738,   45,  1,    15,  1,    16,  2,     5,  9, 276643, 6.3e-5
    # no solution starting from log norm2 = 15

  - 11: # bits
    -ln2:   k,  N,    n, br_l,br_b, ks_l,ks_b, cb_l,cb_b, pp_l,pp_b,  cost, p_error
    - 0 :   2, 10,  692,    4,  9,     7,  2,     2,  9,     2, 17,   5866, 5.6e-5
    - 1 :   2, 10,  711,    4,  9,     7,  2,     2,  9,     2, 17,   5995, 6.3e-5
    - 2 :   2, 10,  725,    5,  8,     7,  2,     2, 10,     3, 13,   7648, 6.2e-5
    - 3 :   2, 10,  710,    4,  9,     7,  2,     3,  7,     2, 17,   8239, 6.2e-5
    - 4 :   2, 10,  722,    5,  8,     7,  2,     3,  7,     2, 17,   9681, 6.2e-5
    - 5 :   2, 10,  714,    5,  8,     7,  2,     4,  6,     2, 17,  12204, 6.3e-5
    - 6 :   2, 10,  715,    8,  5,    15,  1,     3,  8,     3, 13,  14697, 6.3e-5
    - 7 :   2, 10,  711,    7,  6,    14,  1,     4,  6,     3, 13,  16874, 6.3e-5
    - 8 :   2, 10,  729,    7,  6,    15,  1,     5,  5,     3, 13,  20908, 6.3e-5
    - 9 :   2, 10,  736,    7,  6,    15,  1,     7,  4,     3, 13,  28440, 6.3e-5
    - 10:   2, 10,  696,   11,  4,    14,  1,     7,  4,     3, 13,  37811, 5.9e-5
    - 11:   2, 10,  722,   14,  3,    15,  1,     7,  4,     4, 10,  49310, 6.3e-5
    - 12:   2, 10,  709,   15,  3,    15,  1,    10,  3,     4, 10,  71261, 6.3e-5
    - 13:   2, 10,  707,   22,  2,    15,  1,    15,  2,     4, 10, 142695, 6.2e-5
    - 14:   2, 10,  718,   44,  1,    15,  1,    32,  1,     4, 10, 555777, 6.2e-5
    # no solution starting from log norm2 = 15

  - 12: # bits
    -ln2:   k,  N,    n, br_l,br_b, ks_l,ks_b, cb_l,cb_b, pp_l,pp_b,  cost, p_error
    - 0 :   2, 10,  693,    4,  9,     7,  2,     2,  9,     2, 17,   7308, 5.7e-5
    - 1 :   2, 10,  725,    4,  9,     7,  2,     2,  9,     2, 17,   7579, 6.2e-5
    - 2 :   2, 10,  692,    4,  9,     7,  2,     3,  7,     2, 17,  10060, 6.3e-5
    - 3 :   2, 10,  723,    4,  9,     7,  2,     3,  7,     2, 17,  10414, 6.2e-5
    - 4 :   2, 10,  754,    5,  8,     8,  2,     3,  7,     2, 17,  12543, 6.3e-5
    - 5 :   2, 10,  733,    5,  8,     7,  2,     4,  6,     2, 17,  15543, 6.3e-5
    - 6 :   2, 10,  711,    6,  7,     7,  2,     4,  6,     3, 13,  18675, 6.0e-5
    - 7 :   2, 10,  701,    8,  5,    14,  1,     4,  6,     3, 13,  22845, 6.0e-5
    - 8 :   2, 10,  707,    8,  5,    14,  1,     5,  5,     3, 13,  27908, 6.1e-5
    - 9 :   2, 10,  696,    8,  5,    14,  1,     7,  4,     3, 13,  37248, 6.2e-5
    - 10:   2, 10,  704,   11,  4,    15,  1,     7,  4,     3, 13,  47679, 6.3e-5
    - 11:   2, 10,  736,   15,  3,    15,  1,     7,  4,     4, 10,  66031, 6.3e-5
    - 12:   2, 10,  740,   15,  3,    16,  1,    10,  3,     5,  9,  95871, 6.3e-5
    - 13:   2, 10,  733,   22,  2,    15,  1,    15,  2,     4, 10, 183968, 6.3e-5
    - 14:   2, 10,  734,   44,  1,    15,  1,    32,  1,     5,  9, 720379, 6.3e-5
    # no solution starting from log norm2 = 15

  - 13: # bits
    -ln2:   k,  N,    n, br_l,br_b, ks_l,ks_b, cb_l,cb_b, pp_l,pp_b,  cost, p_error
    - 0 :   2, 10,  693,    4,  9,     7,  2,     2,  9,     2, 17,   7833, 6.0e-5
    - 1 :   2, 10,  733,    4,  9,     7,  2,     2,  9,     2, 17,   8196, 6.2e-5
    - 2 :   2, 10,  693,    4,  9,     7,  2,     3,  7,     2, 17,  10782, 5.8e-5
    - 3 :   2, 10,  729,    4,  9,     7,  2,     3,  7,     2, 17,  11221, 6.3e-5
    - 4 :   2, 10,  718,    5,  8,     7,  2,     3,  7,     3, 13,  14007, 6.1e-5
    - 5 :   2, 10,  741,    5,  8,     8,  2,     4,  6,     2, 17,  16823, 6.3e-5
    - 6 :   2, 10,  713,    6,  7,     7,  2,     4,  6,     3, 13,  20019, 6.3e-5
    - 7 :   2, 10,  704,    8,  5,    14,  1,     4,  6,     3, 13,  24522, 6.0e-5
    - 8 :   2, 10,  711,    8,  5,    14,  1,     5,  5,     3, 13,  29976, 6.2e-5
    - 9 :   2, 10,  698,    8,  5,    14,  1,     7,  4,     3, 13,  39894, 6.3e-5
    - 10:   2, 10,  708,   11,  4,    15,  1,     7,  4,     3, 13,  51197, 6.2e-5
    - 11:   2, 10,  703,   11,  4,    14,  1,    10,  3,     4, 10,  74471, 6.3e-5
    - 12:   2, 10,  708,   21,  2,    15,  1,    10,  3,     4, 10, 124883, 6.3e-5
    - 13:   2, 10,  704,   22,  2,    14,  1,    16,  2,     4, 10, 201590, 6.1e-5
    - 14:   2, 10,  738,   45,  1,    15,  1,    32,  1,     5,  9, 788499, 6.3e-5
    # no solution starting from log norm2 = 15

  - 14: # bits
    -ln2:   k,  N,    n, br_l,br_b, ks_l,ks_b, cb_l,cb_b, pp_l,pp_b,  cost, p_error
    - 0 :   2, 10,  693,    4,  9,     7,  2,     2,  9,     2, 17,   7833, 6.0e-5
    - 1 :   2, 10,  733,    4,  9,     7,  2,     2,  9,     2, 17,   8196, 6.2e-5
    - 2 :   2, 10,  693,    4,  9,     7,  2,     3,  7,     2, 17,  10782, 5.8e-5
    - 3 :   2, 10,  729,    4,  9,     7,  2,     3,  7,     2, 17,  11221, 6.3e-5
    - 4 :   2, 10,  718,    5,  8,     7,  2,     3,  7,     3, 13,  14007, 6.1e-5
    - 5 :   2, 10,  741,    5,  8,     8,  2,     4,  6,     2, 17,  16823, 6.3e-5
    - 6 :   2, 10,  713,    6,  7,     7,  2,     4,  6,     3, 13,  20019, 6.3e-5
    - 7 :   2, 10,  704,    8,  5,    14,  1,     4,  6,     3, 13,  24522, 6.0e-5
    - 8 :   2, 10,  711,    8,  5,    14,  1,     5,  5,     3, 13,  29976, 6.2e-5
    - 9 :   2, 10,  698,    8,  5,    14,  1,     7,  4,     3, 13,  39894, 6.3e-5
    - 10:   2, 10,  708,   11,  4,    15,  1,     7,  4,     3, 13,  51197, 6.2e-5
    - 11:   2, 10,  703,   11,  4,    14,  1,    10,  3,     4, 10,  74471, 6.3e-5
    - 12:   2, 10,  708,   21,  2,    15,  1,    10,  3,     4, 10, 124883, 6.3e-5
    - 13:   2, 10,  704,   22,  2,    14,  1,    16,  2,     4, 10, 201590, 6.1e-5
    - 14:   2, 10,  738,   45,  1,    15,  1,    32,  1,     5,  9, 788499, 6.3e-5
    # no solution starting from log norm2 = 15

  - 15: # bits
    -ln2:   k,  N,    n, br_l,br_b, ks_l,ks_b, cb_l,cb_b, pp_l,pp_b,  cost, p_error
    - 0 :   2, 10,  693,    4,  9,     7,  2,     2,  9,     2, 17,   7833, 6.0e-5
    - 1 :   2, 10,  733,    4,  9,     7,  2,     2,  9,     2, 17,   8196, 6.2e-5
    - 2 :   2, 10,  693,    4,  9,     7,  2,     3,  7,     2, 17,  10782, 5.8e-5
    - 3 :   2, 10,  729,    4,  9,     7,  2,     3,  7,     2, 17,  11221, 6.3e-5
    - 4 :   2, 10,  718,    5,  8,     7,  2,     3,  7,     3, 13,  14007, 6.1e-5
    - 5 :   2, 10,  741,    5,  8,     8,  2,     4,  6,     2, 17,  16823, 6.3e-5
    - 6 :   2, 10,  713,    6,  7,     7,  2,     4,  6,     3, 13,  20019, 6.3e-5
    - 7 :   2, 10,  704,    8,  5,    14,  1,     4,  6,     3, 13,  24522, 6.0e-5
    - 8 :   2, 10,  711,    8,  5,    14,  1,     5,  5,     3, 13,  29976, 6.2e-5
    - 9 :   2, 10,  698,    8,  5,    14,  1,     7,  4,     3, 13,  39894, 6.3e-5
    - 10:   2, 10,  708,   11,  4,    15,  1,     7,  4,     3, 13,  51197, 6.2e-5
    - 11:   2, 10,  703,   11,  4,    14,  1,    10,  3,     4, 10,  74471, 6.3e-5
    - 12:   2, 10,  708,   21,  2,    15,  1,    10,  3,     4, 10, 124883, 6.3e-5
    - 13:   2, 10,  704,   22,  2,    14,  1,    16,  2,     4, 10, 201590, 6.1e-5
    - 14:   2, 10,  738,   45,  1,    15,  1,    32,  1,     5,  9, 788499, 6.3e-5
    # no solution starting from log norm2 = 15

  - 16: # bits
    -ln2:   k,  N,    n, br_l,br_b, ks_l,ks_b, cb_l,cb_b, pp_l,pp_b,  cost, p_error
    - 0 :   2, 10,  694,    4,  9,     7,  2,     2,  9,     2, 17,   8765, 5.9e-5
    - 1 :   2, 10,  757,    4,  9,     8,  2,     2,  9,     2, 17,   9455, 6.3e-5
    - 2 :   2, 10,  694,    4,  9,     7,  2,     3,  7,     2, 17,  12089, 5.7e-5
    - 3 :   2, 10,  750,    4,  9,     8,  2,     3,  7,     2, 17,  12906, 6.3e-5
    - 4 :   2, 10,  727,    5,  8,     7,  2,     3,  7,     3, 13,  15834, 6.2e-5
    - 5 :   2, 10,  710,    7,  6,     7,  2,     3,  8,     3, 13,  19458, 6.2e-5
    - 6 :   2, 10,  720,    6,  7,     7,  2,     4,  6,     3, 13,  22609, 6.3e-5
    - 7 :   2, 10,  711,    8,  5,    14,  1,     4,  6,     3, 13,  27700, 6.3e-5
    - 8 :   2, 10,  722,    8,  5,    15,  1,     5,  5,     3, 13,  34086, 6.2e-5
    - 9 :   2, 10,  703,    8,  5,    15,  1,     7,  4,     3, 13,  45089, 6.3e-5
    - 10:   2, 10,  718,   11,  4,    15,  1,     7,  4,     3, 13,  58137, 6.3e-5
    - 11:   2, 10,  710,   11,  4,    15,  1,    10,  3,     4, 10,  84360, 6.3e-5
    - 12:   2, 10,  719,   21,  2,    15,  1,    10,  3,     4, 10, 142125, 6.2e-5
    - 13:   2, 10,  711,   22,  2,    15,  1,    16,  2,     4, 10, 228549, 6.2e-5
    # no solution starting from log norm2 = 14
