security level: 176
target p_error: 6.3e-5
per precision and log norm2:

  - 1: # bits
    -ln2:   k,  N,    n, br_l,br_b, ks_l,ks_b, cb_l,cb_b, pp_l,pp_b,  cost, p_error
    - 0 :   2, 10,  762,    3,  9,     5,  2,     1,  9,     2, 12,    181, 5.7e-5
    - 1 :   3, 10,  774,    2, 15,     5,  2,     1, 11,     1, 29,    218, 6.1e-5
    - 2 :   3, 10,  770,    3, 12,     5,  2,     1, 12,     1, 29,    263, 5.4e-5
    - 3 :   3, 10,  808,    3, 12,     5,  2,     1, 12,     1, 29,    272, 6.2e-5
    - 4 :   3, 10,  777,    4,  9,     5,  2,     1, 14,     2, 19,    382, 5.8e-5
    - 5 :   3, 10,  808,    2, 15,     5,  2,     2,  7,     1, 29,    427, 6.3e-5
    - 6 :   3, 10,  775,    3, 12,     5,  2,     2,  8,     1, 29,    506, 5.5e-5
    - 7 :   3, 10,  836,    4,  9,     6,  2,     2,  8,     1, 29,    637, 6.2e-5
    - 8 :   3, 10,  770,    4,  9,     5,  2,     2,  9,     2, 19,    738, 6.3e-5
    - 9 :   3, 10,  811,    4,  9,     6,  2,     2,  9,     2, 19,    767, 6.3e-5
    - 10:   3, 10,  781,    6,  7,     5,  2,     2, 10,     2, 19,    927, 6.3e-5
    - 11:   3, 10,  799,    7,  6,     6,  2,     2, 10,     2, 19,   1040, 6.1e-5
    - 12:   3, 10,  801,    5,  8,     6,  2,     3,  7,     2, 19,   1268, 6.2e-5
    - 13:   3, 10,  777,    7,  6,    11,  1,     3,  8,     2, 19,   1539, 5.9e-5
    - 14:   3, 10,  806,    9,  5,    11,  1,     3,  8,     2, 19,   1863, 6.2e-5
    - 15:   3, 10,  781,    8,  5,    11,  1,     4,  6,     2, 19,   2226, 6.2e-5
    - 16:   3, 10,  791,    8,  5,    11,  1,     5,  5,     2, 19,   2796, 6.1e-5
    - 17:   3, 10,  783,    8,  5,    11,  1,     7,  4,     2, 19,   3865, 6.2e-5
    - 18:   3, 10,  785,   11,  4,    11,  1,     7,  4,     2, 19,   4838, 6.0e-5
    - 19:   3, 10,  826,   11,  4,    12,  1,    10,  3,     2, 19,   7179, 6.3e-5
    - 20:   3, 10,  799,   21,  2,    12,  1,    10,  3,     3, 14,  12394, 6.2e-5
    - 21:   3, 10,  832,   22,  2,    12,  1,    15,  2,     3, 14,  19927, 6.3e-5
    # no solution starting from log norm2 = 22

  - 2: # bits
    -ln2:   k,  N,    n, br_l,br_b, ks_l,ks_b, cb_l,cb_b, pp_l,pp_b,  cost, p_error
    - 0 :   3, 10,  831,    3, 12,     6,  2,     1, 12,     1, 29,    748, 6.1e-5
    - 1 :   3, 10,  862,    3, 12,     6,  2,     1, 12,     2, 19,    915, 6.0e-5
    - 2 :   3, 10,  831,    2, 15,     6,  2,     2,  7,     1, 29,   1013, 6.3e-5
    - 3 :   3, 10,  881,    5,  8,     6,  2,     1, 14,     2, 19,   1238, 6.3e-5
    - 4 :   3, 10,  844,    3, 12,     6,  2,     2,  8,     1, 29,   1271, 6.2e-5
    - 5 :   3, 10,  902,    3, 12,     6,  2,     2,  8,     2, 19,   1627, 6.3e-5
    - 6 :   3, 10,  834,    4,  9,     6,  2,     2,  9,     2, 19,   1792, 6.2e-5
    - 7 :   3, 10,  850,    5,  8,     6,  2,     2, 10,     2, 19,   2064, 6.2e-5
    - 8 :   3, 10,  883,    6,  7,     6,  2,     2, 10,     2, 19,   2381, 6.2e-5
    - 9 :   3, 10,  832,    5,  8,     6,  2,     3,  7,     2, 19,   2880, 5.7e-5
    - 10:   3, 10,  875,    6,  7,     6,  2,     3,  7,     2, 19,   3343, 6.1e-5
    - 11:   3, 10,  851,    8,  5,     6,  2,     3,  8,     2, 19,   3974, 6.0e-5
    - 12:   3, 10,  829,    7,  6,    12,  1,     4,  6,     2, 19,   4651, 6.0e-5
    - 13:   3, 10,  838,    7,  6,    12,  1,     5,  5,     2, 19,   5737, 6.1e-5
    - 14:   3, 10,  848,    7,  6,    12,  1,     7,  4,     2, 19,   7903, 6.1e-5
    - 15:   3, 10,  872,   10,  4,    13,  1,     7,  4,     2, 19,  10379, 6.3e-5
    - 16:   3, 10,  858,   14,  3,    13,  1,     7,  4,     2, 19,  13261, 6.1e-5
    - 17:   3, 10,  868,   15,  3,    13,  1,    10,  3,     2, 19,  19822, 6.3e-5
    - 18:   3, 10,  853,   21,  2,    13,  1,    15,  2,     3, 14,  40293, 6.1e-5
    - 19:   3, 10,  864,   44,  1,    13,  1,    16,  2,     3, 14,  81786, 6.2e-5
    # no solution starting from log norm2 = 20

  - 3: # bits
    -ln2:   k,  N,    n, br_l,br_b, ks_l,ks_b, cb_l,cb_b, pp_l,pp_b,  cost, p_error
    - 0 :   3, 10,  919,    2, 15,     6,  2,     2,  7,     1, 29,   1708, 6.2e-5
    - 1 :   3, 10,  887,    3, 12,     6,  2,     2,  8,     1, 29,   2079, 5.6e-5
    - 2 :   3, 10,  968,    3, 12,     7,  2,     2,  8,     1, 29,   2246, 6.3e-5
    - 3 :   3, 10,  892,    3, 12,     6,  2,     3,  6,     1, 29,   2891, 5.8e-5
    - 4 :   3, 10,  919,    4,  9,     7,  2,     2,  9,     2, 19,   3018, 6.0e-5
    - 5 :   3, 10,  895,    6,  7,     6,  2,     2, 10,     2, 19,   3785, 5.9e-5
    - 6 :   3, 10,  929,    4,  9,     7,  2,     3,  7,     2, 19,   4247, 6.2e-5
    - 7 :   3, 10,  910,    5,  8,     7,  2,     3,  7,     2, 19,   4773, 5.9e-5
    - 8 :   3, 10,  905,    7,  6,     7,  2,     3,  8,     2, 19,   5921, 6.0e-5
    - 9 :   3, 10,  916,    6,  7,     7,  2,     4,  6,     2, 19,   6903, 6.0e-5
    - 10:   3, 10,  890,    8,  5,    13,  1,     4,  6,     2, 19,   8311, 6.2e-5
    - 11:   3, 10,  899,    8,  5,    13,  1,     5,  5,     2, 19,  10190, 6.1e-5
    - 12:   3, 10,  895,    8,  5,    13,  1,     7,  4,     2, 19,  13768, 6.1e-5
    - 13:   3, 10,  895,   11,  4,    13,  1,     7,  4,     2, 19,  17387, 6.2e-5
    - 14:   3, 10,  931,   11,  4,    14,  1,    10,  3,     2, 19,  25040, 6.3e-5
    - 15:   3, 10,  910,   14,  3,    14,  1,    15,  2,     2, 19,  43639, 6.2e-5
    - 16:   3, 10,  932,   22,  2,    14,  1,    15,  2,     3, 14,  68312, 6.2e-5
    # no solution starting from log norm2 = 17

  - 4: # bits
    -ln2:   k,  N,    n, br_l,br_b, ks_l,ks_b, cb_l,cb_b, pp_l,pp_b,  cost, p_error
    - 0 :   3, 10,  920,    5,  8,     7,  2,     1, 14,     2, 19,   3874, 6.2e-5
    - 1 :   3, 10,  903,    3, 12,     6,  2,     2,  8,     1, 29,   4021, 5.9e-5
    - 2 :   3, 10,  928,    3, 12,     7,  2,     2,  8,     2, 19,   5005, 6.2e-5
    - 3 :   3, 10,  894,    4,  9,     6,  2,     2,  9,     2, 19,   5639, 5.9e-5
    - 4 :   3, 10,  903,    5,  8,     7,  2,     2, 10,     2, 19,   6504, 6.3e-5
    - 5 :   3, 10,  923,    6,  7,     7,  2,     2, 10,     2, 19,   7421, 6.1e-5
    - 6 :   3, 10,  891,    5,  8,     6,  2,     3,  7,     2, 19,   9071, 6.0e-5
    - 7 :   3, 10,  917,    6,  7,     7,  2,     3,  7,     2, 19,  10420, 6.0e-5
    - 8 :   3, 10,  904,    8,  5,     7,  2,     3,  8,     2, 19,  12534, 6.0e-5
    - 9 :   3, 10,  882,    7,  6,    13,  1,     4,  6,     2, 19,  14657, 6.3e-5
    - 10:   3, 10,  890,    7,  6,    13,  1,     5,  5,     2, 19,  18044, 5.9e-5
    - 11:   3, 10,  897,    7,  6,    13,  1,     7,  4,     2, 19,  24761, 6.3e-5
    - 12:   3, 10,  941,    9,  5,    14,  1,     7,  4,     2, 19,  30674, 6.3e-5
    - 13:   3, 10,  902,   14,  3,    14,  1,     7,  4,     2, 19,  41545, 6.3e-5
    - 14:   3, 10,  942,   14,  3,    14,  1,    10,  3,     2, 19,  60354, 6.3e-5
    - 15:   3, 10,  944,   22,  2,    14,  1,    10,  3,     3, 14,  92663, 6.3e-5
    - 16:   3, 10,  908,   44,  1,    14,  1,    16,  2,     3, 14, 256830, 6.1e-5
    # no solution starting from log norm2 = 17

  - 5: # bits
    -ln2:   k,  N,    n, br_l,br_b, ks_l,ks_b, cb_l,cb_b, pp_l,pp_b,  cost, p_error
    - 0 :   3, 10,  920,    5,  8,     7,  2,     1, 14,     2, 19,   3874, 6.2e-5
    - 1 :   3, 10,  903,    3, 12,     6,  2,     2,  8,     1, 29,   4021, 5.9e-5
    - 2 :   3, 10,  928,    3, 12,     7,  2,     2,  8,     2, 19,   5005, 6.2e-5
    - 3 :   3, 10,  894,    4,  9,     6,  2,     2,  9,     2, 19,   5639, 5.9e-5
    - 4 :   3, 10,  903,    5,  8,     7,  2,     2, 10,     2, 19,   6504, 6.3e-5
    - 5 :   3, 10,  923,    6,  7,     7,  2,     2, 10,     2, 19,   7421, 6.1e-5
    - 6 :   3, 10,  891,    5,  8,     6,  2,     3,  7,     2, 19,   9071, 6.0e-5
    - 7 :   3, 10,  917,    6,  7,     7,  2,     3,  7,     2, 19,  10420, 6.0e-5
    - 8 :   3, 10,  904,    8,  5,     7,  2,     3,  8,     2, 19,  12534, 6.0e-5
    - 9 :   3, 10,  882,    7,  6,    13,  1,     4,  6,     2, 19,  14657, 6.3e-5
    - 10:   3, 10,  890,    7,  6,    13,  1,     5,  5,     2, 19,  18044, 5.9e-5
    - 11:   3, 10,  897,    7,  6,    13,  1,     7,  4,     2, 19,  24761, 6.3e-5
    - 12:   3, 10,  941,    9,  5,    14,  1,     7,  4,     2, 19,  30674, 6.3e-5
    - 13:   3, 10,  902,   14,  3,    14,  1,     7,  4,     2, 19,  41545, 6.3e-5
    - 14:   3, 10,  942,   14,  3,    14,  1,    10,  3,     2, 19,  60354, 6.3e-5
    - 15:   3, 10,  944,   22,  2,    14,  1,    10,  3,     3, 14,  92663, 6.3e-5
    - 16:   3, 10,  908,   44,  1,    14,  1,    16,  2,     3, 14, 256830, 6.1e-5
    # no solution starting from log norm2 = 17

  - 6: # bits
    -ln2:   k,  N,    n, br_l,br_b, ks_l,ks_b, cb_l,cb_b, pp_l,pp_b,  cost, p_error
    - 0 :   3, 10,  882,    3, 12,     6,  2,     2,  8,     1, 29,   4702, 5.6e-5
    - 1 :   3, 10,  910,    3, 12,     6,  2,     2,  8,     1, 29,   4819, 6.1e-5
    - 2 :   3, 10,  963,    3, 12,     7,  2,     2,  8,     2, 19,   6089, 6.3e-5
    - 3 :   3, 10,  898,    4,  9,     6,  2,     2,  9,     2, 19,   6724, 6.1e-5
    - 4 :   3, 10,  912,    5,  8,     7,  2,     2, 10,     2, 19,   7797, 6.0e-5
    - 5 :   3, 10,  951,    6,  7,     7,  2,     2, 10,     2, 19,   9047, 6.2e-5
    - 6 :   3, 10,  894,    5,  8,     6,  2,     3,  7,     2, 19,  10758, 6.3e-5
    - 7 :   3, 10,  933,    6,  7,     7,  2,     3,  7,     2, 19,  12501, 6.3e-5
    - 8 :   3, 10,  912,    8,  5,     7,  2,     3,  8,     2, 19,  14959, 6.3e-5
    - 9 :   3, 10,  889,    7,  6,    13,  1,     4,  6,     2, 19,  17405, 5.9e-5
    - 10:   3, 10,  899,    7,  6,    13,  1,     5,  5,     2, 19,  21417, 6.2e-5
    - 11:   3, 10,  911,    7,  6,    14,  1,     7,  4,     2, 19,  29472, 6.2e-5
    - 12:   3, 10,  953,   10,  4,    14,  1,     7,  4,     2, 19,  39383, 6.3e-5
    - 13:   3, 10,  921,   14,  3,    14,  1,     7,  4,     2, 19,  49739, 6.1e-5
    - 14:   3, 10,  913,   14,  3,    14,  1,    10,  3,     3, 14,  73993, 6.2e-5
    - 15:   3, 10,  917,   21,  2,    14,  1,    15,  2,     3, 14, 150525, 6.2e-5
    - 16:   3, 10,  935,   44,  1,    14,  1,    16,  2,     3, 14, 309050, 6.3e-5
    # no solution starting from log norm2 = 17

  - 7: # bits
    -ln2:   k,  N,    n, br_l,br_b, ks_l,ks_b, cb_l,cb_b, pp_l,pp_b,  cost, p_error
    - 0 :   3, 10,  883,    3, 12,     6,  2,     2,  8,     1, 29,   5461, 5.5e-5
    - 1 :   3, 10,  909,    3, 12,     7,  2,     2,  8,     1, 29,   5630, 6.2e-5
    - 2 :   3, 10,  886,    3, 12,     6,  2,     3,  6,     1, 29,   7604, 5.6e-5
    - 3 :   3, 10,  903,    4,  9,     6,  2,     2,  9,     2, 19,   7822, 6.1e-5
    - 4 :   3, 10,  923,    5,  8,     7,  2,     2, 10,     2, 19,   9123, 6.2e-5
    - 5 :   3, 10,  901,    4,  9,     7,  2,     3,  7,     2, 19,  11006, 5.9e-5
    - 6 :   3, 10,  898,    5,  8,     6,  2,     3,  7,     2, 19,  12464, 6.2e-5
    - 7 :   3, 10,  970,    6,  7,     7,  2,     3,  7,     2, 19,  14880, 6.3e-5
    - 8 :   3, 10,  924,    8,  5,     7,  2,     3,  8,     2, 19,  17478, 6.2e-5
    - 9 :   3, 10,  896,    7,  6,    13,  1,     4,  6,     2, 19,  20186, 6.2e-5
    - 10:   3, 10,  913,    7,  6,    13,  1,     5,  5,     2, 19,  24945, 6.2e-5
    - 11:   3, 10,  940,    7,  6,    14,  1,     7,  4,     2, 19,  34680, 6.3e-5
    - 12:   3, 10,  879,   11,  4,    13,  1,     7,  4,     2, 19,  45480, 5.7e-5
    - 13:   3, 10,  919,   15,  3,    14,  1,     7,  4,     2, 19,  60363, 6.1e-5
    - 14:   3, 10,  946,   14,  3,    14,  1,    10,  3,     3, 14,  87344, 6.3e-5
    - 15:   3, 10,  890,   22,  2,    13,  1,    15,  2,     3, 14, 174690, 5.9e-5
    - 16:   3, 10,  911,   44,  1,    14,  1,    31,  1,     3, 14, 658365, 6.3e-5
    # no solution starting from log norm2 = 17

  - 8: # bits
    -ln2:   k,  N,    n, br_l,br_b, ks_l,ks_b, cb_l,cb_b, pp_l,pp_b,  cost, p_error
    - 0 :   3, 10,  883,    3, 12,     6,  2,     2,  8,     1, 29,   6216, 6.3e-5
    - 1 :   3, 10,  917,    3, 12,     7,  2,     2,  8,     1, 29,   6454, 6.2e-5
    - 2 :   3, 10,  887,    3, 12,     6,  2,     3,  6,     1, 29,   8635, 5.9e-5
    - 3 :   3, 10,  902,    4,  9,     7,  2,     2,  9,     2, 19,   8935, 6.0e-5
    - 4 :   3, 10,  941,    5,  8,     7,  2,     2, 10,     2, 19,  10532, 6.3e-5
    - 5 :   3, 10,  906,    4,  9,     7,  2,     3,  7,     2, 19,  12523, 6.0e-5
    - 6 :   3, 10,  897,    5,  8,     7,  2,     3,  7,     2, 19,  14171, 6.3e-5
    - 7 :   3, 10,  895,    7,  6,     7,  2,     3,  8,     2, 19,  17610, 5.9e-5
    - 8 :   3, 10,  943,    8,  5,     7,  2,     3,  8,     2, 19,  20169, 6.3e-5
    - 9 :   3, 10,  906,    7,  6,    13,  1,     4,  6,     2, 19,  23059, 6.2e-5
    - 10:   3, 10,  933,    7,  6,    14,  1,     5,  5,     2, 19,  28744, 6.3e-5
    - 11:   3, 10,  882,    8,  5,    13,  1,     7,  4,     2, 19,  40838, 5.9e-5
    - 12:   3, 10,  882,   11,  4,    13,  1,     7,  4,     2, 19,  51536, 6.0e-5
    - 13:   3, 10,  922,   14,  3,    14,  1,     7,  4,     3, 14,  69230, 6.3e-5
    - 14:   3, 10,  915,   15,  3,    14,  1,    10,  3,     3, 14, 101123, 6.3e-5
    - 15:   3, 10,  896,   22,  2,    13,  1,    15,  2,     3, 14, 198102, 6.3e-5
    - 16:   3, 10,  933,   44,  1,    14,  1,    31,  1,     3, 14, 758006, 6.3e-5
    # no solution starting from log norm2 = 17

  - 9: # bits
    -ln2:   k,  N,    n, br_l,br_b, ks_l,ks_b, cb_l,cb_b, pp_l,pp_b,  cost, p_error
    - 0 :   3, 10,  978,    4,  9,     7,  2,     2,  9,     2, 19,  10611, 6.1e-5
    - 1 :   3, 10, 1000,    5,  8,     7,  2,     2,  9,     2, 19,  12367, 6.2e-5
    - 2 :   3, 10, 1011,    6,  7,    15,  1,     2, 10,     2, 19,  14545, 6.3e-5
    - 3 :   3, 10,  975,    5,  8,     7,  2,     3,  7,     2, 19,  16848, 6.1e-5
    - 4 :   3, 10, 1010,    6,  7,     8,  2,     3,  7,     2, 19,  19546, 6.3e-5
    - 5 :   3, 10,  996,    8,  5,     8,  2,     3,  8,     2, 19,  23654, 6.2e-5
    - 6 :   3, 10,  989,    7,  6,     7,  2,     4,  6,     2, 19,  27240, 6.3e-5
    - 7 :   3, 10,  978,    7,  6,    15,  1,     5,  5,     2, 19,  33335, 6.2e-5
    - 8 :   3, 10,  991,    7,  6,    15,  1,     7,  4,     2, 19,  45549, 6.2e-5
    - 9 :   3, 10,  957,   11,  4,    15,  1,     7,  4,     2, 19,  61604, 6.3e-5
    - 10:   3, 10,  996,   14,  3,    15,  1,     7,  4,     2, 19,  77184, 6.3e-5
    - 11:   3, 10,  992,   14,  3,    15,  1,    10,  3,     3, 14, 114138, 6.3e-5
    - 12:   3, 10,  995,   21,  2,    15,  1,    15,  2,     3, 14, 232254, 6.3e-5
    - 13:   3, 10, 1018,   44,  1,    16,  1,    16,  2,     3, 14, 481169, 6.3e-5
    # no solution starting from log norm2 = 14

  - 10: # bits
    -ln2:   k,  N,    n, br_l,br_b, ks_l,ks_b, cb_l,cb_b, pp_l,pp_b,  cost, p_error
    - 0 :   3, 10,  980,    4,  9,     7,  2,     2,  9,     2, 19,  11771, 6.3e-5
    - 1 :   3, 10, 1002,    5,  8,     8,  2,     2,  9,     2, 19,  13790, 6.3e-5
    - 2 :   3, 10,  984,    4,  9,     7,  2,     3,  7,     2, 19,  16395, 6.3e-5
    - 3 :   3, 10,  977,    5,  8,     7,  2,     3,  7,     2, 19,  18660, 6.1e-5
    - 4 :   3, 10, 1005,    6,  7,    15,  1,     3,  7,     2, 19,  21991, 6.3e-5
    - 5 :   3, 10, 1003,    8,  5,     8,  2,     3,  8,     2, 19,  26323, 6.3e-5
    - 6 :   3, 10,  973,    7,  6,    15,  1,     4,  6,     2, 19,  30217, 6.2e-5
    - 7 :   3, 10,  985,    7,  6,    15,  1,     5,  5,     2, 19,  37008, 6.3e-5
    - 8 :   3, 10, 1008,    7,  6,    16,  1,     7,  4,     2, 19,  50975, 6.3e-5
    - 9 :   3, 10,  959,   11,  4,    15,  1,     7,  4,     2, 19,  68080, 6.3e-5
    - 10:   3, 10, 1019,   14,  3,    16,  1,     7,  4,     2, 19,  86936, 6.3e-5
    - 11:   3, 10, 1012,   14,  3,    16,  1,    10,  3,     3, 14, 127930, 6.3e-5
    - 12:   3, 10,  968,   22,  2,    15,  1,    15,  2,     3, 14, 259698, 6.2e-5
    - 13:   3, 10,  985,   44,  1,    15,  1,    31,  1,     3, 14, 975761, 6.3e-5
    # no solution starting from log norm2 = 14

  - 11: # bits
    -ln2:   k,  N,    n, br_l,br_b, ks_l,ks_b, cb_l,cb_b, pp_l,pp_b,  cost, p_error
    - 0 :   3, 10,  983,    4,  9,     7,  2,     2,  9,     2, 19,  12944, 6.3e-5
    - 1 :   3, 10, 1012,    5,  8,     8,  2,     2,  9,     2, 19,  15252, 6.3e-5
    - 2 :   3, 10,  988,    4,  9,     7,  2,     3,  7,     2, 19,  18012, 6.2e-5
    - 3 :   3, 10,  979,    5,  8,     7,  2,     3,  7,     2, 19,  20477, 6.2e-5
    - 4 :   3, 10,  977,    7,  6,     7,  2,     3,  8,     2, 19,  25598, 6.3e-5
    - 5 :   3, 10,  992,    8,  5,    15,  1,     3,  8,     2, 19,  29085, 6.3e-5
    - 6 :   3, 10,  978,    7,  6,    15,  1,     4,  6,     2, 19,  33219, 6.2e-5
    - 7 :   3, 10,  996,    7,  6,    15,  1,     5,  5,     2, 19,  40850, 6.3e-5
    - 8 :   3, 10, 1014,   11,  4,    16,  1,     5,  5,     2, 19,  57901, 6.3e-5
    - 9 :   3, 10,  961,   11,  4,    15,  1,     7,  4,     2, 19,  74579, 6.3e-5
    - 10:   3, 10,  989,   14,  3,    15,  1,     7,  4,     3, 14,  98618, 6.3e-5
    - 11:   3, 10,  986,   15,  3,    15,  1,    10,  3,     3, 14, 144257, 6.3e-5
    - 12:   3, 10,  971,   22,  2,    15,  1,    15,  2,     3, 14, 284417, 6.3e-5
    - 13:   3, 10,  996,   44,  1,    15,  1,    31,  1,     3, 14, 1076167, 6.3e-5
    # no solution starting from log norm2 = 14

  - 12: # bits
    -ln2:   k,  N,    n, br_l,br_b, ks_l,ks_b, cb_l,cb_b, pp_l,pp_b,  cost, p_error
    - 0 :   3, 10,  983,    4,  9,     7,  2,     2,  9,     2, 19,  12944, 6.3e-5
    - 1 :   3, 10, 1012,    5,  8,     8,  2,     2,  9,     2, 19,  15252, 6.3e-5
    - 2 :   3, 10,  988,    4,  9,     7,  2,     3,  7,     2, 19,  18012, 6.2e-5
    - 3 :   3, 10,  979,    5,  8,     7,  2,     3,  7,     2, 19,  20477, 6.2e-5
    - 4 :   3, 10,  977,    7,  6,     7,  2,     3,  8,     2, 19,  25598, 6.3e-5
    - 5 :   3, 10,  992,    8,  5,    15,  1,     3,  8,     2, 19,  29085, 6.3e-5
    - 6 :   3, 10,  978,    7,  6,    15,  1,     4,  6,     2, 19,  33219, 6.2e-5
    - 7 :   3, 10,  996,    7,  6,    15,  1,     5,  5,     2, 19,  40850, 6.3e-5
    - 8 :   3, 10, 1014,   11,  4,    16,  1,     5,  5,     2, 19,  57901, 6.3e-5
    - 9 :   3, 10,  961,   11,  4,    15,  1,     7,  4,     2, 19,  74579, 6.3e-5
    - 10:   3, 10,  989,   14,  3,    15,  1,     7,  4,     3, 14,  98618, 6.3e-5
    - 11:   3, 10,  986,   15,  3,    15,  1,    10,  3,     3, 14, 144257, 6.3e-5
    - 12:   3, 10,  971,   22,  2,    15,  1,    15,  2,     3, 14, 284417, 6.3e-5
    - 13:   3, 10,  996,   44,  1,    15,  1,    31,  1,     3, 14, 1076167, 6.3e-5
    # no solution starting from log norm2 = 14

  - 13: # bits
    -ln2:   k,  N,    n, br_l,br_b, ks_l,ks_b, cb_l,cb_b, pp_l,pp_b,  cost, p_error
    - 0 :   3, 10, 1000,    4,  9,     7,  2,     2,  9,     2, 19,  17482, 6.2e-5
    - 1 :   3, 10,  974,    6,  7,     7,  2,     2, 10,     2, 19,  22170, 6.1e-5
    - 2 :   3, 10, 1004,    4,  9,     8,  2,     3,  7,     2, 19,  24393, 6.3e-5
    - 3 :   3, 10,  990,    5,  8,     7,  2,     3,  7,     2, 19,  27537, 6.3e-5
    - 4 :   3, 10,  987,    7,  6,     7,  2,     3,  8,     2, 19,  34415, 6.3e-5
    - 5 :   3, 10,  994,    6,  7,     8,  2,     4,  6,     2, 19,  39793, 6.2e-5
    - 6 :   3, 10,  969,    8,  5,    14,  1,     4,  6,     2, 19,  48201, 6.3e-5
    - 7 :   3, 10,  973,    8,  5,    15,  1,     5,  5,     2, 19,  58729, 6.2e-5
    - 8 :   3, 10,  971,    8,  5,    15,  1,     7,  4,     2, 19,  79153, 6.3e-5
    - 9 :   3, 10,  971,   11,  4,    15,  1,     7,  4,     2, 19, 100318, 6.2e-5
    - 10:   3, 10, 1004,   15,  3,    16,  1,     7,  4,     3, 14, 140518, 6.3e-5
    - 11:   3, 10,  981,   14,  3,    15,  1,    15,  2,     2, 19, 249449, 6.3e-5
    - 12:   3, 10,  994,   22,  2,    15,  1,    15,  2,     3, 14, 387000, 6.3e-5
    - 13:   3, 10, 1023,   45,  1,    16,  1,    33,  1,     4, 12, 1634155, 6.3e-5
    # no solution starting from log norm2 = 14

  - 14: # bits
    -ln2:   k,  N,    n, br_l,br_b, ks_l,ks_b, cb_l,cb_b, pp_l,pp_b,  cost, p_error
    - 0 :   3, 10, 1000,    4,  9,     7,  2,     2,  9,     2, 19,  17482, 6.2e-5
    - 1 :   3, 10,  974,    6,  7,     7,  2,     2, 10,     2, 19,  22170, 6.1e-5
    - 2 :   3, 10, 1004,    4,  9,     8,  2,     3,  7,     2, 19,  24393, 6.3e-5
    - 3 :   3, 10,  990,    5,  8,     7,  2,     3,  7,     2, 19,  27537, 6.3e-5
    - 4 :   3, 10,  987,    7,  6,     7,  2,     3,  8,     2, 19,  34415, 6.3e-5
    - 5 :   3, 10,  994,    6,  7,     8,  2,     4,  6,     2, 19,  39793, 6.2e-5
    - 6 :   3, 10,  969,    8,  5,    14,  1,     4,  6,     2, 19,  48201, 6.3e-5
    - 7 :   3, 10,  973,    8,  5,    15,  1,     5,  5,     2, 19,  58729, 6.2e-5
    - 8 :   3, 10,  971,    8,  5,    15,  1,     7,  4,     2, 19,  79153, 6.3e-5
    - 9 :   3, 10,  971,   11,  4,    15,  1,     7,  4,     2, 19, 100318, 6.2e-5
    - 10:   3, 10, 1004,   15,  3,    16,  1,     7,  4,     3, 14, 140518, 6.3e-5
    - 11:   3, 10,  981,   14,  3,    15,  1,    15,  2,     2, 19, 249449, 6.3e-5
    - 12:   3, 10,  994,   22,  2,    15,  1,    15,  2,     3, 14, 387000, 6.3e-5
    - 13:   3, 10, 1023,   45,  1,    16,  1,    33,  1,     4, 12, 1634155, 6.3e-5
    # no solution starting from log norm2 = 14

  - 15: # bits
    -ln2:   k,  N,    n, br_l,br_b, ks_l,ks_b, cb_l,cb_b, pp_l,pp_b,  cost, p_error
    - 0 :   3, 10, 1000,    4,  9,     7,  2,     2,  9,     2, 19,  17482, 6.2e-5
    - 1 :   3, 10,  974,    6,  7,     7,  2,     2, 10,     2, 19,  22170, 6.1e-5
    - 2 :   3, 10, 1004,    4,  9,     8,  2,     3,  7,     2, 19,  24393, 6.3e-5
    - 3 :   3, 10,  990,    5,  8,     7,  2,     3,  7,     2, 19,  27537, 6.3e-5
    - 4 :   3, 10,  987,    7,  6,     7,  2,     3,  8,     2, 19,  34415, 6.3e-5
    - 5 :   3, 10,  994,    6,  7,     8,  2,     4,  6,     2, 19,  39793, 6.2e-5
    - 6 :   3, 10,  969,    8,  5,    14,  1,     4,  6,     2, 19,  48201, 6.3e-5
    - 7 :   3, 10,  973,    8,  5,    15,  1,     5,  5,     2, 19,  58729, 6.2e-5
    - 8 :   3, 10,  971,    8,  5,    15,  1,     7,  4,     2, 19,  79153, 6.3e-5
    - 9 :   3, 10,  971,   11,  4,    15,  1,     7,  4,     2, 19, 100318, 6.2e-5
    - 10:   3, 10, 1004,   15,  3,    16,  1,     7,  4,     3, 14, 140518, 6.3e-5
    - 11:   3, 10,  981,   14,  3,    15,  1,    15,  2,     2, 19, 249449, 6.3e-5
    - 12:   3, 10,  994,   22,  2,    15,  1,    15,  2,     3, 14, 387000, 6.3e-5
    - 13:   3, 10, 1023,   45,  1,    16,  1,    33,  1,     4, 12, 1634155, 6.3e-5
    # no solution starting from log norm2 = 14

  - 16: # bits
    -ln2:   k,  N,    n, br_l,br_b, ks_l,ks_b, cb_l,cb_b, pp_l,pp_b,  cost, p_error
    - 0 :   3, 10, 1005,    4,  9,     8,  2,     2,  9,     2, 19,  19721, 6.2e-5
    - 1 :   3, 10,  976,    6,  7,     7,  2,     2, 10,     2, 19,  24804, 6.3e-5
    - 2 :   3, 10, 1023,    4,  9,     8,  2,     3,  7,     2, 19,  27692, 6.3e-5
    - 3 :   3, 10,  998,    5,  8,     7,  2,     3,  7,     2, 19,  31019, 6.3e-5
    - 4 :   3, 10,  994,    7,  6,     7,  2,     3,  8,     2, 19,  38730, 6.2e-5
    - 5 :   3, 10, 1003,    6,  7,     8,  2,     4,  6,     2, 19,  44906, 6.3e-5
    - 6 :   3, 10,  972,    8,  5,    15,  1,     4,  6,     2, 19,  54241, 6.1e-5
    - 7 :   3, 10,  980,    8,  5,    15,  1,     5,  5,     2, 19,  66232, 6.2e-5
    - 8 :   3, 10,  978,    8,  5,    15,  1,     7,  4,     2, 19,  89349, 6.2e-5
    - 9 :   3, 10,  977,   11,  4,    15,  1,     7,  4,     2, 19, 113148, 6.3e-5
    - 10:   3, 10,  994,   11,  4,    15,  1,    10,  3,     3, 14, 172480, 6.3e-5
    - 11:   3, 10,  993,   14,  3,    15,  1,    15,  2,     2, 19, 283241, 6.3e-5
    - 12:   3, 10,  984,   22,  2,    15,  1,    16,  2,     3, 14, 458505, 6.3e-5
    # no solution starting from log norm2 = 13
