security level: 128
target p_error: 6.3e-5
per precision and log norm2:

  - 1: # bits
    -ln2:   k,  N,    n, br_l,br_b, ks_l,ks_b, cb_l,cb_b, pp_l,pp_b,  cost, p_error
    - 0 :   2, 10,  608,    2, 15,     3,  3,     1, 10,     1, 24,    100, 6.0e-5
    - 1 :   2, 10,  588,    2, 15,     5,  2,     1, 10,     1, 24,    102, 6.2e-5
    - 2 :   2, 10,  591,    2, 15,     5,  2,     1, 11,     2, 16,    127, 5.6e-5
    - 3 :   2, 10,  578,    3, 12,     5,  2,     1, 13,     2, 16,    149, 5.4e-5
    - 4 :   2, 10,  608,    3, 12,     5,  2,     1, 13,     2, 16,    154, 6.3e-5
    - 5 :   2, 10,  629,    4,  9,     5,  2,     1, 14,     2, 16,    183, 6.2e-5
    - 6 :   2, 10,  637,    5,  8,     6,  2,     1, 14,     3, 12,    238, 6.2e-5
    - 7 :   2, 10,  580,    3, 12,     5,  2,     2,  8,     2, 16,    287, 6.2e-5
    - 8 :   2, 10,  655,    3, 12,     6,  2,     2,  8,     2, 16,    315, 6.3e-5
    - 9 :   2, 10,  593,    4,  9,     5,  2,     2,  9,     2, 16,    340, 5.6e-5
    - 10:   2, 10,  590,    5,  8,     5,  2,     2, 10,     3, 12,    435, 6.3e-5
    - 11:   2, 10,  610,    6,  7,     5,  2,     2, 10,     3, 12,    495, 6.0e-5
    - 12:   2, 10,  584,    5,  8,     5,  2,     3,  7,     3, 12,    643, 6.0e-5
    - 13:   2, 10,  604,    6,  7,    11,  1,     3,  8,     3, 12,    746, 6.3e-5
    - 14:   2, 10,  592,    8,  5,    11,  1,     3,  8,     3, 12,    882, 5.9e-5
    - 15:   2, 10,  582,    7,  6,    11,  1,     4,  6,     3, 12,   1057, 6.2e-5
    - 16:   2, 10,  588,    7,  6,    11,  1,     5,  5,     3, 12,   1325, 6.1e-5
    - 17:   2, 10,  589,    7,  6,    11,  1,     7,  4,     3, 12,   1847, 6.3e-5
    - 18:   2, 10,  598,   11,  4,    11,  1,     6,  5,     4, 10,   2337, 6.1e-5
    - 19:   2, 10,  586,   14,  3,    11,  1,     7,  4,     4, 10,   3186, 6.1e-5
    - 20:   2, 10,  591,   14,  3,    11,  1,    10,  3,     4, 10,   4571, 5.9e-5
    - 21:   2, 10,  613,   22,  2,    11,  1,    10,  3,     5,  8,   6957, 6.2e-5
    - 22:   2, 10,  596,   44,  1,    11,  1,    16,  2,     5,  8,  19466, 5.9e-5
    # no solution starting from log norm2 = 23

  - 2: # bits
    -ln2:   k,  N,    n, br_l,br_b, ks_l,ks_b, cb_l,cb_b, pp_l,pp_b,  cost, p_error
    - 0 :   2, 10,  625,    3, 12,     5,  2,     1, 13,     2, 16,    424, 6.0e-5
    - 1 :   2, 10,  653,    3, 12,     4,  3,     1, 13,     2, 16,    431, 5.8e-5
    - 2 :   2, 10,  630,    4,  9,     6,  2,     1, 14,     2, 16,    511, 6.0e-5
    - 3 :   2, 10,  645,    2, 15,     6,  2,     2,  7,     2, 16,    606, 6.2e-5
    - 4 :   2, 10,  627,    3, 12,     5,  2,     2,  8,     2, 16,    716, 5.6e-5
    - 5 :   2, 10,  634,    3, 12,     6,  2,     2,  8,     2, 16,    729, 5.7e-5
    - 6 :   2, 10,  623,    4,  9,     6,  2,     2,  9,     2, 16,    848, 6.0e-5
    - 7 :   2, 10,  654,    4,  9,     6,  2,     2,  9,     3, 12,    976, 6.1e-5
    - 8 :   2, 10,  624,    4,  9,     6,  2,     3,  7,     2, 16,   1190, 5.5e-5
    - 9 :   2, 10,  647,    4,  9,     6,  2,     3,  7,     3, 12,   1367, 6.1e-5
    - 10:   2, 10,  648,    5,  8,     6,  2,     3,  7,     3, 12,   1555, 5.9e-5
    - 11:   2, 10,  640,    7,  6,     6,  2,     3,  8,     3, 12,   1908, 6.3e-5
    - 12:   2, 10,  644,    6,  7,     6,  2,     4,  6,     3, 12,   2236, 6.1e-5
    - 13:   2, 10,  660,    8,  5,     6,  2,     4,  6,     3, 12,   2764, 6.2e-5
    - 14:   2, 10,  671,    8,  5,    13,  1,     5,  5,     3, 12,   3484, 6.2e-5
    - 15:   2, 10,  649,    8,  5,    12,  1,     7,  4,     3, 12,   4610, 6.2e-5
    - 16:   2, 10,  625,   11,  4,    12,  1,     7,  4,     4, 10,   5966, 6.3e-5
    - 17:   2, 10,  637,   11,  4,    12,  1,    10,  3,     4, 10,   8480, 5.9e-5
    - 18:   2, 10,  637,   21,  2,    12,  1,    10,  3,     5,  8,  14447, 5.8e-5
    - 19:   2, 10,  632,   22,  2,    12,  1,    16,  2,     5,  8,  23427, 5.9e-5
    - 20:   2, 10,  666,   45,  1,    13,  1,    32,  1,     6,  7,  90628, 6.3e-5
    # no solution starting from log norm2 = 21

  - 3: # bits
    -ln2:   k,  N,    n, br_l,br_b, ks_l,ks_b, cb_l,cb_b, pp_l,pp_b,  cost, p_error
    - 0 :   2, 10,  701,    4,  9,     6,  2,     1, 14,     2, 16,    914, 6.1e-5
    - 1 :   2, 10,  711,    5,  8,     6,  2,     1, 14,     3, 12,   1143, 6.3e-5
    - 2 :   2, 10,  666,    3, 12,     6,  2,     2,  8,     2, 16,   1194, 5.3e-5
    - 3 :   2, 10,  708,    3, 12,     7,  2,     2,  8,     2, 16,   1265, 6.1e-5
    - 4 :   2, 10,  676,    4,  9,     6,  2,     2,  9,     2, 16,   1430, 5.9e-5
    - 5 :   2, 10,  676,    5,  8,     6,  2,     2, 10,     3, 12,   1795, 5.7e-5
    - 6 :   2, 10,  678,    4,  9,     6,  2,     3,  7,     2, 16,   1977, 5.8e-5
    - 7 :   2, 10,  669,    5,  8,     6,  2,     3,  7,     3, 12,   2474, 5.9e-5
    - 8 :   2, 10,  698,    6,  7,     7,  2,     3,  8,     3, 12,   2882, 6.2e-5
    - 9 :   2, 10,  711,    5,  8,     7,  2,     4,  6,     3, 12,   3325, 6.2e-5
    - 10:   2, 10,  679,    7,  6,     6,  2,     4,  6,     3, 12,   3981, 5.8e-5
    - 11:   2, 10,  685,    7,  6,     6,  2,     5,  5,     3, 12,   4881, 5.9e-5
    - 12:   2, 10,  672,    7,  6,    13,  1,     7,  4,     3, 12,   6622, 6.0e-5
    - 13:   2, 10,  676,    9,  5,    13,  1,     7,  4,     4, 10,   8432, 6.3e-5
    - 14:   2, 10,  717,   11,  4,    14,  1,     7,  4,     5,  8,  10692, 6.3e-5
    - 15:   2, 10,  673,   14,  3,    13,  1,    10,  3,     4, 10,  16117, 6.0e-5
    - 16:   2, 10,  689,   22,  2,    13,  1,    10,  3,     5,  8,  24387, 6.0e-5
    - 17:   2, 10,  677,   44,  1,    13,  1,    16,  2,     5,  8,  68122, 6.1e-5
    # no solution starting from log norm2 = 18

  - 4: # bits
    -ln2:   k,  N,    n, br_l,br_b, ks_l,ks_b, cb_l,cb_b, pp_l,pp_b,  cost, p_error
    - 0 :   2, 10,  691,    4,  9,     6,  2,     1, 14,     3, 12,   1800, 6.1e-5
    - 1 :   2, 10,  652,    3, 12,     6,  2,     2,  8,     2, 16,   2234, 5.6e-5
    - 2 :   2, 10,  660,    3, 12,     6,  2,     2,  8,     2, 16,   2254, 6.1e-5
    - 3 :   2, 10,  655,    4,  9,     6,  2,     2,  9,     2, 16,   2645, 5.3e-5
    - 4 :   2, 10,  680,    4,  9,     6,  2,     2,  9,     2, 16,   2724, 6.3e-5
    - 5 :   2, 10,  680,    5,  8,     6,  2,     2, 10,     3, 12,   3430, 6.1e-5
    - 6 :   2, 10,  685,    4,  9,     6,  2,     3,  7,     2, 16,   3835, 6.3e-5
    - 7 :   2, 10,  666,    5,  8,     6,  2,     3,  7,     3, 12,   4759, 6.2e-5
    - 8 :   2, 10,  664,    7,  6,     6,  2,     3,  8,     3, 12,   5892, 5.5e-5
    - 9 :   2, 10,  665,    6,  7,     6,  2,     4,  6,     3, 12,   6870, 6.0e-5
    - 10:   2, 10,  685,    7,  6,     7,  2,     4,  6,     3, 12,   7807, 6.3e-5
    - 11:   2, 10,  702,    7,  6,     7,  2,     5,  5,     3, 12,   9736, 6.2e-5
    - 12:   2, 10,  701,    7,  6,    14,  1,     7,  4,     3, 12,  13451, 6.2e-5
    - 13:   2, 10,  689,   10,  4,    13,  1,     7,  4,     4, 10,  18072, 6.3e-5
    - 14:   2, 10,  682,   14,  3,    13,  1,     7,  4,     4, 10,  22964, 6.3e-5
    - 15:   2, 10,  708,   14,  3,    14,  1,    10,  3,     4, 10,  33171, 6.2e-5
    - 16:   2, 10,  686,   22,  2,    13,  1,    15,  2,     4, 10,  68596, 6.1e-5
    - 17:   2, 10,  696,   44,  1,    14,  1,    16,  2,     6,  7, 140760, 6.3e-5
    # no solution starting from log norm2 = 18

  - 5: # bits
    -ln2:   k,  N,    n, br_l,br_b, ks_l,ks_b, cb_l,cb_b, pp_l,pp_b,  cost, p_error
    - 0 :   2, 10,  691,    4,  9,     6,  2,     1, 14,     3, 12,   1800, 6.1e-5
    - 1 :   2, 10,  652,    3, 12,     6,  2,     2,  8,     2, 16,   2234, 5.6e-5
    - 2 :   2, 10,  660,    3, 12,     6,  2,     2,  8,     2, 16,   2254, 6.1e-5
    - 3 :   2, 10,  655,    4,  9,     6,  2,     2,  9,     2, 16,   2645, 5.3e-5
    - 4 :   2, 10,  680,    4,  9,     6,  2,     2,  9,     2, 16,   2724, 6.3e-5
    - 5 :   2, 10,  680,    5,  8,     6,  2,     2, 10,     3, 12,   3430, 6.1e-5
    - 6 :   2, 10,  685,    4,  9,     6,  2,     3,  7,     2, 16,   3835, 6.3e-5
    - 7 :   2, 10,  666,    5,  8,     6,  2,     3,  7,     3, 12,   4759, 6.2e-5
    - 8 :   2, 10,  664,    7,  6,     6,  2,     3,  8,     3, 12,   5892, 5.5e-5
    - 9 :   2, 10,  665,    6,  7,     6,  2,     4,  6,     3, 12,   6870, 6.0e-5
    - 10:   2, 10,  685,    7,  6,     7,  2,     4,  6,     3, 12,   7807, 6.3e-5
    - 11:   2, 10,  702,    7,  6,     7,  2,     5,  5,     3, 12,   9736, 6.2e-5
    - 12:   2, 10,  701,    7,  6,    14,  1,     7,  4,     3, 12,  13451, 6.2e-5
    - 13:   2, 10,  689,   10,  4,    13,  1,     7,  4,     4, 10,  18072, 6.3e-5
    - 14:   2, 10,  682,   14,  3,    13,  1,     7,  4,     4, 10,  22964, 6.3e-5
    - 15:   2, 10,  708,   14,  3,    14,  1,    10,  3,     4, 10,  33171, 6.2e-5
    - 16:   2, 10,  686,   22,  2,    13,  1,    15,  2,     4, 10,  68596, 6.1e-5
    - 17:   2, 10,  696,   44,  1,    14,  1,    16,  2,     6,  7, 140760, 6.3e-5
    # no solution starting from log norm2 = 18

  - 6: # bits
    -ln2:   k,  N,    n, br_l,br_b, ks_l,ks_b, cb_l,cb_b, pp_l,pp_b,  cost, p_error
    - 0 :   2, 10,  669,    2, 15,     6,  2,     2,  7,     2, 16,   2223, 6.1e-5
    - 1 :   2, 10,  652,    3, 12,     6,  2,     2,  8,     2, 16,   2665, 6.1e-5
    - 2 :   2, 10,  663,    3, 12,     6,  2,     2,  8,     2, 16,   2698, 5.4e-5
    - 3 :   2, 10,  656,    4,  9,     6,  2,     2,  9,     2, 16,   3161, 5.3e-5
    - 4 :   2, 10,  692,    4,  9,     6,  2,     2,  9,     2, 16,   3298, 6.3e-5
    - 5 :   2, 10,  693,    5,  8,     6,  2,     2, 10,     3, 12,   4149, 6.1e-5
    - 6 :   2, 10,  696,    4,  9,     7,  2,     3,  7,     2, 16,   4636, 6.2e-5
    - 7 :   2, 10,  670,    5,  8,     6,  2,     3,  7,     3, 12,   5664, 6.3e-5
    - 8 :   2, 10,  667,    7,  6,     6,  2,     3,  8,     3, 12,   7013, 5.8e-5
    - 9 :   2, 10,  669,    6,  7,     6,  2,     4,  6,     3, 12,   8152, 5.9e-5
    - 10:   2, 10,  701,    7,  6,     7,  2,     4,  6,     3, 12,   9396, 6.1e-5
    - 11:   2, 10,  668,    8,  5,    13,  1,     5,  5,     3, 12,  12288, 6.2e-5
    - 12:   2, 10,  663,    8,  5,    13,  1,     7,  4,     3, 12,  16570, 6.0e-5
    - 13:   2, 10,  653,   11,  4,    12,  1,     7,  4,     4, 10,  21781, 6.2e-5
    - 14:   2, 10,  720,   14,  3,    14,  1,     7,  4,     4, 10,  28290, 6.3e-5
    - 15:   2, 10,  705,   14,  3,    14,  1,    10,  3,     5,  8,  40478, 6.3e-5
    - 16:   2, 10,  671,   22,  2,    13,  1,    15,  2,     5,  8,  81352, 6.0e-5
    - 17:   2, 10,  681,   44,  1,    13,  1,    32,  1,     5,  8, 312524, 6.0e-5
    # no solution starting from log norm2 = 18

  - 7: # bits
    -ln2:   k,  N,    n, br_l,br_b, ks_l,ks_b, cb_l,cb_b, pp_l,pp_b,  cost, p_error
    - 0 :   2, 10,  706,    2, 15,     6,  2,     2,  7,     2, 16,   2680, 6.3e-5
    - 1 :   2, 10,  663,    3, 12,     6,  2,     2,  8,     2, 16,   3135, 5.8e-5
    - 2 :   2, 10,  684,    3, 12,     6,  2,     2,  8,     2, 16,   3210, 5.8e-5
    - 3 :   2, 10,  669,    4,  9,     6,  2,     2,  9,     2, 16,   3732, 5.7e-5
    - 4 :   2, 10,  714,    4,  9,     7,  2,     2,  9,     3, 12,   4352, 6.3e-5
    - 5 :   2, 10,  670,    4,  9,     6,  2,     3,  7,     2, 16,   5174, 5.7e-5
    - 6 :   2, 10,  705,    4,  9,     7,  2,     3,  7,     3, 12,   5996, 6.2e-5
    - 7 :   2, 10,  702,    5,  8,     7,  2,     3,  7,     3, 12,   6813, 6.2e-5
    - 8 :   2, 10,  693,    7,  6,     7,  2,     3,  8,     3, 12,   8397, 5.9e-5
    - 9 :   2, 10,  699,    6,  7,     7,  2,     4,  6,     3, 12,   9757, 6.1e-5
    - 10:   2, 10,  724,    8,  5,     7,  2,     4,  6,     3, 12,  12221, 6.3e-5
    - 11:   2, 10,  707,    8,  5,     7,  2,     5,  5,     4, 10,  15564, 6.1e-5
    - 12:   2, 10,  726,    8,  5,    14,  1,     7,  4,     3, 12,  20518, 6.3e-5
    - 13:   2, 10,  675,   11,  4,    13,  1,     7,  4,     4, 10,  25738, 6.1e-5
    - 14:   2, 10,  695,   11,  4,    14,  1,    10,  3,     4, 10,  36748, 6.3e-5
    - 15:   2, 10,  687,   22,  2,    13,  1,    10,  3,     4, 10,  62725, 6.2e-5
    - 16:   2, 10,  686,   22,  2,    13,  1,    16,  2,     5,  8, 101110, 6.2e-5
    # no solution starting from log norm2 = 17

  - 8: # bits
    -ln2:   k,  N,    n, br_l,br_b, ks_l,ks_b, cb_l,cb_b, pp_l,pp_b,  cost, p_error
    - 0 :   2, 10,  712,    2, 15,     7,  2,     2,  7,     2, 16,   3112, 6.2e-5
    - 1 :   2, 10,  664,    3, 12,     6,  2,     2,  8,     2, 16,   3575, 5.4e-5
    - 2 :   2, 10,  689,    3, 12,     6,  2,     2,  8,     2, 16,   3677, 6.2e-5
    - 3 :   2, 10,  670,    4,  9,     6,  2,     2,  9,     2, 16,   4259, 6.3e-5
    - 4 :   2, 10,  699,    3, 12,     6,  2,     3,  6,     2, 16,   5128, 6.3e-5
    - 5 :   2, 10,  672,    4,  9,     6,  2,     3,  7,     2, 16,   5890, 5.5e-5
    - 6 :   2, 10,  736,    4,  9,     7,  2,     3,  7,     3, 12,   7019, 6.3e-5
    - 7 :   2, 10,  721,    5,  8,     7,  2,     3,  7,     3, 12,   7891, 6.3e-5
    - 8 :   2, 10,  703,    7,  6,     7,  2,     3,  8,     3, 12,   9646, 6.0e-5
    - 9 :   2, 10,  715,    6,  7,     7,  2,     4,  6,     3, 12,  11250, 6.2e-5
    - 10:   2, 10,  708,    8,  5,     7,  2,     4,  6,     4, 10,  14469, 6.1e-5
    - 11:   2, 10,  720,    8,  5,    14,  1,     5,  5,     4, 10,  18153, 6.3e-5
    - 12:   2, 10,  680,    8,  5,    13,  1,     7,  4,     4, 10,  23487, 6.2e-5
    - 13:   2, 10,  682,   11,  4,    13,  1,     7,  4,     4, 10,  29329, 6.3e-5
    - 14:   2, 10,  702,   11,  4,    14,  1,    10,  3,     5,  8,  43974, 6.3e-5
    - 15:   2, 10,  671,   22,  2,    13,  1,    10,  3,     5,  8,  71533, 5.8e-5
    - 16:   2, 10,  701,   22,  2,    14,  1,    16,  2,     5,  8, 116158, 6.3e-5
    # no solution starting from log norm2 = 17

  - 9: # bits
    -ln2:   k,  N,    n, br_l,br_b, ks_l,ks_b, cb_l,cb_b, pp_l,pp_b,  cost, p_error
    - 0 :   2, 10,  700,    5,  8,     6,  2,     1, 14,     3, 12,   4080, 6.2e-5
    - 1 :   2, 10,  665,    3, 12,     6,  2,     2,  8,     2, 16,   4335, 5.7e-5
    - 2 :   2, 10,  706,    3, 12,     6,  2,     2,  8,     2, 16,   4537, 6.3e-5
    - 3 :   2, 10,  674,    4,  9,     6,  2,     2,  9,     2, 16,   5181, 5.9e-5
    - 4 :   2, 10,  716,    3, 12,     7,  2,     3,  6,     2, 16,   6390, 6.2e-5
    - 5 :   2, 10,  676,    4,  9,     6,  2,     3,  7,     2, 16,   7183, 5.6e-5
    - 6 :   2, 10,  718,    5,  8,     7,  2,     3,  7,     2, 16,   8759, 6.2e-5
    - 7 :   2, 10,  692,    6,  7,     7,  2,     3,  8,     3, 12,  10427, 5.9e-5
    - 8 :   2, 10,  700,    5,  8,     7,  2,     4,  6,     3, 12,  11993, 6.0e-5
    - 9 :   2, 10,  676,    7,  6,     6,  2,     4,  6,     3, 12,  14471, 6.2e-5
    - 10:   2, 10,  681,    7,  6,     6,  2,     5,  5,     3, 12,  17741, 6.1e-5
    - 11:   2, 10,  669,    7,  6,    13,  1,     7,  4,     3, 12,  24116, 5.8e-5
    - 12:   2, 10,  704,    8,  5,    14,  1,     7,  4,     4, 10,  29412, 6.2e-5
    - 13:   2, 10,  710,   11,  4,    14,  1,     7,  4,     4, 10,  36938, 6.2e-5
    - 14:   2, 10,  670,   14,  3,    13,  1,    10,  3,     4, 10,  58735, 5.7e-5
    - 15:   2, 10,  681,   22,  2,    13,  1,    10,  3,     5,  8,  88312, 6.2e-5
    - 16:   2, 10,  686,   43,  1,    13,  1,    16,  2,     5,  8, 247240, 6.0e-5
    # no solution starting from log norm2 = 17

  - 10: # bits
    -ln2:   k,  N,    n, br_l,br_b, ks_l,ks_b, cb_l,cb_b, pp_l,pp_b,  cost, p_error
    - 0 :   2, 10,  724,    3, 12,     7,  2,     2,  8,     2, 16,   4809, 6.3e-5
    - 1 :   2, 10,  706,    4,  9,     7,  2,     2,  9,     2, 16,   5584, 6.3e-5
    - 2 :   2, 10,  735,    3, 12,     7,  2,     3,  6,     2, 16,   6651, 6.1e-5
    - 3 :   2, 10,  708,    4,  9,     7,  2,     3,  7,     2, 16,   7656, 5.7e-5
    - 4 :   2, 10,  735,    5,  8,     7,  2,     3,  7,     2, 16,   9123, 6.2e-5
    - 5 :   2, 10,  721,    6,  7,     7,  2,     3,  7,     3, 12,  10985, 6.0e-5
    - 6 :   2, 10,  727,    5,  8,     7,  2,     4,  6,     3, 12,  12526, 6.1e-5
    - 7 :   2, 10,  708,    7,  6,     7,  2,     4,  6,     3, 12,  15301, 6.1e-5
    - 8 :   2, 10,  712,    7,  6,     7,  2,     5,  5,     3, 12,  18665, 5.7e-5
    - 9 :   2, 10,  745,    9,  5,     7,  2,     5,  5,     4, 10,  24517, 6.3e-5
    - 10:   2, 10,  724,    8,  5,    14,  1,     7,  4,     4, 10,  30337, 6.1e-5
    - 11:   2, 10,  726,   11,  4,    14,  1,     7,  4,     4, 10,  37994, 6.2e-5
    - 12:   2, 10,  702,   14,  3,    14,  1,    10,  3,     4, 10,  61549, 5.8e-5
    - 13:   2, 10,  710,   22,  2,    14,  1,    10,  3,     5,  8,  92262, 6.0e-5
    - 14:   2, 10,  744,   22,  2,    15,  1,    16,  2,     6,  7, 154154, 6.3e-5
    # no solution starting from log norm2 = 15

  - 11: # bits
    -ln2:   k,  N,    n, br_l,br_b, ks_l,ks_b, cb_l,cb_b, pp_l,pp_b,  cost, p_error
    - 0 :   2, 10,  678,    3, 12,     6,  2,     2,  8,     2, 16,   5288, 6.0e-5
    - 1 :   2, 10,  672,    4,  9,     6,  2,     2,  9,     2, 16,   6217, 6.2e-5
    - 2 :   2, 10,  700,    4,  9,     6,  2,     2,  9,     2, 16,   6423, 6.0e-5
    - 3 :   2, 10,  700,    5,  8,     6,  2,     2, 10,     3, 12,   8053, 6.2e-5
    - 4 :   2, 10,  698,    4,  9,     7,  2,     3,  7,     2, 16,   8876, 6.0e-5
    - 5 :   2, 10,  685,    5,  8,     6,  2,     3,  7,     3, 12,  10972, 5.6e-5
    - 6 :   2, 10,  682,    7,  6,     6,  2,     3,  8,     3, 12,  13622, 5.8e-5
    - 7 :   2, 10,  684,    6,  7,     6,  2,     4,  6,     3, 12,  15720, 5.6e-5
    - 8 :   2, 10,  700,    7,  6,     7,  2,     4,  6,     3, 12,  17812, 6.0e-5
    - 9 :   2, 10,  714,    7,  6,     7,  2,     5,  5,     3, 12,  21996, 6.3e-5
    - 10:   2, 10,  712,    7,  6,    14,  1,     7,  4,     3, 12,  30165, 6.2e-5
    - 11:   2, 10,  702,   10,  4,    14,  1,     7,  4,     4, 10,  40657, 6.3e-5
    - 12:   2, 10,  696,   14,  3,    14,  1,     7,  4,     4, 10,  51803, 6.2e-5
    - 13:   2, 10,  717,   14,  3,    14,  1,    10,  3,     4, 10,  73813, 6.2e-5
    - 14:   2, 10,  741,   23,  2,    15,  1,    11,  3,     8,  6, 138336, 6.3e-5
    - 15:   2, 10,  709,   44,  1,    14,  1,    16,  2,     6,  7, 313474, 6.2e-5
    # no solution starting from log norm2 = 16

  - 12: # bits
    -ln2:   k,  N,    n, br_l,br_b, ks_l,ks_b, cb_l,cb_b, pp_l,pp_b,  cost, p_error
    - 0 :   2, 10,  712,    3, 12,     6,  2,     2,  8,     2, 16,   5952, 6.2e-5
    - 1 :   2, 10,  695,    4,  9,     6,  2,     2,  9,     2, 16,   6926, 5.8e-5
    - 2 :   2, 10,  731,    4,  9,     7,  2,     2,  9,     3, 12,   7956, 6.1e-5
    - 3 :   2, 10,  696,    4,  9,     6,  2,     3,  7,     2, 16,   9521, 5.9e-5
    - 4 :   2, 10,  724,    4,  9,     7,  2,     3,  7,     3, 12,  10899, 6.1e-5
    - 5 :   2, 10,  720,    5,  8,     7,  2,     3,  7,     3, 12,  12392, 6.3e-5
    - 6 :   2, 10,  712,    7,  6,     7,  2,     3,  8,     3, 12,  15325, 6.3e-5
    - 7 :   2, 10,  718,    6,  7,     7,  2,     4,  6,     3, 12,  17706, 6.2e-5
    - 8 :   2, 10,  737,    8,  5,     7,  2,     4,  6,     3, 12,  22057, 6.3e-5
    - 9 :   2, 10,  724,    8,  5,     7,  2,     5,  5,     4, 10,  28084, 6.3e-5
    - 10:   2, 10,  734,    8,  5,    14,  1,     7,  4,     3, 12,  36609, 6.3e-5
    - 11:   2, 10,  697,   11,  4,    13,  1,     7,  4,     4, 10,  46671, 5.9e-5
    - 12:   2, 10,  714,   11,  4,    14,  1,    10,  3,     4, 10,  66184, 6.1e-5
    - 13:   2, 10,  713,   21,  2,    14,  1,    10,  3,     5,  8, 113339, 6.1e-5
    - 14:   2, 10,  706,   22,  2,    14,  1,    16,  2,     5,  8, 182260, 6.0e-5
    # no solution starting from log norm2 = 15

  - 13: # bits
    -ln2:   k,  N,    n, br_l,br_b, ks_l,ks_b, cb_l,cb_b, pp_l,pp_b,  cost, p_error
    - 0 :   2, 10,  704,    3, 12,     7,  2,     2,  8,     2, 16,   6303, 6.2e-5
    - 1 :   2, 10,  696,    4,  9,     6,  2,     2,  9,     2, 16,   7321, 5.8e-5
    - 2 :   2, 10,  746,    4,  9,     7,  2,     2,  9,     3, 12,   8537, 6.2e-5
    - 3 :   2, 10,  697,    4,  9,     6,  2,     3,  7,     2, 16,  10106, 6.1e-5
    - 4 :   2, 10,  734,    4,  9,     7,  2,     3,  7,     3, 12,  11679, 6.2e-5
    - 5 :   2, 10,  728,    5,  8,     7,  2,     3,  7,     3, 12,  13253, 6.2e-5
    - 6 :   2, 10,  717,    7,  6,     7,  2,     3,  8,     3, 12,  16336, 6.2e-5
    - 7 :   2, 10,  725,    6,  7,     7,  2,     4,  6,     3, 12,  18958, 6.2e-5
    - 8 :   2, 10,  762,    8,  5,     7,  2,     4,  6,     3, 12,  24079, 6.3e-5
    - 9 :   2, 10,  734,    8,  5,     7,  2,     5,  5,     4, 10,  30206, 6.2e-5
    - 10:   2, 10,  699,    8,  5,    13,  1,     7,  4,     4, 10,  39966, 6.1e-5
    - 11:   2, 10,  700,   11,  4,    13,  1,     7,  4,     4, 10,  49914, 6.3e-5
    - 12:   2, 10,  725,   11,  4,    14,  1,    10,  3,     4, 10,  71509, 6.2e-5
    - 13:   2, 10,  712,   22,  2,    14,  1,    10,  3,     4, 10, 121884, 6.1e-5
    - 14:   2, 10,  712,   22,  2,    14,  1,    16,  2,     5,  8, 196200, 6.2e-5
    # no solution starting from log norm2 = 15

  - 14: # bits
    -ln2:   k,  N,    n, br_l,br_b, ks_l,ks_b, cb_l,cb_b, pp_l,pp_b,  cost, p_error
    - 0 :   2, 10,  709,    3, 12,     7,  2,     2,  8,     2, 16,   7279, 6.3e-5
    - 1 :   2, 10,  698,    4,  9,     6,  2,     2,  9,     2, 16,   8429, 6.0e-5
    - 2 :   2, 10,  718,    3, 12,     7,  2,     3,  6,     2, 16,  10069, 6.1e-5
    - 3 :   2, 10,  700,    4,  9,     6,  2,     3,  7,     2, 16,  11608, 5.8e-5
    - 4 :   2, 10,  719,    5,  8,     7,  2,     3,  7,     2, 16,  13796, 6.0e-5
    - 5 :   2, 10,  764,    5,  8,     7,  2,     3,  7,     3, 12,  15729, 6.3e-5
    - 6 :   2, 10,  731,    7,  6,     7,  2,     3,  8,     3, 12,  18987, 6.2e-5
    - 7 :   2, 10,  756,    6,  7,     7,  2,     4,  6,     3, 12,  22366, 6.3e-5
    - 8 :   2, 10,  698,    7,  6,     7,  2,     5,  5,     3, 12,  28340, 5.6e-5
    - 9 :   2, 10,  726,    9,  5,     7,  2,     5,  5,     4, 10,  37048, 6.2e-5
    - 10:   2, 10,  706,    8,  5,    14,  1,     7,  4,     4, 10,  45936, 6.2e-5
    - 11:   2, 10,  708,   11,  4,    14,  1,     7,  4,     4, 10,  57446, 6.1e-5
    - 12:   2, 10,  742,   11,  4,    15,  1,    10,  3,     5,  8,  87034, 6.3e-5
    - 13:   2, 10,  695,   22,  2,    14,  1,    10,  3,     5,  8, 139809, 6.0e-5
    - 14:   2, 10,  737,   22,  2,    15,  1,    16,  2,     5,  8, 229650, 6.3e-5
    # no solution starting from log norm2 = 15

  - 15: # bits
    -ln2:   k,  N,    n, br_l,br_b, ks_l,ks_b, cb_l,cb_b, pp_l,pp_b,  cost, p_error
    - 0 :   2, 10,  723,    4,  9,     7,  2,     2,  9,     2, 16,   8347, 6.0e-5
    - 1 :   2, 10,  762,    4,  9,     7,  2,     2,  9,     3, 12,   9482, 6.3e-5
    - 2 :   2, 10,  724,    4,  9,     7,  2,     3,  7,     2, 16,  11403, 6.0e-5
    - 3 :   2, 10,  757,    4,  9,     7,  2,     3,  7,     3, 12,  12970, 6.2e-5
    - 4 :   2, 10,  752,    5,  8,     7,  2,     3,  7,     3, 12,  14758, 6.2e-5
    - 5 :   2, 10,  745,    7,  6,     7,  2,     3,  8,     3, 12,  18320, 6.1e-5
    - 6 :   2, 10,  751,    6,  7,     7,  2,     4,  6,     3, 12,  21093, 6.2e-5
    - 7 :   2, 10,  765,    8,  5,     8,  2,     4,  6,     3, 12,  26253, 6.2e-5
    - 8 :   2, 10,  756,    8,  5,     7,  2,     5,  5,     4, 10,  33353, 6.2e-5
    - 9 :   2, 10,  758,    8,  5,    15,  1,     7,  4,     3, 12,  43219, 6.3e-5
    - 10:   2, 10,  728,   11,  4,    14,  1,     7,  4,     4, 10,  55547, 6.0e-5
    - 11:   2, 10,  743,   11,  4,    15,  1,    10,  3,     4, 10,  78415, 6.3e-5
    - 12:   2, 10,  742,   21,  2,    15,  1,    10,  3,     5,  8, 134519, 6.3e-5
    - 13:   2, 10,  736,   22,  2,    15,  1,    16,  2,     5,  8, 216368, 6.3e-5
    # no solution starting from log norm2 = 14

  - 16: # bits
    -ln2:   k,  N,    n, br_l,br_b, ks_l,ks_b, cb_l,cb_b, pp_l,pp_b,  cost, p_error
    - 0 :   2, 10,  707,    4,  9,     6,  2,     2,  9,     2, 16,   9077, 6.0e-5
    - 1 :   2, 10,  718,    4,  9,     7,  2,     2,  9,     2, 16,   9278, 6.0e-5
    - 2 :   2, 10,  719,    5,  8,     7,  2,     2, 10,     3, 12,  11598, 5.9e-5
    - 3 :   2, 10,  721,    4,  9,     7,  2,     3,  7,     2, 16,  12734, 6.2e-5
    - 4 :   2, 10,  708,    5,  8,     7,  2,     3,  7,     3, 12,  15795, 6.1e-5
    - 5 :   2, 10,  706,    7,  6,     7,  2,     3,  8,     3, 12,  19641, 6.2e-5
    - 6 :   2, 10,  743,    8,  5,     7,  2,     3,  8,     3, 12,  22506, 6.3e-5
    - 7 :   2, 10,  723,    7,  6,     7,  2,     4,  6,     3, 12,  25485, 6.0e-5
    - 8 :   2, 10,  734,    7,  6,     7,  2,     5,  5,     3, 12,  31321, 6.2e-5
    - 9 :   2, 10,  729,    7,  6,    14,  1,     7,  4,     3, 12,  42771, 6.1e-5
    - 10:   2, 10,  752,    9,  5,    15,  1,     7,  4,     4, 10,  55523, 6.3e-5
    - 11:   2, 10,  717,   14,  3,    14,  1,     7,  4,     4, 10,  73859, 6.2e-5
    - 12:   2, 10,  731,   14,  3,    14,  1,    10,  3,     4, 10, 104227, 6.3e-5
    - 13:   2, 10,  745,   22,  2,    15,  1,    11,  3,     6,  7, 176944, 6.3e-5
    - 14:   2, 10,  727,   44,  1,    14,  1,    16,  2,     6,  7, 444912, 6.2e-5
    # no solution starting from log norm2 = 15
