security level: 144
target p_error: 6.3e-5
per precision and log norm2:

  - 1: # bits
    -ln2:   k,  N,    n, br_l,br_b, ks_l,ks_b, cb_l,cb_b, pp_l,pp_b,  cost, p_error
    - 0 :   2, 10,  635,    2, 15,     5,  2,     1,  9,     1, 23,    109, 5.6e-5
    - 1 :   2, 10,  665,    2, 15,     3,  3,     1, 10,     2, 15,    131, 6.1e-5
    - 2 :   2, 10,  724,    2, 15,     4,  3,     1, 10,     2, 15,    142, 6.3e-5
    - 3 :   2, 10,  632,    3, 11,     5,  2,     1, 12,     2, 15,    158, 5.5e-5
    - 4 :   2, 10,  669,    4,  9,     5,  2,     1, 13,     2, 15,    192, 6.1e-5
    - 5 :   2, 10,  656,    5,  8,     5,  2,     1, 14,     3, 11,    240, 6.1e-5
    - 6 :   2, 10,  623,    3, 11,     5,  2,     2,  8,     2, 15,    302, 5.8e-5
    - 7 :   2, 10,  640,    3, 11,     5,  2,     2,  8,     2, 15,    307, 5.7e-5
    - 8 :   2, 10,  725,    4,  9,     6,  2,     2,  8,     2, 15,    398, 6.3e-5
    - 9 :   2, 10,  637,    5,  8,     5,  2,     2,  9,     3, 11,    459, 5.6e-5
    - 10:   2, 10,  631,    4,  9,     5,  2,     3,  7,     3, 11,    600, 5.9e-5
    - 11:   2, 10,  653,    8,  5,     5,  2,     2, 10,     4,  9,    675, 6.0e-5
    - 12:   2, 10,  665,    6,  7,     6,  2,     3,  7,     3, 11,    787, 6.0e-5
    - 13:   2, 10,  643,    8,  5,    11,  1,     3,  8,     4,  9,   1011, 6.1e-5
    - 14:   2, 10,  640,    7,  6,    11,  1,     4,  6,     4,  9,   1229, 6.2e-5
    - 15:   2, 10,  638,   10,  4,    11,  1,     4,  6,     4,  9,   1541, 5.8e-5
    - 16:   2, 10,  649,   10,  4,    11,  1,     5,  5,     4,  9,   1944, 6.3e-5
    - 17:   2, 10,  661,   10,  4,    11,  1,     7,  4,     4,  9,   2748, 6.3e-5
    - 18:   2, 10,  643,   14,  3,    11,  1,     7,  4,     6,  7,   3766, 5.9e-5
    - 19:   3, 10,  676,   15,  3,    12,  1,     7,  4,     2, 20,   5420, 6.2e-5
    - 20:   3, 10,  713,   15,  3,    13,  1,    10,  3,     2, 20,   8070, 6.3e-5
    - 21:   3, 10,  672,   22,  2,    12,  1,    15,  2,     2, 20,  15638, 6.1e-5
    - 22:   3, 10,  680,   44,  1,    12,  1,    32,  1,     3, 15,  64005, 6.2e-5
    # no solution starting from log norm2 = 23

  - 2: # bits
    -ln2:   k,  N,    n, br_l,br_b, ks_l,ks_b, cb_l,cb_b, pp_l,pp_b,  cost, p_error
    - 0 :   2, 10,  680,    3, 11,     5,  2,     1, 12,     2, 15,    439, 6.3e-5
    - 1 :   2, 10,  699,    3, 11,     6,  2,     1, 12,     2, 15,    454, 5.9e-5
    - 2 :   2, 10,  691,    4,  9,     6,  2,     1, 13,     3, 11,    583, 5.8e-5
    - 3 :   2, 10,  667,    3, 11,     6,  2,     2,  8,     2, 15,    741, 5.9e-5
    - 4 :   2, 10,  674,    3, 11,     6,  2,     2,  8,     2, 15,    747, 5.4e-5
    - 5 :   2, 10,  731,    3, 11,     6,  2,     2,  8,     3, 11,    890, 6.3e-5
    - 6 :   2, 10,  688,    4,  9,     6,  2,     2,  9,     3, 11,    996, 5.6e-5
    - 7 :   2, 10,  735,    5,  8,     6,  2,     2,  9,     3, 11,   1195, 6.3e-5
    - 8 :   2, 10,  700,    4,  9,     6,  2,     3,  7,     3, 11,   1427, 6.1e-5
    - 9 :   2, 10,  741,    5,  8,     6,  2,     3,  7,     3, 11,   1698, 6.3e-5
    - 10:   2, 10,  694,    7,  6,     6,  2,     3,  7,     4,  9,   2161, 5.7e-5
    - 11:   2, 10,  667,    7,  6,    11,  1,     4,  6,     4,  9,   2744, 5.5e-5
    - 12:   2, 10,  679,    8,  5,    12,  1,     4,  6,     4,  9,   3035, 5.7e-5
    - 13:   2, 10,  689,    8,  5,    12,  1,     5,  5,     4,  9,   3757, 6.2e-5
    - 14:   2, 10,  719,    8,  5,    13,  1,     7,  4,     4,  9,   5306, 6.3e-5
    - 15:   2, 10,  685,   10,  4,    12,  1,     9,  3,     4,  9,   7553, 6.0e-5
    - 16:   2, 10,  704,   14,  3,    13,  1,     9,  3,     6,  7,  10779, 6.3e-5
    - 17:   3, 10,  694,   14,  3,    12,  1,    10,  3,     2, 20,  15565, 6.2e-5
    - 18:   3, 10,  730,   22,  2,    13,  1,    10,  3,     2, 20,  23417, 6.3e-5
    - 19:   3, 10,  707,   44,  1,    13,  1,    16,  2,     2, 20,  65878, 6.3e-5
    # no solution starting from log norm2 = 20

  - 3: # bits
    -ln2:   k,  N,    n, br_l,br_b, ks_l,ks_b, cb_l,cb_b, pp_l,pp_b,  cost, p_error
    - 0 :   2, 10,  742,    2, 15,     6,  2,     2,  7,     2, 15,   1019, 5.9e-5
    - 1 :   2, 10,  716,    3, 11,     6,  2,     2,  8,     2, 15,   1228, 6.0e-5
    - 2 :   2, 10,  731,    3, 11,     6,  2,     2,  8,     2, 15,   1248, 5.9e-5
    - 3 :   2, 10,  768,    4,  9,     7,  2,     2,  8,     2, 15,   1558, 6.1e-5
    - 4 :   2, 10,  741,    3, 11,     6,  2,     3,  6,     2, 15,   1751, 6.0e-5
    - 5 :   2, 10,  743,    3, 11,     6,  2,     4,  5,     2, 15,   2245, 6.3e-5
    - 6 :   2, 10,  728,    5,  8,     6,  2,     3,  7,     3, 11,   2601, 6.2e-5
    - 7 :   2, 10,  749,    6,  7,     7,  2,     3,  7,     3, 11,   3004, 6.1e-5
    - 8 :   2, 10,  740,    6,  7,    13,  1,     4,  6,     3, 11,   3862, 6.2e-5
    - 9 :   2, 10,  730,    7,  6,    13,  1,     4,  6,     4,  9,   4529, 6.2e-5
    - 10:   2, 10,  769,    8,  5,    14,  1,     4,  6,     5,  8,   5448, 6.3e-5
    - 11:   2, 10,  734,   10,  4,    13,  1,     5,  5,     4,  9,   7075, 6.2e-5
    - 12:   2, 10,  743,   10,  4,    13,  1,     7,  4,     4,  9,   9693, 6.2e-5
    - 13:   2, 10,  755,   10,  4,    14,  1,     9,  3,     5,  8,  13056, 6.3e-5
    - 14:   3, 10,  759,   15,  3,    14,  1,     7,  4,     2, 20,  19310, 6.1e-5
    - 15:   3, 10,  780,   15,  3,    14,  1,    10,  3,     2, 20,  27531, 6.2e-5
    - 16:   3, 10,  755,   22,  2,    14,  1,    15,  2,     2, 20,  53946, 6.3e-5
    - 17:   3, 10,  790,   44,  1,    15,  1,    32,  1,     2, 20, 216985, 6.3e-5
    # no solution starting from log norm2 = 18

  - 4: # bits
    -ln2:   k,  N,    n, br_l,br_b, ks_l,ks_b, cb_l,cb_b, pp_l,pp_b,  cost, p_error
    - 0 :   2, 10,  714,    3, 11,     6,  2,     2,  8,     2, 15,   2341, 6.1e-5
    - 1 :   2, 10,  720,    3, 11,     6,  2,     2,  8,     2, 15,   2356, 6.1e-5
    - 2 :   2, 10,  773,    3, 11,     7,  2,     2,  8,     2, 15,   2505, 6.2e-5
    - 3 :   2, 10,  733,    4,  9,     6,  2,     2,  9,     3, 11,   3127, 6.0e-5
    - 4 :   2, 10,  756,    5,  8,     7,  2,     2,  9,     3, 11,   3681, 6.3e-5
    - 5 :   2, 10,  744,    4,  9,     6,  2,     3,  7,     3, 11,   4471, 6.2e-5
    - 6 :   2, 10,  758,    5,  8,     7,  2,     3,  7,     3, 11,   5201, 6.3e-5
    - 7 :   2, 10,  776,    7,  6,     7,  2,     3,  7,     3, 11,   6630, 6.2e-5
    - 8 :   2, 10,  748,    7,  6,    13,  1,     4,  6,     3, 11,   8410, 6.2e-5
    - 9 :   2, 10,  721,    8,  5,    13,  1,     4,  6,     4,  9,   9544, 5.9e-5
    - 10:   2, 10,  728,    8,  5,    13,  1,     5,  5,     4,  9,  11765, 6.2e-5
    - 11:   2, 10,  744,    8,  5,    13,  1,     7,  4,     4,  9,  16332, 6.3e-5
    - 12:   2, 10,  758,   11,  4,    14,  1,     7,  4,     6,  7,  22796, 6.3e-5
    - 13:   2, 10,  755,   14,  3,    14,  1,     9,  3,     5,  8,  32838, 6.2e-5
    - 14:   3, 10,  736,   14,  3,    13,  1,    10,  3,     2, 20,  49023, 6.3e-5
    - 15:   3, 10,  756,   22,  2,    14,  1,    10,  3,     2, 20,  72472, 6.3e-5
    - 16:   3, 10,  745,   44,  1,    13,  1,    16,  2,     2, 20, 207511, 6.3e-5
    # no solution starting from log norm2 = 17

  - 5: # bits
    -ln2:   k,  N,    n, br_l,br_b, ks_l,ks_b, cb_l,cb_b, pp_l,pp_b,  cost, p_error
    - 0 :   2, 10,  714,    3, 11,     6,  2,     2,  8,     2, 15,   2341, 6.1e-5
    - 1 :   2, 10,  720,    3, 11,     6,  2,     2,  8,     2, 15,   2356, 6.1e-5
    - 2 :   2, 10,  773,    3, 11,     7,  2,     2,  8,     2, 15,   2505, 6.2e-5
    - 3 :   2, 10,  733,    4,  9,     6,  2,     2,  9,     3, 11,   3127, 6.0e-5
    - 4 :   2, 10,  756,    5,  8,     7,  2,     2,  9,     3, 11,   3681, 6.3e-5
    - 5 :   2, 10,  744,    4,  9,     6,  2,     3,  7,     3, 11,   4471, 6.2e-5
    - 6 :   2, 10,  758,    5,  8,     7,  2,     3,  7,     3, 11,   5201, 6.3e-5
    - 7 :   2, 10,  776,    7,  6,     7,  2,     3,  7,     3, 11,   6630, 6.2e-5
    - 8 :   2, 10,  748,    7,  6,    13,  1,     4,  6,     3, 11,   8410, 6.2e-5
    - 9 :   2, 10,  721,    8,  5,    13,  1,     4,  6,     4,  9,   9544, 5.9e-5
    - 10:   2, 10,  728,    8,  5,    13,  1,     5,  5,     4,  9,  11765, 6.2e-5
    - 11:   2, 10,  744,    8,  5,    13,  1,     7,  4,     4,  9,  16332, 6.3e-5
    - 12:   2, 10,  758,   11,  4,    14,  1,     7,  4,     6,  7,  22796, 6.3e-5
    - 13:   2, 10,  755,   14,  3,    14,  1,     9,  3,     5,  8,  32838, 6.2e-5
    - 14:   3, 10,  736,   14,  3,    13,  1,    10,  3,     2, 20,  49023, 6.3e-5
    - 15:   3, 10,  756,   22,  2,    14,  1,    10,  3,     2, 20,  72472, 6.3e-5
    - 16:   3, 10,  745,   44,  1,    13,  1,    16,  2,     2, 20, 207511, 6.3e-5
    # no solution starting from log norm2 = 17

  - 6: # bits
    -ln2:   k,  N,    n, br_l,br_b, ks_l,ks_b, cb_l,cb_b, pp_l,pp_b,  cost, p_error
    - 0 :   2, 10,  715,    3, 11,     6,  2,     2,  8,     2, 15,   2790, 5.3e-5
    - 1 :   2, 10,  722,    3, 11,     6,  2,     2,  8,     2, 15,   2811, 5.6e-5
    - 2 :   2, 10,  780,    3, 11,     7,  2,     2,  8,     3, 11,   3340, 6.2e-5
    - 3 :   2, 10,  739,    4,  9,     6,  2,     2,  9,     3, 11,   3743, 5.9e-5
    - 4 :   2, 10,  782,    5,  8,     7,  2,     2,  9,     3, 11,   4501, 6.3e-5
    - 5 :   2, 10,  750,    4,  9,     7,  2,     3,  7,     3, 11,   5340, 6.3e-5
    - 6 :   2, 10,  796,    5,  8,     7,  2,     3,  7,     3, 11,   6391, 6.3e-5
    - 7 :   2, 10,  742,    7,  6,     7,  2,     3,  7,     4,  9,   8086, 5.9e-5
    - 8 :   2, 10,  715,    7,  6,    12,  1,     4,  6,     4,  9,  10235, 6.0e-5
    - 9 :   2, 10,  727,    8,  5,    13,  1,     4,  6,     4,  9,  11336, 5.8e-5
    - 10:   2, 10,  738,    8,  5,    13,  1,     5,  5,     4,  9,  14001, 6.1e-5
    - 11:   2, 10,  775,    8,  5,    14,  1,     7,  4,     4,  9,  19812, 6.3e-5
    - 12:   2, 10,  732,   10,  4,    13,  1,     9,  3,     4,  9,  28017, 6.3e-5
    - 13:   2, 10,  752,   14,  3,    14,  1,     9,  3,     6,  7,  39930, 6.1e-5
    - 14:   3, 10,  743,   14,  3,    13,  1,    10,  3,     2, 20,  57962, 6.3e-5
    - 15:   3, 10,  786,   22,  2,    14,  1,    10,  3,     2, 20,  88028, 6.3e-5
    - 16:   3, 10,  757,   44,  1,    14,  1,    16,  2,     2, 20, 246759, 6.3e-5
    # no solution starting from log norm2 = 17

  - 7: # bits
    -ln2:   k,  N,    n, br_l,br_b, ks_l,ks_b, cb_l,cb_b, pp_l,pp_b,  cost, p_error
    - 0 :   2, 10,  715,    3, 11,     6,  2,     2,  8,     2, 15,   3236, 5.6e-5
    - 1 :   2, 10,  723,    3, 11,     6,  2,     2,  8,     2, 15,   3264, 6.2e-5
    - 2 :   2, 10,  741,    4,  9,     6,  2,     2,  8,     2, 15,   3964, 5.8e-5
    - 3 :   2, 10,  746,    4,  9,     6,  2,     2,  9,     3, 11,   4370, 6.0e-5
    - 4 :   2, 10,  745,    4,  9,     7,  2,     3,  6,     2, 15,   5560, 5.9e-5
    - 5 :   2, 10,  765,    4,  9,     7,  2,     3,  7,     3, 11,   6255, 6.1e-5
    - 6 :   2, 10,  733,    6,  7,     6,  2,     3,  7,     3, 11,   7786, 6.1e-5
    - 7 :   2, 10,  749,    7,  6,     7,  2,     3,  7,     4,  9,   9409, 6.2e-5
    - 8 :   2, 10,  716,    7,  6,    13,  1,     4,  6,     4,  9,  11830, 6.3e-5
    - 9 :   2, 10,  734,    8,  5,    13,  1,     4,  6,     4,  9,  13163, 5.9e-5
    - 10:   2, 10,  753,    8,  5,    13,  1,     5,  5,     4,  9,  16365, 6.3e-5
    - 11:   2, 10,  767,    8,  5,    14,  1,     7,  4,     5,  8,  23928, 6.2e-5
    - 12:   2, 10,  743,   10,  4,    13,  1,     9,  3,     4,  9,  32538, 6.0e-5
    - 13:   3, 10,  742,   14,  3,    13,  1,     7,  4,     2, 20,  47607, 6.1e-5
    - 14:   3, 10,  752,   14,  3,    14,  1,    10,  3,     2, 20,  67218, 6.2e-5
    - 15:   3, 10,  796,   23,  2,    15,  1,    11,  3,     3, 15, 122542, 6.3e-5
    - 16:   3, 10,  782,   44,  1,    14,  1,    16,  2,     2, 20, 291592, 6.2e-5
    # no solution starting from log norm2 = 17

  - 8: # bits
    -ln2:   k,  N,    n, br_l,br_b, ks_l,ks_b, cb_l,cb_b, pp_l,pp_b,  cost, p_error
    - 0 :   2, 10,  715,    3, 11,     6,  2,     2,  8,     2, 15,   3682, 6.0e-5
    - 1 :   2, 10,  725,    3, 11,     6,  2,     2,  8,     2, 15,   3722, 6.0e-5
    - 2 :   2, 10,  747,    4,  9,     6,  2,     2,  8,     2, 15,   4544, 6.1e-5
    - 3 :   2, 10,  749,    4,  9,     7,  2,     2,  9,     3, 11,   5012, 6.3e-5
    - 4 :   2, 10,  752,    4,  9,     7,  2,     3,  6,     2, 15,   6357, 6.2e-5
    - 5 :   2, 10,  785,    4,  9,    14,  1,     3,  7,     3, 11,   7421, 6.3e-5
    - 6 :   2, 10,  737,    6,  7,     6,  2,     3,  7,     3, 11,   8874, 6.1e-5
    - 7 :   2, 10,  759,    7,  6,     7,  2,     3,  7,     4,  9,  10783, 6.2e-5
    - 8 :   2, 10,  719,    7,  6,    13,  1,     4,  6,     4,  9,  13436, 6.2e-5
    - 9 :   2, 10,  743,    8,  5,    13,  1,     4,  6,     4,  9,  15048, 6.2e-5
    - 10:   2, 10,  795,    8,  5,    15,  1,     5,  5,     4,  9,  19359, 6.3e-5
    - 11:   2, 10,  725,   10,  4,    13,  1,     7,  4,     4,  9,  28523, 6.1e-5
    - 12:   2, 10,  758,   10,  4,    14,  1,     9,  3,     4,  9,  37339, 6.2e-5
    - 13:   3, 10,  749,   14,  3,    14,  1,     7,  4,     2, 20,  54259, 6.1e-5
    - 14:   3, 10,  766,   14,  3,    14,  1,    10,  3,     2, 20,  77035, 6.2e-5
    - 15:   3, 10,  738,   22,  2,    13,  1,    15,  2,     2, 20, 158594, 6.0e-5
    - 16:   3, 10,  771,   45,  1,    14,  1,    16,  2,     3, 15, 341627, 6.3e-5
    # no solution starting from log norm2 = 17

  - 9: # bits
    -ln2:   k,  N,    n, br_l,br_b, ks_l,ks_b, cb_l,cb_b, pp_l,pp_b,  cost, p_error
    - 0 :   2, 10,  790,    4,  9,     7,  2,     2,  9,     3, 11,   5847, 6.0e-5
    - 1 :   2, 10,  806,    5,  8,     7,  2,     2,  9,     3, 11,   6829, 6.1e-5
    - 2 :   2, 10,  797,    4,  9,     7,  2,     3,  7,     3, 11,   8172, 6.1e-5
    - 3 :   2, 10,  808,    5,  8,     7,  2,     3,  7,     3, 11,   9481, 6.2e-5
    - 4 :   2, 10,  827,    6,  7,    15,  1,     3,  7,     4,  9,  11888, 6.3e-5
    - 5 :   2, 10,  827,    6,  7,    15,  1,     4,  6,     4,  9,  15151, 6.3e-5
    - 6 :   2, 10,  778,    8,  5,    14,  1,     4,  6,     4,  9,  17451, 6.2e-5
    - 7 :   2, 10,  783,    8,  5,    14,  1,     5,  5,     4,  9,  21322, 6.2e-5
    - 8 :   2, 10,  826,   10,  4,    15,  1,     5,  5,     5,  8,  27324, 6.3e-5
    - 9 :   2, 10,  815,   10,  4,    15,  1,     7,  4,     6,  7,  38337, 6.3e-5
    - 10:   3, 10,  823,   11,  4,    15,  1,     7,  4,     2, 20,  54392, 6.3e-5
    - 11:   3, 10,  794,   14,  3,    15,  1,    10,  3,     2, 20,  88471, 6.2e-5
    - 12:   3, 10,  806,   22,  2,    15,  1,    10,  3,     2, 20, 130016, 6.3e-5
    - 13:   3, 10,  840,   44,  1,    16,  1,    15,  2,     2, 20, 368102, 6.3e-5
    # no solution starting from log norm2 = 14

  - 10: # bits
    -ln2:   k,  N,    n, br_l,br_b, ks_l,ks_b, cb_l,cb_b, pp_l,pp_b,  cost, p_error
    - 0 :   2, 10,  792,    4,  9,     7,  2,     2,  9,     3, 11,   6490, 6.1e-5
    - 1 :   2, 10,  812,    5,  8,     7,  2,     2,  9,     3, 11,   7613, 6.3e-5
    - 2 :   2, 10,  800,    4,  9,     7,  2,     3,  7,     3, 11,   9061, 6.3e-5
    - 3 :   2, 10,  816,    5,  8,     7,  2,     3,  7,     3, 11,  10567, 6.2e-5
    - 4 :   2, 10,  825,    7,  6,     7,  2,     3,  7,     3, 11,  13432, 6.3e-5
    - 5 :   2, 10,  800,    7,  6,    14,  1,     4,  6,     3, 11,  16942, 6.2e-5
    - 6 :   2, 10,  780,    8,  5,    14,  1,     4,  6,     4,  9,  19319, 6.3e-5
    - 7 :   2, 10,  787,    8,  5,    14,  1,     5,  5,     4,  9,  23632, 6.1e-5
    - 8 :   2, 10,  841,   10,  4,    16,  1,     5,  5,     6,  7,  31951, 6.3e-5
    - 9 :   2, 10,  831,    8,  5,    15,  1,     9,  3,     5,  8,  44480, 6.3e-5
    - 10:   3, 10,  849,   11,  4,    16,  1,     7,  4,     2, 20,  61601, 6.3e-5
    - 11:   3, 10,  797,   14,  3,    15,  1,    10,  3,     2, 20,  97832, 6.1e-5
    - 12:   3, 10,  813,   22,  2,    15,  1,    10,  3,     2, 20, 144446, 6.2e-5
    - 13:   3, 10,  822,   43,  1,    15,  1,    16,  2,     2, 20, 413764, 6.3e-5
    # no solution starting from log norm2 = 14

  - 11: # bits
    -ln2:   k,  N,    n, br_l,br_b, ks_l,ks_b, cb_l,cb_b, pp_l,pp_b,  cost, p_error
    - 0 :   2, 10,  794,    4,  9,     7,  2,     2,  9,     3, 11,   7136, 6.2e-5
    - 1 :   2, 10,  821,    5,  8,     7,  2,     2,  9,     3, 11,   8431, 6.3e-5
    - 2 :   2, 10,  805,    4,  9,     7,  2,     3,  7,     3, 11,   9974, 6.1e-5
    - 3 :   2, 10,  828,    5,  8,     7,  2,     3,  7,     3, 11,  11713, 6.3e-5
    - 4 :   2, 10,  819,    7,  6,    15,  1,     3,  7,     3, 11,  14945, 6.3e-5
    - 5 :   2, 10,  806,    7,  6,    15,  1,     4,  6,     3, 11,  18703, 6.3e-5
    - 6 :   2, 10,  783,    8,  5,    14,  1,     4,  6,     4,  9,  21215, 6.1e-5
    - 7 :   2, 10,  791,    8,  5,    14,  1,     5,  5,     4,  9,  25960, 6.1e-5
    - 8 :   2, 10,  807,    8,  5,    15,  1,     7,  4,     4,  9,  35694, 6.2e-5
    - 9 :   2, 10,  831,   11,  4,    15,  1,     7,  4,     6,  7,  50060, 6.3e-5
    - 10:   2, 10,  814,   14,  3,    15,  1,     9,  3,     5,  8,  71314, 6.3e-5
    - 11:   3, 10,  800,   14,  3,    15,  1,    10,  3,     2, 20, 107251, 6.1e-5
    - 12:   3, 10,  822,   22,  2,    15,  1,    10,  3,     2, 20, 159429, 6.2e-5
    - 13:   3, 10,  809,   44,  1,    15,  1,    16,  2,     2, 20, 454772, 6.1e-5
    # no solution starting from log norm2 = 14

  - 12: # bits
    -ln2:   k,  N,    n, br_l,br_b, ks_l,ks_b, cb_l,cb_b, pp_l,pp_b,  cost, p_error
    - 0 :   2, 10,  794,    4,  9,     7,  2,     2,  9,     3, 11,   7136, 6.2e-5
    - 1 :   2, 10,  821,    5,  8,     7,  2,     2,  9,     3, 11,   8431, 6.3e-5
    - 2 :   2, 10,  805,    4,  9,     7,  2,     3,  7,     3, 11,   9974, 6.1e-5
    - 3 :   2, 10,  828,    5,  8,     7,  2,     3,  7,     3, 11,  11713, 6.3e-5
    - 4 :   2, 10,  819,    7,  6,    15,  1,     3,  7,     3, 11,  14945, 6.3e-5
    - 5 :   2, 10,  806,    7,  6,    15,  1,     4,  6,     3, 11,  18703, 6.3e-5
    - 6 :   2, 10,  783,    8,  5,    14,  1,     4,  6,     4,  9,  21215, 6.1e-5
    - 7 :   2, 10,  791,    8,  5,    14,  1,     5,  5,     4,  9,  25960, 6.1e-5
    - 8 :   2, 10,  807,    8,  5,    15,  1,     7,  4,     4,  9,  35694, 6.2e-5
    - 9 :   2, 10,  831,   11,  4,    15,  1,     7,  4,     6,  7,  50060, 6.3e-5
    - 10:   2, 10,  814,   14,  3,    15,  1,     9,  3,     5,  8,  71314, 6.3e-5
    - 11:   3, 10,  800,   14,  3,    15,  1,    10,  3,     2, 20, 107251, 6.1e-5
    - 12:   3, 10,  822,   22,  2,    15,  1,    10,  3,     2, 20, 159429, 6.2e-5
    - 13:   3, 10,  809,   44,  1,    15,  1,    16,  2,     2, 20, 454772, 6.1e-5
    # no solution starting from log norm2 = 14

  - 13: # bits
    -ln2:   k,  N,    n, br_l,br_b, ks_l,ks_b, cb_l,cb_b, pp_l,pp_b,  cost, p_error
    - 0 :   2, 10,  806,    4,  9,     7,  2,     2,  9,     3, 11,   9627, 6.1e-5
    - 1 :   2, 10,  805,    4,  9,     7,  2,     3,  6,     2, 15,  12150, 6.2e-5
    - 2 :   2, 10,  837,    4,  9,     8,  2,     3,  7,     3, 11,  13746, 6.3e-5
    - 3 :   2, 10,  807,    4,  9,     7,  2,     4,  5,     3, 11,  17017, 6.2e-5
    - 4 :   2, 10,  811,    7,  6,     7,  2,     3,  7,     4,  9,  20516, 6.3e-5
    - 5 :   2, 10,  792,    7,  6,     7,  2,     4,  6,     4,  9,  25731, 6.2e-5
    - 6 :   2, 10,  796,    8,  5,    14,  1,     4,  6,     4,  9,  28660, 6.2e-5
    - 7 :   2, 10,  815,    8,  5,    15,  1,     5,  5,     4,  9,  35487, 6.3e-5
    - 8 :   2, 10,  829,    8,  5,    15,  1,     7,  4,     6,  7,  53984, 6.3e-5
    - 9 :   2, 10,  803,   10,  4,    15,  1,     9,  3,     4,  9,  70034, 6.2e-5
    - 10:   3, 10,  805,   14,  3,    15,  1,     7,  4,     2, 20, 103479, 6.1e-5
    - 11:   3, 10,  818,   14,  3,    15,  1,    10,  3,     2, 20, 145715, 6.2e-5
    - 12:   3, 10,  824,   21,  2,    15,  1,    15,  2,     2, 20, 300241, 6.2e-5
    - 13:   3, 10,  831,   44,  1,    15,  1,    16,  2,     3, 15, 640314, 6.3e-5
    # no solution starting from log norm2 = 14

  - 14: # bits
    -ln2:   k,  N,    n, br_l,br_b, ks_l,ks_b, cb_l,cb_b, pp_l,pp_b,  cost, p_error
    - 0 :   2, 10,  806,    4,  9,     7,  2,     2,  9,     3, 11,   9627, 6.1e-5
    - 1 :   2, 10,  805,    4,  9,     7,  2,     3,  6,     2, 15,  12150, 6.2e-5
    - 2 :   2, 10,  837,    4,  9,     8,  2,     3,  7,     3, 11,  13746, 6.3e-5
    - 3 :   2, 10,  807,    4,  9,     7,  2,     4,  5,     3, 11,  17017, 6.2e-5
    - 4 :   2, 10,  811,    7,  6,     7,  2,     3,  7,     4,  9,  20516, 6.3e-5
    - 5 :   2, 10,  792,    7,  6,     7,  2,     4,  6,     4,  9,  25731, 6.2e-5
    - 6 :   2, 10,  796,    8,  5,    14,  1,     4,  6,     4,  9,  28660, 6.2e-5
    - 7 :   2, 10,  815,    8,  5,    15,  1,     5,  5,     4,  9,  35487, 6.3e-5
    - 8 :   2, 10,  829,    8,  5,    15,  1,     7,  4,     6,  7,  53984, 6.3e-5
    - 9 :   2, 10,  803,   10,  4,    15,  1,     9,  3,     4,  9,  70034, 6.2e-5
    - 10:   3, 10,  805,   14,  3,    15,  1,     7,  4,     2, 20, 103479, 6.1e-5
    - 11:   3, 10,  818,   14,  3,    15,  1,    10,  3,     2, 20, 145715, 6.2e-5
    - 12:   3, 10,  824,   21,  2,    15,  1,    15,  2,     2, 20, 300241, 6.2e-5
    - 13:   3, 10,  831,   44,  1,    15,  1,    16,  2,     3, 15, 640314, 6.3e-5
    # no solution starting from log norm2 = 14

  - 15: # bits
    -ln2:   k,  N,    n, br_l,br_b, ks_l,ks_b, cb_l,cb_b, pp_l,pp_b,  cost, p_error
    - 0 :   2, 10,  806,    4,  9,     7,  2,     2,  9,     3, 11,   9627, 6.1e-5
    - 1 :   2, 10,  805,    4,  9,     7,  2,     3,  6,     2, 15,  12150, 6.2e-5
    - 2 :   2, 10,  837,    4,  9,     8,  2,     3,  7,     3, 11,  13746, 6.3e-5
    - 3 :   2, 10,  807,    4,  9,     7,  2,     4,  5,     3, 11,  17017, 6.2e-5
    - 4 :   2, 10,  811,    7,  6,     7,  2,     3,  7,     4,  9,  20516, 6.3e-5
    - 5 :   2, 10,  792,    7,  6,     7,  2,     4,  6,     4,  9,  25731, 6.2e-5
    - 6 :   2, 10,  796,    8,  5,    14,  1,     4,  6,     4,  9,  28660, 6.2e-5
    - 7 :   2, 10,  815,    8,  5,    15,  1,     5,  5,     4,  9,  35487, 6.3e-5
    - 8 :   2, 10,  829,    8,  5,    15,  1,     7,  4,     6,  7,  53984, 6.3e-5
    - 9 :   2, 10,  803,   10,  4,    15,  1,     9,  3,     4,  9,  70034, 6.2e-5
    - 10:   3, 10,  805,   14,  3,    15,  1,     7,  4,     2, 20, 103479, 6.1e-5
    - 11:   3, 10,  818,   14,  3,    15,  1,    10,  3,     2, 20, 145715, 6.2e-5
    - 12:   3, 10,  824,   21,  2,    15,  1,    15,  2,     2, 20, 300241, 6.2e-5
    - 13:   3, 10,  831,   44,  1,    15,  1,    16,  2,     3, 15, 640314, 6.3e-5
    # no solution starting from log norm2 = 14

  - 16: # bits
    -ln2:   k,  N,    n, br_l,br_b, ks_l,ks_b, cb_l,cb_b, pp_l,pp_b,  cost, p_error
    - 0 :   2, 10,  814,    4,  9,     7,  2,     2,  9,     3, 11,  10843, 6.3e-5
    - 1 :   2, 10,  813,    4,  9,     7,  2,     3,  6,     2, 15,  13713, 6.1e-5
    - 2 :   2, 10,  785,    5,  8,     7,  2,     3,  7,     3, 11,  16785, 6.2e-5
    - 3 :   2, 10,  797,    6,  7,     7,  2,     3,  7,     3, 11,  19172, 6.2e-5
    - 4 :   2, 10,  824,    7,  6,     7,  2,     3,  7,     4,  9,  23250, 6.3e-5
    - 5 :   2, 10,  795,    7,  6,     7,  2,     4,  6,     4,  9,  28921, 6.3e-5
    - 6 :   2, 10,  805,    8,  5,    15,  1,     4,  6,     4,  9,  32458, 6.2e-5
    - 7 :   2, 10,  813,    8,  5,    15,  1,     5,  5,     5,  8,  41883, 6.3e-5
    - 8 :   2, 10,  787,   10,  4,    14,  1,     7,  4,     4,  9,  61330, 6.1e-5
    - 9 :   2, 10,  819,   10,  4,    15,  1,     9,  3,     4,  9,  79903, 6.3e-5
    - 10:   3, 10,  812,   14,  3,    15,  1,     7,  4,     2, 20, 116959, 6.3e-5
    - 11:   3, 10,  839,   14,  3,    16,  1,    10,  3,     2, 20, 167255, 6.3e-5
    - 12:   3, 10,  800,   22,  2,    15,  1,    15,  2,     2, 20, 341909, 6.3e-5
    - 13:   3, 10,  823,   44,  1,    15,  1,    31,  1,     2, 20, 1313780, 6.3e-5
    # no solution starting from log norm2 = 14
