security level: 112
target p_error: 6.3e-5
per precision and log norm2:

  - 1: # bits
    -ln2:   k,  N,    n, br_l,br_b, ks_l,ks_b, cb_l,cb_b, pp_l,pp_b,  cost, p_error
    - 0 :   2, 10,  519,    2, 15,     3,  3,     1, 11,     1, 29,     89, 6.1e-5
    - 1 :   2, 10,  522,    2, 15,     3,  3,     1, 11,     1, 29,     89, 6.2e-5
    - 2 :   2, 10,  506,    2, 15,     5,  2,     1, 11,     1, 29,     91, 5.4e-5
    - 3 :   2, 10,  502,    3, 12,     5,  2,     1, 12,     1, 29,    111, 5.3e-5
    - 4 :   2, 10,  514,    3, 12,     5,  2,     1, 13,     2, 19,    138, 6.2e-5
    - 5 :   2, 10,  508,    4,  9,     5,  2,     1, 14,     2, 19,    157, 6.2e-5
    - 6 :   2, 10,  539,    5,  8,     6,  2,     1, 14,     2, 19,    188, 6.2e-5
    - 7 :   2, 10,  508,    3, 12,     5,  2,     2,  8,     1, 29,    216, 6.1e-5
    - 8 :   2, 10,  544,    3, 12,     6,  2,     2,  9,     2, 19,    278, 6.2e-5
    - 9 :   2, 10,  502,    4,  9,     5,  2,     2,  9,     2, 19,    303, 5.3e-5
    - 10:   2, 10,  504,    5,  8,     5,  2,     2, 10,     2, 19,    345, 5.3e-5
    - 11:   2, 10,  514,    6,  7,     5,  2,     2, 10,     2, 19,    392, 5.8e-5
    - 12:   2, 10,  553,    8,  5,     6,  2,     2, 10,     2, 19,    507, 6.2e-5
    - 13:   2, 10,  516,    6,  7,     5,  2,     3,  8,     2, 19,    585, 6.3e-5
    - 14:   2, 10,  516,    7,  6,    11,  1,     3,  8,     2, 19,    661, 6.0e-5
    - 15:   2, 10,  495,    7,  6,    10,  1,     4,  6,     2, 19,    844, 5.9e-5
    - 16:   2, 10,  498,    7,  6,    10,  1,     5,  5,     2, 19,   1055, 5.8e-5
    - 17:   2, 10,  510,    8,  5,    11,  1,     6,  5,     2, 19,   1413, 5.7e-5
    - 18:   2, 10,  530,    8,  5,    12,  1,     7,  4,     2, 19,   1699, 6.2e-5
    - 19:   2, 10,  523,   11,  4,    11,  1,     7,  4,     3, 14,   2297, 6.3e-5
    - 20:   2, 10,  508,   14,  3,    11,  1,    10,  3,     2, 19,   3584, 6.1e-5
    - 21:   2, 10,  508,   22,  2,    11,  1,    10,  3,     3, 14,   5491, 6.1e-5
    - 22:   2, 10,  560,   22,  2,    13,  1,    16,  2,     3, 14,   9557, 6.3e-5
    # no solution starting from log norm2 = 23

  - 2: # bits
    -ln2:   k,  N,    n, br_l,br_b, ks_l,ks_b, cb_l,cb_b, pp_l,pp_b,  cost, p_error
    - 0 :   2, 10,  589,    2, 15,     6,  2,     1, 11,     1, 29,    277, 6.2e-5
    - 1 :   2, 10,  554,    3, 12,     6,  2,     1, 12,     1, 29,    332, 6.0e-5
    - 2 :   2, 10,  532,    2, 15,     6,  2,     2,  7,     1, 29,    425, 5.9e-5
    - 3 :   2, 10,  551,    2, 15,     6,  2,     2,  7,     1, 29,    437, 6.2e-5
    - 4 :   2, 10,  535,    3, 12,     6,  2,     2,  8,     1, 29,    537, 5.4e-5
    - 5 :   2, 10,  606,    3, 12,     7,  2,     2,  8,     1, 29,    600, 6.3e-5
    - 6 :   2, 10,  533,    4,  9,     6,  2,     2,  9,     2, 19,    740, 5.0e-5
    - 7 :   2, 10,  556,    4,  9,     6,  2,     2,  9,     2, 19,    764, 5.9e-5
    - 8 :   2, 10,  572,    5,  8,     6,  2,     2, 10,     2, 19,    898, 6.1e-5
    - 9 :   2, 10,  549,    4,  9,     6,  2,     3,  7,     2, 19,   1069, 6.0e-5
    - 10:   2, 10,  552,    5,  8,     6,  2,     3,  7,     2, 19,   1231, 5.6e-5
    - 11:   2, 10,  531,    7,  6,    11,  1,     3,  8,     2, 19,   1521, 5.9e-5
    - 12:   2, 10,  563,    8,  5,    12,  1,     3,  8,     2, 19,   1762, 6.1e-5
    - 13:   2, 10,  569,    7,  6,    12,  1,     4,  6,     2, 19,   2074, 6.2e-5
    - 14:   2, 10,  544,    8,  5,    12,  1,     5,  5,     2, 19,   2689, 6.0e-5
    - 15:   2, 10,  532,    8,  5,    12,  1,     7,  4,     2, 19,   3600, 6.3e-5
    - 16:   2, 10,  535,   11,  4,    12,  1,     7,  4,     2, 19,   4603, 5.9e-5
    - 17:   2, 10,  561,   15,  3,    12,  1,     7,  4,     3, 14,   6511, 6.2e-5
    - 18:   2, 10,  555,   15,  3,    12,  1,    10,  3,     3, 14,   9042, 6.2e-5
    - 19:   2, 10,  556,   22,  2,    12,  1,    15,  2,     3, 14,  18326, 6.2e-5
    - 20:   2, 10,  552,   44,  1,    12,  1,    32,  1,     3, 14,  70580, 5.9e-5
    # no solution starting from log norm2 = 21

  - 3: # bits
    -ln2:   k,  N,    n, br_l,br_b, ks_l,ks_b, cb_l,cb_b, pp_l,pp_b,  cost, p_error
    - 0 :   2, 10,  573,    2, 15,     6,  2,     2,  7,     1, 29,    709, 5.8e-5
    - 1 :   2, 10,  568,    3, 12,     6,  2,     2,  8,     1, 29,    890, 5.6e-5
    - 2 :   2, 10,  579,    3, 12,     6,  2,     2,  8,     1, 29,    905, 5.5e-5
    - 3 :   2, 10,  600,    3, 12,     7,  2,     2,  8,     2, 19,   1083, 6.2e-5
    - 4 :   2, 10,  574,    4,  9,     6,  2,     2,  9,     2, 19,   1230, 5.8e-5
    - 5 :   2, 10,  576,    5,  8,     6,  2,     2, 10,     2, 19,   1423, 6.2e-5
    - 6 :   2, 10,  585,    6,  7,     6,  2,     2, 10,     2, 19,   1632, 5.7e-5
    - 7 :   2, 10,  573,    5,  8,     6,  2,     3,  7,     2, 19,   1969, 5.9e-5
    - 8 :   2, 10,  588,    6,  7,     6,  2,     3,  8,     2, 19,   2275, 6.1e-5
    - 9 :   2, 10,  584,    7,  6,    13,  1,     3,  8,     2, 19,   2574, 6.3e-5
    - 10:   2, 10,  614,    6,  7,    14,  1,     4,  6,     2, 19,   3071, 6.3e-5
    - 11:   2, 10,  568,    7,  6,    13,  1,     5,  5,     2, 19,   3892, 6.2e-5
    - 12:   2, 10,  629,    9,  5,    14,  1,     5,  5,     2, 19,   5117, 6.3e-5
    - 13:   2, 10,  594,    8,  5,    13,  1,     7,  4,     2, 19,   6025, 6.1e-5
    - 14:   2, 10,  606,   11,  4,    14,  1,     7,  4,     2, 19,   7848, 6.2e-5
    - 15:   2, 10,  577,   14,  3,    13,  1,    10,  3,     2, 19,  12730, 6.0e-5
    - 16:   2, 10,  578,   22,  2,    13,  1,    10,  3,     3, 14,  19539, 5.7e-5
    - 17:   2, 10,  603,   22,  2,    14,  1,    16,  2,     3, 14,  31741, 6.2e-5
    # no solution starting from log norm2 = 18

  - 4: # bits
    -ln2:   k,  N,    n, br_l,br_b, ks_l,ks_b, cb_l,cb_b, pp_l,pp_b,  cost, p_error
    - 0 :   2, 10,  570,    2, 15,     6,  2,     2,  7,     1, 29,   1347, 5.7e-5
    - 1 :   2, 10,  562,    3, 12,     6,  2,     2,  8,     1, 29,   1678, 5.2e-5
    - 2 :   2, 10,  581,    3, 12,     6,  2,     2,  8,     1, 29,   1725, 5.8e-5
    - 3 :   2, 10,  560,    4,  9,     6,  2,     2,  9,     2, 19,   2305, 6.3e-5
    - 4 :   2, 10,  572,    4,  9,     6,  2,     2,  9,     2, 19,   2343, 5.5e-5
    - 5 :   2, 10,  576,    5,  8,     6,  2,     2, 10,     2, 19,   2709, 6.1e-5
    - 6 :   2, 10,  594,    6,  7,     7,  2,     2, 10,     2, 19,   3155, 6.2e-5
    - 7 :   2, 10,  570,    5,  8,     6,  2,     3,  7,     2, 19,   3788, 5.8e-5
    - 8 :   2, 10,  607,    6,  7,     7,  2,     3,  8,     2, 19,   4514, 6.2e-5
    - 9 :   2, 10,  566,    8,  5,    12,  1,     3,  8,     2, 19,   5309, 6.3e-5
    - 10:   2, 10,  568,    7,  6,    12,  1,     4,  6,     2, 19,   6213, 5.6e-5
    - 11:   2, 10,  571,    7,  6,    13,  1,     5,  5,     2, 19,   7636, 6.1e-5
    - 12:   2, 10,  569,    7,  6,    13,  1,     7,  4,     2, 19,  10373, 6.0e-5
    - 13:   2, 10,  590,    9,  5,    13,  1,     7,  4,     2, 19,  12859, 6.3e-5
    - 14:   2, 10,  585,   14,  3,    13,  1,     7,  4,     2, 19,  18166, 6.0e-5
    - 15:   2, 10,  603,   14,  3,    14,  1,    10,  3,     2, 19,  26126, 6.2e-5
    - 16:   2, 10,  609,   22,  2,    14,  1,    10,  3,     3, 14,  40388, 6.2e-5
    - 17:   2, 10,  576,   44,  1,    13,  1,    16,  2,     3, 14, 111854, 5.8e-5
    # no solution starting from log norm2 = 18

  - 5: # bits
    -ln2:   k,  N,    n, br_l,br_b, ks_l,ks_b, cb_l,cb_b, pp_l,pp_b,  cost, p_error
    - 0 :   2, 10,  570,    2, 15,     6,  2,     2,  7,     1, 29,   1347, 5.7e-5
    - 1 :   2, 10,  562,    3, 12,     6,  2,     2,  8,     1, 29,   1678, 5.2e-5
    - 2 :   2, 10,  581,    3, 12,     6,  2,     2,  8,     1, 29,   1725, 5.8e-5
    - 3 :   2, 10,  560,    4,  9,     6,  2,     2,  9,     2, 19,   2305, 6.3e-5
    - 4 :   2, 10,  572,    4,  9,     6,  2,     2,  9,     2, 19,   2343, 5.5e-5
    - 5 :   2, 10,  576,    5,  8,     6,  2,     2, 10,     2, 19,   2709, 6.1e-5
    - 6 :   2, 10,  594,    6,  7,     7,  2,     2, 10,     2, 19,   3155, 6.2e-5
    - 7 :   2, 10,  570,    5,  8,     6,  2,     3,  7,     2, 19,   3788, 5.8e-5
    - 8 :   2, 10,  607,    6,  7,     7,  2,     3,  8,     2, 19,   4514, 6.2e-5
    - 9 :   2, 10,  566,    8,  5,    12,  1,     3,  8,     2, 19,   5309, 6.3e-5
    - 10:   2, 10,  568,    7,  6,    12,  1,     4,  6,     2, 19,   6213, 5.6e-5
    - 11:   2, 10,  571,    7,  6,    13,  1,     5,  5,     2, 19,   7636, 6.1e-5
    - 12:   2, 10,  569,    7,  6,    13,  1,     7,  4,     2, 19,  10373, 6.0e-5
    - 13:   2, 10,  590,    9,  5,    13,  1,     7,  4,     2, 19,  12859, 6.3e-5
    - 14:   2, 10,  585,   14,  3,    13,  1,     7,  4,     2, 19,  18166, 6.0e-5
    - 15:   2, 10,  603,   14,  3,    14,  1,    10,  3,     2, 19,  26126, 6.2e-5
    - 16:   2, 10,  609,   22,  2,    14,  1,    10,  3,     3, 14,  40388, 6.2e-5
    - 17:   2, 10,  576,   44,  1,    13,  1,    16,  2,     3, 14, 111854, 5.8e-5
    # no solution starting from log norm2 = 18

  - 6: # bits
    -ln2:   k,  N,    n, br_l,br_b, ks_l,ks_b, cb_l,cb_b, pp_l,pp_b,  cost, p_error
    - 0 :   2, 10,  573,    2, 15,     6,  2,     2,  7,     1, 29,   1611, 5.6e-5
    - 1 :   2, 10,  562,    3, 12,     6,  2,     2,  8,     1, 29,   2001, 6.2e-5
    - 2 :   2, 10,  588,    3, 12,     6,  2,     2,  8,     1, 29,   2078, 6.3e-5
    - 3 :   2, 10,  561,    4,  9,     6,  2,     2,  9,     2, 19,   2748, 5.5e-5
    - 4 :   2, 10,  575,    4,  9,     6,  2,     2,  9,     2, 19,   2800, 6.0e-5
    - 5 :   2, 10,  582,    5,  8,     6,  2,     2, 10,     2, 19,   3256, 5.8e-5
    - 6 :   2, 10,  619,    6,  7,     7,  2,     2, 10,     2, 19,   3894, 6.3e-5
    - 7 :   2, 10,  573,    5,  8,     6,  2,     3,  7,     2, 19,   4505, 5.8e-5
    - 8 :   2, 10,  567,    7,  6,     6,  2,     3,  8,     2, 19,   5631, 5.3e-5
    - 9 :   2, 10,  570,    8,  5,    13,  1,     3,  8,     2, 19,   6349, 6.3e-5
    - 10:   2, 10,  573,    7,  6,    12,  1,     4,  6,     2, 19,   7392, 6.3e-5
    - 11:   2, 10,  579,    7,  6,    13,  1,     5,  5,     2, 19,   9103, 6.1e-5
    - 12:   2, 10,  576,    7,  6,    13,  1,     7,  4,     2, 19,  12314, 5.9e-5
    - 13:   2, 10,  595,   10,  4,    13,  1,     7,  4,     2, 19,  16522, 6.3e-5
    - 14:   2, 10,  610,   14,  3,    14,  1,     7,  4,     2, 19,  22200, 6.2e-5
    - 15:   2, 10,  579,   14,  3,    13,  1,    10,  3,     3, 14,  31243, 5.9e-5
    - 16:   2, 10,  606,   22,  2,    14,  1,    11,  3,     3, 14,  51665, 6.3e-5
    - 17:   2, 10,  588,   44,  1,    13,  1,    16,  2,     3, 14, 133586, 6.1e-5
    # no solution starting from log norm2 = 18

  - 7: # bits
    -ln2:   k,  N,    n, br_l,br_b, ks_l,ks_b, cb_l,cb_b, pp_l,pp_b,  cost, p_error
    - 0 :   2, 10,  598,    2, 15,     6,  2,     2,  7,     1, 29,   1933, 6.3e-5
    - 1 :   2, 10,  573,    3, 12,     6,  2,     2,  8,     1, 29,   2362, 6.1e-5
    - 2 :   2, 10,  584,    3, 12,     6,  2,     2,  8,     2, 19,   2784, 6.1e-5
    - 3 :   2, 10,  571,    4,  9,     6,  2,     2,  9,     2, 19,   3231, 5.3e-5
    - 4 :   2, 10,  601,    4,  9,     7,  2,     2,  9,     2, 19,   3380, 6.1e-5
    - 5 :   2, 10,  576,    6,  7,     6,  2,     2, 10,     2, 19,   4245, 6.0e-5
    - 6 :   2, 10,  593,    4,  9,     7,  2,     3,  7,     2, 19,   4661, 6.0e-5
    - 7 :   2, 10,  595,    5,  8,     7,  2,     3,  7,     2, 19,   5381, 5.8e-5
    - 8 :   2, 10,  582,    7,  6,     6,  2,     3,  8,     2, 19,   6655, 5.9e-5
    - 9 :   2, 10,  577,    6,  7,    13,  1,     4,  6,     2, 19,   7718, 5.7e-5
    - 10:   2, 10,  586,    6,  7,    13,  1,     5,  5,     2, 19,   9504, 6.0e-5
    - 11:   2, 10,  588,    8,  5,    13,  1,     5,  5,     2, 19,  11701, 5.9e-5
    - 12:   2, 10,  573,    8,  5,    13,  1,     7,  4,     2, 19,  15526, 5.8e-5
    - 13:   2, 10,  576,   11,  4,    13,  1,     7,  4,     2, 19,  19916, 5.8e-5
    - 14:   2, 10,  587,   11,  4,    13,  1,    10,  3,     2, 19,  28211, 6.0e-5
    - 15:   2, 10,  618,   15,  3,    14,  1,    10,  3,     3, 14,  40057, 6.3e-5
    - 16:   2, 10,  610,   22,  2,    14,  1,    15,  2,     3, 14,  80190, 6.3e-5
    - 17:   2, 10,  606,   44,  1,    14,  1,    32,  1,     3, 14, 309282, 6.2e-5
    # no solution starting from log norm2 = 18

  - 8: # bits
    -ln2:   k,  N,    n, br_l,br_b, ks_l,ks_b, cb_l,cb_b, pp_l,pp_b,  cost, p_error
    - 0 :   2, 10,  602,    2, 15,     7,  2,     2,  7,     1, 29,   2234, 6.2e-5
    - 1 :   2, 10,  575,    3, 12,     6,  2,     2,  8,     1, 29,   2699, 5.2e-5
    - 2 :   2, 10,  588,    3, 12,     6,  2,     2,  8,     2, 19,   3182, 6.1e-5
    - 3 :   2, 10,  572,    4,  9,     6,  2,     2,  9,     2, 19,   3682, 5.1e-5
    - 4 :   2, 10,  615,    4,  9,     7,  2,     2,  9,     2, 19,   3916, 6.2e-5
    - 5 :   2, 10,  578,    6,  7,     6,  2,     2, 10,     2, 19,   4850, 5.9e-5
    - 6 :   2, 10,  600,    4,  9,     7,  2,     3,  7,     2, 19,   5335, 6.3e-5
    - 7 :   2, 10,  603,    5,  8,     7,  2,     3,  7,     2, 19,   6171, 6.1e-5
    - 8 :   2, 10,  585,    7,  6,     6,  2,     3,  8,     2, 19,   7589, 6.2e-5
    - 9 :   2, 10,  582,    6,  7,    13,  1,     4,  6,     2, 19,   8804, 5.8e-5
    - 10:   2, 10,  596,    6,  7,    13,  1,     5,  5,     2, 19,  10900, 6.3e-5
    - 11:   2, 10,  599,    8,  5,    13,  1,     5,  5,     2, 19,  13450, 6.2e-5
    - 12:   2, 10,  577,    8,  5,    13,  1,     7,  4,     2, 19,  17645, 5.6e-5
    - 13:   2, 10,  580,   11,  4,    13,  1,     7,  4,     2, 19,  22646, 6.3e-5
    - 14:   2, 10,  598,   11,  4,    13,  1,    10,  3,     2, 19,  32360, 6.3e-5
    - 15:   2, 10,  588,   21,  2,    13,  1,    10,  3,     3, 14,  57205, 6.0e-5
    - 16:   2, 10,  579,   22,  2,    13,  1,    16,  2,     3, 14,  91827, 6.2e-5
    - 17:   2, 10,  606,   45,  1,    14,  1,    33,  1,     3, 14, 366559, 6.3e-5
    # no solution starting from log norm2 = 18

  - 9: # bits
    -ln2:   k,  N,    n, br_l,br_b, ks_l,ks_b, cb_l,cb_b, pp_l,pp_b,  cost, p_error
    - 0 :   2, 10,  641,    2, 15,    15,  1,     2,  7,     1, 29,   3069, 6.3e-5
    - 1 :   2, 10,  577,    3, 12,     6,  2,     2,  8,     1, 29,   3278, 6.0e-5
    - 2 :   2, 10,  599,    3, 12,     6,  2,     2,  8,     2, 19,   3912, 6.1e-5
    - 3 :   2, 10,  573,    4,  9,     6,  2,     2,  9,     2, 19,   4469, 5.9e-5
    - 4 :   2, 10,  575,    5,  8,     6,  2,     2, 10,     2, 19,   5165, 6.0e-5
    - 5 :   2, 10,  582,    6,  7,     6,  2,     2, 10,     2, 19,   5907, 6.1e-5
    - 6 :   2, 10,  572,    5,  8,     6,  2,     3,  7,     2, 19,   7167, 6.1e-5
    - 7 :   2, 10,  585,    6,  7,     6,  2,     3,  8,     2, 19,   8253, 5.9e-5
    - 8 :   2, 10,  591,    7,  6,     7,  2,     3,  8,     2, 19,   9317, 6.1e-5
    - 9 :   2, 10,  598,    6,  7,    13,  1,     4,  6,     2, 19,  10942, 6.1e-5
    - 10:   2, 10,  617,    8,  5,    14,  1,     4,  6,     2, 19,  13830, 6.3e-5
    - 11:   2, 10,  603,    9,  5,    14,  1,     5,  5,     2, 19,  18018, 6.3e-5
    - 12:   2, 10,  586,    8,  5,    13,  1,     7,  4,     2, 19,  21775, 6.2e-5
    - 13:   2, 10,  594,   11,  4,    13,  1,     7,  4,     2, 19,  28161, 6.3e-5
    - 14:   2, 10,  602,   11,  4,    14,  1,    10,  3,     3, 14,  42351, 6.1e-5
    - 15:   2, 10,  575,   22,  2,    13,  1,    10,  3,     3, 14,  71135, 5.6e-5
    - 16:   2, 10,  592,   22,  2,    13,  1,    16,  2,     3, 14, 114283, 6.2e-5
    # no solution starting from log norm2 = 17

  - 10: # bits
    -ln2:   k,  N,    n, br_l,br_b, ks_l,ks_b, cb_l,cb_b, pp_l,pp_b,  cost, p_error
    - 0 :   2, 10,  616,    3, 12,     7,  2,     2,  8,     2, 19,   4115, 6.0e-5
    - 1 :   2, 10,  601,    4,  9,     7,  2,     2,  9,     2, 19,   4780, 6.0e-5
    - 2 :   2, 10,  655,    4,  9,     7,  2,     2,  9,     2, 19,   5114, 6.3e-5
    - 3 :   2, 10,  607,    6,  7,     7,  2,     2, 10,     2, 19,   6311, 6.3e-5
    - 4 :   2, 10,  635,    4,  9,     7,  2,     3,  7,     2, 19,   6891, 6.1e-5
    - 5 :   2, 10,  635,    5,  8,     7,  2,     3,  7,     2, 19,   7959, 6.3e-5
    - 6 :   2, 10,  614,    7,  6,     7,  2,     3,  8,     2, 19,   9813, 6.3e-5
    - 7 :   2, 10,  624,    6,  7,     7,  2,     4,  6,     2, 19,  11338, 6.3e-5
    - 8 :   2, 10,  620,    8,  5,    14,  1,     4,  6,     2, 19,  14111, 6.1e-5
    - 9 :   2, 10,  632,    8,  5,    14,  1,     5,  5,     2, 19,  17378, 6.3e-5
    - 10:   2, 10,  608,    8,  5,    14,  1,     7,  4,     2, 19,  22698, 5.9e-5
    - 11:   2, 10,  612,   11,  4,    14,  1,     7,  4,     2, 19,  29224, 5.9e-5
    - 12:   2, 10,  634,   11,  4,    15,  1,    10,  3,     2, 19,  41872, 6.3e-5
    - 13:   2, 10,  621,   21,  2,    14,  1,    10,  3,     3, 14,  73793, 6.0e-5
    - 14:   2, 10,  611,   22,  2,    14,  1,    16,  2,     3, 14, 118141, 6.1e-5
    # no solution starting from log norm2 = 15

  - 11: # bits
    -ln2:   k,  N,    n, br_l,br_b, ks_l,ks_b, cb_l,cb_b, pp_l,pp_b,  cost, p_error
    - 0 :   2, 10,  596,    3, 12,     6,  2,     2,  8,     1, 29,   4049, 5.9e-5
    - 1 :   2, 10,  575,    4,  9,     6,  2,     2,  9,     2, 19,   5378, 6.0e-5
    - 2 :   2, 10,  587,    4,  9,     6,  2,     2,  9,     2, 19,   5464, 5.7e-5
    - 3 :   2, 10,  592,    5,  8,     6,  2,     2, 10,     2, 19,   6350, 5.8e-5
    - 4 :   2, 10,  605,    6,  7,     7,  2,     2, 10,     2, 19,   7361, 6.1e-5
    - 5 :   2, 10,  585,    5,  8,     6,  2,     3,  7,     2, 19,   8721, 5.9e-5
    - 6 :   2, 10,  616,    6,  7,     7,  2,     3,  8,     2, 19,  10327, 6.2e-5
    - 7 :   2, 10,  579,    8,  5,    13,  1,     3,  8,     2, 19,  12277, 5.7e-5
    - 8 :   2, 10,  580,    7,  6,    13,  1,     4,  6,     2, 19,  14187, 5.5e-5
    - 9 :   2, 10,  584,    7,  6,    13,  1,     5,  5,     2, 19,  17318, 6.0e-5
    - 10:   2, 10,  582,    7,  6,    13,  1,     7,  4,     2, 19,  23354, 6.1e-5
    - 11:   2, 10,  601,    9,  5,    14,  1,     7,  4,     2, 19,  28934, 6.0e-5
    - 12:   2, 10,  596,   14,  3,    13,  1,     7,  4,     2, 19,  40922, 6.1e-5
    - 13:   2, 10,  609,   14,  3,    14,  1,    10,  3,     2, 19,  58032, 6.3e-5
    - 14:   2, 10,  613,   22,  2,    14,  1,    10,  3,     3, 14,  89453, 6.3e-5
    - 15:   2, 10,  588,   44,  1,    13,  1,    16,  2,     3, 14, 249787, 6.2e-5
    # no solution starting from log norm2 = 16

  - 12: # bits
    -ln2:   k,  N,    n, br_l,br_b, ks_l,ks_b, cb_l,cb_b, pp_l,pp_b,  cost, p_error
    - 0 :   2, 10,  600,    3, 12,     7,  2,     2,  8,     2, 19,   5120, 5.8e-5
    - 1 :   2, 10,  592,    4,  9,     6,  2,     2,  9,     2, 19,   5960, 5.6e-5
    - 2 :   2, 10,  615,    4,  9,     7,  2,     2,  9,     2, 19,   6172, 6.0e-5
    - 3 :   2, 10,  654,    5,  8,     8,  2,     2, 10,     2, 19,   7533, 6.3e-5
    - 4 :   2, 10,  609,    4,  9,     7,  2,     3,  7,     2, 19,   8473, 5.8e-5
    - 5 :   2, 10,  610,    5,  8,     7,  2,     3,  7,     2, 19,   9785, 5.9e-5
    - 6 :   2, 10,  599,    7,  6,     7,  2,     3,  8,     2, 19,  12200, 5.5e-5
    - 7 :   2, 10,  604,    6,  7,     7,  2,     4,  6,     2, 19,  14025, 6.1e-5
    - 8 :   2, 10,  642,    7,  6,    15,  1,     4,  6,     2, 19,  16757, 6.3e-5
    - 9 :   2, 10,  603,    8,  5,    13,  1,     5,  5,     2, 19,  21186, 6.3e-5
    - 10:   2, 10,  591,    8,  5,    13,  1,     7,  4,     2, 19,  28143, 5.7e-5
    - 11:   2, 10,  593,   11,  4,    13,  1,     7,  4,     2, 19,  36103, 6.1e-5
    - 12:   2, 10,  602,   11,  4,    14,  1,    10,  3,     2, 19,  50858, 6.1e-5
    - 13:   2, 10,  622,   15,  3,    14,  1,    10,  3,     3, 14,  70993, 6.3e-5
    - 14:   2, 10,  618,   22,  2,    14,  1,    15,  2,     3, 14, 142700, 6.2e-5
    - 15:   2, 10,  616,   44,  1,    14,  1,    32,  1,     3, 14, 551062, 6.2e-5
    # no solution starting from log norm2 = 16

  - 13: # bits
    -ln2:   k,  N,    n, br_l,br_b, ks_l,ks_b, cb_l,cb_b, pp_l,pp_b,  cost, p_error
    - 0 :   2, 10,  601,    3, 12,     7,  2,     2,  8,     2, 19,   5426, 6.3e-5
    - 1 :   2, 10,  592,    4,  9,     6,  2,     2,  9,     2, 19,   6303, 6.1e-5
    - 2 :   2, 10,  620,    4,  9,     7,  2,     2,  9,     2, 19,   6569, 6.1e-5
    - 3 :   2, 10,  595,    6,  7,     7,  2,     2, 10,     2, 19,   8315, 5.6e-5
    - 4 :   2, 10,  612,    4,  9,     7,  2,     3,  7,     2, 19,   9028, 6.1e-5
    - 5 :   2, 10,  613,    5,  8,     7,  2,     3,  7,     2, 19,  10422, 6.2e-5
    - 6 :   2, 10,  600,    7,  6,     7,  2,     3,  8,     2, 19,  12954, 5.9e-5
    - 7 :   2, 10,  596,    6,  7,    13,  1,     4,  6,     2, 19,  14959, 6.3e-5
    - 8 :   2, 10,  605,    6,  7,    14,  1,     5,  5,     2, 19,  18425, 6.3e-5
    - 9 :   2, 10,  606,    8,  5,    14,  1,     5,  5,     2, 19,  22675, 6.3e-5
    - 10:   2, 10,  592,    8,  5,    13,  1,     7,  4,     2, 19,  30046, 6.3e-5
    - 11:   2, 10,  595,   11,  4,    13,  1,     7,  4,     2, 19,  38592, 6.3e-5
    - 12:   2, 10,  606,   11,  4,    14,  1,    10,  3,     2, 19,  54599, 6.3e-5
    - 13:   2, 10,  648,   15,  3,    15,  1,    11,  3,     3, 14,  85909, 6.3e-5
    - 14:   2, 10,  632,   22,  2,    15,  1,    15,  2,     3, 14, 155608, 6.2e-5
    - 15:   2, 10,  629,   44,  1,    15,  1,    32,  1,     3, 14, 601373, 6.3e-5
    # no solution starting from log norm2 = 16

  - 14: # bits
    -ln2:   k,  N,    n, br_l,br_b, ks_l,ks_b, cb_l,cb_b, pp_l,pp_b,  cost, p_error
    - 0 :   2, 10,  605,    3, 12,     7,  2,     2,  8,     2, 19,   6247, 5.9e-5
    - 1 :   2, 10,  593,    4,  9,     6,  2,     2,  9,     2, 19,   7235, 6.1e-5
    - 2 :   2, 10,  637,    4,  9,     7,  2,     2,  9,     2, 19,   7693, 6.3e-5
    - 3 :   2, 10,  597,    6,  7,     7,  2,     2, 10,     2, 19,   9566, 5.4e-5
    - 4 :   2, 10,  621,    4,  9,     7,  2,     3,  7,     2, 19,  10434, 6.2e-5
    - 5 :   2, 10,  623,    5,  8,     7,  2,     3,  7,     2, 19,  12070, 6.0e-5
    - 6 :   2, 10,  603,    7,  6,     7,  2,     3,  8,     2, 19,  14878, 6.0e-5
    - 7 :   2, 10,  612,    6,  7,     7,  2,     4,  6,     2, 19,  17198, 6.2e-5
    - 8 :   2, 10,  618,    6,  7,    14,  1,     5,  5,     2, 19,  21368, 6.1e-5
    - 9 :   2, 10,  619,    8,  5,    14,  1,     5,  5,     2, 19,  26321, 6.1e-5
    - 10:   2, 10,  596,    8,  5,    14,  1,     7,  4,     2, 19,  34440, 6.2e-5
    - 11:   2, 10,  600,   11,  4,    14,  1,     7,  4,     2, 19,  44304, 6.0e-5
    - 12:   2, 10,  620,   11,  4,    14,  1,    10,  3,     2, 19,  63338, 6.1e-5
    - 13:   2, 10,  608,   21,  2,    14,  1,    10,  3,     3, 14, 111740, 6.1e-5
    - 14:   2, 10,  599,   22,  2,    14,  1,    16,  2,     3, 14, 179217, 6.2e-5
    - 15:   2, 10,  634,   45,  1,    15,  1,    33,  1,     3, 14, 723426, 6.3e-5
    # no solution starting from log norm2 = 16

  - 15: # bits
    -ln2:   k,  N,    n, br_l,br_b, ks_l,ks_b, cb_l,cb_b, pp_l,pp_b,  cost, p_error
    - 0 :   2, 10,  615,    4,  9,     7,  2,     2,  9,     2, 19,   7126, 5.8e-5
    - 1 :   2, 10,  635,    4,  9,     7,  2,     2,  9,     2, 19,   7307, 6.0e-5
    - 2 :   2, 10,  652,    5,  8,     7,  2,     2, 10,     2, 19,   8638, 6.3e-5
    - 3 :   2, 10,  631,    4,  9,     7,  2,     3,  7,     2, 19,  10024, 6.0e-5
    - 4 :   2, 10,  631,    5,  8,     7,  2,     3,  7,     2, 19,  11577, 6.1e-5
    - 5 :   2, 10,  623,    7,  6,     7,  2,     3,  8,     2, 19,  14526, 5.9e-5
    - 6 :   2, 10,  627,    6,  7,     7,  2,     4,  6,     2, 19,  16625, 6.2e-5
    - 7 :   2, 10,  639,    7,  6,    15,  1,     4,  6,     2, 19,  19196, 6.3e-5
    - 8 :   2, 10,  622,    8,  5,    14,  1,     5,  5,     2, 19,  25026, 6.3e-5
    - 9 :   2, 10,  614,    8,  5,    14,  1,     7,  4,     2, 19,  33377, 6.2e-5
    - 10:   2, 10,  616,   11,  4,    14,  1,     7,  4,     2, 19,  42867, 6.0e-5
    - 11:   2, 10,  662,   14,  3,    15,  1,     7,  4,     3, 14,  58497, 6.3e-5
    - 12:   2, 10,  634,   15,  3,    15,  1,    10,  3,     3, 14,  82761, 6.1e-5
    - 13:   2, 10,  632,   22,  2,    14,  1,    15,  2,     3, 14, 166739, 6.3e-5
    - 14:   2, 10,  631,   44,  1,    15,  1,    32,  1,     3, 14, 644951, 6.2e-5
    # no solution starting from log norm2 = 15

  - 16: # bits
    -ln2:   k,  N,    n, br_l,br_b, ks_l,ks_b, cb_l,cb_b, pp_l,pp_b,  cost, p_error
    - 0 :   2, 10,  668,    3, 12,    15,  1,     2,  8,     2, 19,   7536, 6.3e-5
    - 1 :   2, 10,  606,    4,  9,     7,  2,     2,  9,     2, 19,   7875, 5.8e-5
    - 2 :   2, 10,  609,    5,  8,     7,  2,     2, 10,     2, 19,   9130, 6.2e-5
    - 3 :   2, 10,  621,    6,  7,     7,  2,     2, 10,     2, 19,  10523, 6.1e-5
    - 4 :   2, 10,  605,    5,  8,     7,  2,     3,  7,     2, 19,  12537, 5.6e-5
    - 5 :   2, 10,  628,    6,  7,     7,  2,     3,  8,     2, 19,  14640, 6.2e-5
    - 6 :   2, 10,  636,    5,  8,    14,  1,     4,  6,     2, 19,  16948, 6.2e-5
    - 7 :   2, 10,  610,    7,  6,     7,  2,     4,  6,     2, 19,  20350, 5.9e-5
    - 8 :   2, 10,  604,    7,  6,    13,  1,     5,  5,     2, 19,  24784, 6.3e-5
    - 9 :   2, 10,  629,    8,  5,    15,  1,     6,  5,     2, 19,  33326, 6.2e-5
    - 10:   2, 10,  615,    9,  5,    14,  1,     7,  4,     2, 19,  41025, 6.0e-5
    - 11:   2, 10,  611,   14,  3,    14,  1,     7,  4,     2, 19,  58215, 6.0e-5
    - 12:   2, 10,  619,   14,  3,    14,  1,    10,  3,     2, 19,  81784, 6.2e-5
    - 13:   2, 10,  621,   22,  2,    14,  1,    10,  3,     3, 14, 125670, 6.2e-5
    - 14:   2, 10,  606,   44,  1,    14,  1,    16,  2,     3, 14, 356534, 6.3e-5
    # no solution starting from log norm2 = 15
