security level: 96
target p_error: 6.3e-5
per precision and log norm2:

  - 1: # bits
    -ln2:   k,  N,    n, br_l,br_b, ks_l,ks_b, cb_l,cb_b, pp_l,pp_b,  cost, p_error
    - 0 :   1, 10,  450,    4,  6,     4,  3,     1,  8,     2, 11,     66, 5.6e-5
    - 1 :   2, 10,  450,    2, 15,     3,  3,     1, 11,     1, 31,     80, 3.7e-6
    - 2 :   2, 10,  452,    2, 15,     3,  3,     1, 11,     1, 31,     81, 6.2e-5
    - 3 :   2, 10,  450,    3, 12,     3,  3,     1, 13,     1, 31,     99, 1.2e-5
    - 4 :   2, 10,  460,    3, 12,     4,  3,     1, 13,     1, 31,    102, 6.2e-5
    - 5 :   2, 10,  457,    4,  9,     3,  3,     1, 14,     2, 20,    143, 6.0e-5
    - 6 :   2, 10,  450,    5,  8,     5,  2,     1, 15,     2, 20,    163, 4.5e-5
    - 7 :   2, 10,  450,    3, 12,     3,  3,     2,  8,     1, 31,    193, 2.3e-5
    - 8 :   2, 10,  484,    3, 12,     6,  2,     2,  8,     1, 31,    210, 6.3e-5
    - 9 :   2, 10,  450,    4,  9,     3,  3,     2,  9,     2, 20,    278, 4.1e-5
    - 10:   2, 10,  450,    5,  8,     3,  3,     2, 10,     2, 20,    315, 5.2e-5
    - 11:   2, 10,  450,    6,  7,     4,  3,     2, 10,     2, 20,    353, 3.5e-5
    - 12:   2, 10,  450,    8,  5,     6,  2,     2, 11,     2, 20,    431, 4.5e-5
    - 13:   2, 10,  450,    6,  7,     4,  3,     3,  8,     2, 20,    527, 3.8e-5
    - 14:   2, 10,  450,    7,  6,     5,  2,     3,  8,     2, 20,    584, 1.6e-5
    - 15:   2, 10,  453,    6,  7,     6,  2,     4,  6,     2, 20,    707, 6.2e-5
    - 16:   2, 10,  462,    9,  5,    12,  1,     4,  6,     2, 20,    956, 6.3e-5
    - 17:   2, 10,  450,    8,  5,     4,  3,     6,  5,     2, 20,   1269, 5.7e-5
    - 18:   2, 10,  450,    8,  5,     5,  2,     7,  4,     2, 20,   1481, 3.2e-5
    - 19:   2, 10,  450,   11,  4,     5,  2,     7,  4,     2, 20,   1868, 3.9e-5
    - 20:   2, 10,  450,   11,  4,    11,  1,    10,  3,     2, 20,   2676, 5.0e-5
    - 21:   2, 10,  450,   22,  2,     5,  2,    10,  3,     2, 20,   4696, 1.5e-5
    - 22:   2, 10,  450,   22,  2,    11,  1,    16,  2,     2, 20,   7519, 4.8e-5
    # no solution starting from log norm2 = 23

  - 2: # bits
    -ln2:   k,  N,    n, br_l,br_b, ks_l,ks_b, cb_l,cb_b, pp_l,pp_b,  cost, p_error
    - 0 :   2, 10,  477,    2, 15,     6,  2,     1, 11,     1, 31,    234, 6.2e-5
    - 1 :   2, 10,  453,    3, 12,     6,  2,     1, 13,     1, 31,    280, 6.3e-5
    - 2 :   2, 10,  480,    4,  9,     6,  2,     1, 13,     1, 31,    353, 6.0e-5
    - 3 :   2, 10,  461,    2, 15,     6,  2,     2,  7,     1, 31,    381, 6.0e-5
    - 4 :   2, 10,  452,    3, 12,     5,  2,     2,  8,     1, 31,    465, 6.1e-5
    - 5 :   2, 10,  458,    3, 12,     6,  2,     2,  8,     1, 31,    473, 5.7e-5
    - 6 :   2, 10,  453,    3, 12,     5,  2,     3,  6,     1, 31,    655, 5.7e-5
    - 7 :   2, 10,  461,    3, 12,     6,  2,     3,  6,     1, 31,    667, 6.0e-5
    - 8 :   2, 10,  469,    5,  8,     6,  2,     2, 10,     2, 20,    771, 5.8e-5
    - 9 :   2, 10,  458,    4,  9,     6,  2,     3,  7,     2, 20,    939, 5.8e-5
    - 10:   2, 10,  462,    5,  8,     6,  2,     3,  7,     2, 20,   1078, 5.4e-5
    - 11:   2, 10,  452,    7,  6,     6,  2,     3,  8,     2, 20,   1320, 5.6e-5
    - 12:   2, 10,  459,    8,  5,    12,  1,     3,  8,     2, 20,   1490, 5.7e-5
    - 13:   2, 10,  466,    7,  6,    12,  1,     4,  6,     2, 20,   1768, 6.1e-5
    - 14:   2, 10,  481,    7,  6,    13,  1,     5,  5,     2, 20,   2220, 6.2e-5
    - 15:   2, 10,  466,    7,  6,    12,  1,     7,  4,     2, 20,   2950, 6.0e-5
    - 16:   2, 10,  450,   11,  4,    11,  1,     7,  4,     2, 20,   3976, 2.1e-5
    - 17:   2, 10,  479,   14,  3,    13,  1,     7,  4,     2, 20,   5080, 6.3e-5
    - 18:   2, 10,  477,   14,  3,    13,  1,    10,  3,     2, 20,   7086, 6.1e-5
    - 19:   2, 10,  464,   22,  2,    12,  1,    15,  2,     2, 20,  14931, 6.1e-5
    - 20:   2, 10,  480,   45,  1,    13,  1,    16,  2,     3, 15,  32105, 6.2e-5
    # no solution starting from log norm2 = 21

  - 3: # bits
    -ln2:   k,  N,    n, br_l,br_b, ks_l,ks_b, cb_l,cb_b, pp_l,pp_b,  cost, p_error
    - 0 :   2, 10,  482,    2, 15,     6,  2,     2,  7,     1, 31,    619, 5.3e-5
    - 1 :   2, 10,  544,    2, 15,     7,  2,     2,  7,     1, 31,    686, 6.3e-5
    - 2 :   2, 10,  481,    3, 12,     6,  2,     2,  8,     1, 31,    776, 5.3e-5
    - 3 :   2, 10,  511,    3, 12,     7,  2,     2,  8,     1, 31,    821, 5.9e-5
    - 4 :   2, 10,  482,    3, 12,     6,  2,     3,  6,     1, 31,   1074, 5.2e-5
    - 5 :   2, 10,  534,    3, 12,     7,  2,     3,  6,     1, 31,   1173, 6.2e-5
    - 6 :   2, 10,  500,    3, 12,     6,  2,     4,  5,     1, 31,   1412, 5.9e-5
    - 7 :   2, 10,  521,    4,  9,     7,  2,     3,  7,     2, 20,   1601, 6.2e-5
    - 8 :   2, 10,  543,    5,  8,    15,  1,     3,  7,     2, 20,   1946, 6.3e-5
    - 9 :   2, 10,  496,    7,  6,     6,  2,     3,  8,     2, 20,   2210, 6.1e-5
    - 10:   2, 10,  497,    6,  7,    13,  1,     4,  6,     2, 20,   2590, 6.1e-5
    - 11:   2, 10,  517,    8,  5,    14,  1,     4,  6,     2, 20,   3271, 6.2e-5
    - 12:   2, 10,  507,    9,  5,    14,  1,     5,  5,     2, 20,   4265, 6.2e-5
    - 13:   2, 10,  488,    8,  5,    13,  1,     7,  4,     2, 20,   5130, 5.9e-5
    - 14:   2, 10,  489,   11,  4,    13,  1,     7,  4,     2, 20,   6523, 5.7e-5
    - 15:   2, 10,  499,   11,  4,    13,  1,    10,  3,     2, 20,   9240, 6.0e-5
    - 16:   2, 10,  484,   22,  2,    13,  1,    10,  3,     2, 20,  15993, 5.9e-5
    - 17:   2, 10,  498,   22,  2,    13,  1,    16,  2,     2, 20,  25659, 6.0e-5
    # no solution starting from log norm2 = 18

  - 4: # bits
    -ln2:   k,  N,    n, br_l,br_b, ks_l,ks_b, cb_l,cb_b, pp_l,pp_b,  cost, p_error
    - 0 :   2, 10,  490,    2, 15,     6,  2,     2,  7,     1, 31,   1198, 6.2e-5
    - 1 :   2, 10,  478,    3, 12,     6,  2,     2,  8,     1, 31,   1470, 5.7e-5
    - 2 :   2, 10,  488,    3, 12,     6,  2,     2,  8,     1, 31,   1495, 5.4e-5
    - 3 :   2, 10,  513,    4,  9,     7,  2,     2,  9,     1, 31,   1884, 6.1e-5
    - 4 :   2, 10,  493,    4,  9,     6,  2,     2,  9,     2, 20,   2099, 5.7e-5
    - 5 :   2, 10,  497,    5,  8,     6,  2,     2, 10,     2, 20,   2417, 5.9e-5
    - 6 :   2, 10,  532,    6,  7,     7,  2,     2, 10,     2, 20,   2886, 6.3e-5
    - 7 :   2, 10,  491,    5,  8,     6,  2,     3,  7,     2, 20,   3383, 5.5e-5
    - 8 :   2, 10,  483,    7,  6,     6,  2,     3,  8,     2, 20,   4174, 6.1e-5
    - 9 :   2, 10,  485,    8,  5,    13,  1,     3,  8,     2, 20,   4685, 5.9e-5
    - 10:   2, 10,  489,    7,  6,    13,  1,     4,  6,     2, 20,   5521, 5.6e-5
    - 11:   2, 10,  495,    7,  6,    13,  1,     5,  5,     2, 20,   6812, 6.0e-5
    - 12:   2, 10,  489,    7,  6,    13,  1,     7,  4,     2, 20,   9199, 6.1e-5
    - 13:   2, 10,  518,    9,  5,    14,  1,     7,  4,     2, 20,  11549, 6.3e-5
    - 14:   2, 10,  494,   14,  3,    13,  1,     7,  4,     2, 20,  15655, 6.3e-5
    - 15:   2, 10,  494,   14,  3,    13,  1,    10,  3,     2, 20,  21914, 6.1e-5
    - 16:   2, 10,  509,   22,  2,    14,  1,    11,  3,     3, 15,  37754, 6.3e-5
    - 17:   2, 10,  499,   44,  1,    13,  1,    16,  2,     3, 15,  97827, 6.3e-5
    # no solution starting from log norm2 = 18

  - 5: # bits
    -ln2:   k,  N,    n, br_l,br_b, ks_l,ks_b, cb_l,cb_b, pp_l,pp_b,  cost, p_error
    - 0 :   2, 10,  490,    2, 15,     6,  2,     2,  7,     1, 31,   1198, 6.2e-5
    - 1 :   2, 10,  478,    3, 12,     6,  2,     2,  8,     1, 31,   1470, 5.7e-5
    - 2 :   2, 10,  488,    3, 12,     6,  2,     2,  8,     1, 31,   1495, 5.4e-5
    - 3 :   2, 10,  513,    4,  9,     7,  2,     2,  9,     1, 31,   1884, 6.1e-5
    - 4 :   2, 10,  493,    4,  9,     6,  2,     2,  9,     2, 20,   2099, 5.7e-5
    - 5 :   2, 10,  497,    5,  8,     6,  2,     2, 10,     2, 20,   2417, 5.9e-5
    - 6 :   2, 10,  532,    6,  7,     7,  2,     2, 10,     2, 20,   2886, 6.3e-5
    - 7 :   2, 10,  491,    5,  8,     6,  2,     3,  7,     2, 20,   3383, 5.5e-5
    - 8 :   2, 10,  483,    7,  6,     6,  2,     3,  8,     2, 20,   4174, 6.1e-5
    - 9 :   2, 10,  485,    8,  5,    13,  1,     3,  8,     2, 20,   4685, 5.9e-5
    - 10:   2, 10,  489,    7,  6,    13,  1,     4,  6,     2, 20,   5521, 5.6e-5
    - 11:   2, 10,  495,    7,  6,    13,  1,     5,  5,     2, 20,   6812, 6.0e-5
    - 12:   2, 10,  489,    7,  6,    13,  1,     7,  4,     2, 20,   9199, 6.1e-5
    - 13:   2, 10,  518,    9,  5,    14,  1,     7,  4,     2, 20,  11549, 6.3e-5
    - 14:   2, 10,  494,   14,  3,    13,  1,     7,  4,     2, 20,  15655, 6.3e-5
    - 15:   2, 10,  494,   14,  3,    13,  1,    10,  3,     2, 20,  21914, 6.1e-5
    - 16:   2, 10,  509,   22,  2,    14,  1,    11,  3,     3, 15,  37754, 6.3e-5
    - 17:   2, 10,  499,   44,  1,    13,  1,    16,  2,     3, 15,  97827, 6.3e-5
    # no solution starting from log norm2 = 18

  - 6: # bits
    -ln2:   k,  N,    n, br_l,br_b, ks_l,ks_b, cb_l,cb_b, pp_l,pp_b,  cost, p_error
    - 0 :   2, 10,  494,    2, 15,     6,  2,     2,  7,     1, 31,   1435, 6.1e-5
    - 1 :   2, 10,  479,    3, 12,     6,  2,     2,  8,     1, 31,   1755, 4.8e-5
    - 2 :   2, 10,  490,    3, 12,     6,  2,     2,  8,     1, 31,   1788, 6.3e-5
    - 3 :   2, 10,  546,    4,  9,     7,  2,     2,  9,     1, 31,   2372, 6.3e-5
    - 4 :   2, 10,  494,    3, 12,     6,  2,     3,  6,     1, 31,   2506, 5.9e-5
    - 5 :   2, 10,  501,    5,  8,     7,  2,     2, 10,     2, 20,   2910, 6.1e-5
    - 6 :   2, 10,  492,    4,  9,     6,  2,     3,  7,     2, 20,   3507, 5.6e-5
    - 7 :   2, 10,  495,    5,  8,     6,  2,     3,  7,     2, 20,   4029, 5.7e-5
    - 8 :   2, 10,  485,    7,  6,     6,  2,     3,  8,     2, 20,   4963, 5.7e-5
    - 9 :   2, 10,  491,    8,  5,    13,  1,     3,  8,     2, 20,   5610, 5.8e-5
    - 10:   2, 10,  496,    7,  6,    13,  1,     4,  6,     2, 20,   6594, 6.3e-5
    - 11:   2, 10,  510,    7,  6,    13,  1,     5,  5,     2, 20,   8219, 6.3e-5
    - 12:   2, 10,  498,    7,  6,    13,  1,     7,  4,     2, 20,  10966, 6.1e-5
    - 13:   2, 10,  477,   11,  4,    13,  1,     7,  4,     2, 20,  14751, 5.5e-5
    - 14:   2, 10,  508,   14,  3,    14,  1,     7,  4,     2, 20,  18883, 6.1e-5
    - 15:   2, 10,  508,   14,  3,    14,  1,    10,  3,     2, 20,  26364, 6.1e-5
    - 16:   2, 10,  494,   22,  2,    13,  1,    15,  2,     2, 20,  55556, 6.2e-5
    - 17:   2, 10,  511,   45,  1,    14,  1,    16,  2,     3, 15, 119597, 6.2e-5
    # no solution starting from log norm2 = 18

  - 7: # bits
    -ln2:   k,  N,    n, br_l,br_b, ks_l,ks_b, cb_l,cb_b, pp_l,pp_b,  cost, p_error
    - 0 :   2, 10,  499,    2, 15,     6,  2,     2,  7,     1, 31,   1677, 6.1e-5
    - 1 :   2, 10,  479,    3, 12,     6,  2,     2,  8,     1, 31,   2038, 5.5e-5
    - 2 :   2, 10,  494,    3, 12,     6,  2,     2,  8,     1, 31,   2090, 5.8e-5
    - 3 :   2, 10,  480,    3, 12,     6,  2,     3,  6,     1, 31,   2831, 4.8e-5
    - 4 :   2, 10,  499,    3, 12,     6,  2,     3,  6,     1, 31,   2920, 5.9e-5
    - 5 :   2, 10,  510,    5,  8,     7,  2,     2, 10,     2, 20,   3424, 6.2e-5
    - 6 :   2, 10,  496,    4,  9,     6,  2,     3,  7,     2, 20,   4072, 5.7e-5
    - 7 :   2, 10,  500,    5,  8,     6,  2,     3,  7,     2, 20,   4691, 6.0e-5
    - 8 :   2, 10,  487,    7,  6,     6,  2,     3,  8,     2, 20,   5757, 5.5e-5
    - 9 :   2, 10,  499,    8,  5,    13,  1,     3,  8,     2, 20,   6574, 6.1e-5
    - 10:   2, 10,  510,    7,  6,    13,  1,     4,  6,     2, 20,   7775, 6.3e-5
    - 11:   2, 10,  490,    8,  5,    13,  1,     5,  5,     2, 20,  10072, 5.7e-5
    - 12:   2, 10,  516,    7,  6,    14,  1,     7,  4,     2, 20,  12975, 6.2e-5
    - 13:   2, 10,  479,   11,  4,    13,  1,     7,  4,     2, 20,  17017, 5.4e-5
    - 14:   2, 10,  507,   15,  3,    13,  1,     7,  4,     2, 20,  22928, 6.3e-5
    - 15:   2, 10,  499,   15,  3,    13,  1,    10,  3,     2, 20,  31518, 6.2e-5
    - 16:   2, 10,  505,   22,  2,    13,  1,    15,  2,     2, 20,  64980, 6.3e-5
    - 17:   2, 10,  505,   44,  1,    14,  1,    32,  1,     2, 20, 254667, 6.2e-5
    # no solution starting from log norm2 = 18

  - 8: # bits
    -ln2:   k,  N,    n, br_l,br_b, ks_l,ks_b, cb_l,cb_b, pp_l,pp_b,  cost, p_error
    - 0 :   2, 10,  506,    2, 15,     6,  2,     2,  7,     1, 31,   1929, 6.0e-5
    - 1 :   2, 10,  479,    3, 12,     6,  2,     2,  8,     1, 31,   2321, 6.2e-5
    - 2 :   2, 10,  498,    3, 12,     6,  2,     2,  8,     1, 31,   2396, 5.8e-5
    - 3 :   2, 10,  480,    3, 12,     6,  2,     3,  6,     1, 31,   3213, 5.6e-5
    - 4 :   2, 10,  501,    3, 12,     7,  2,     3,  6,     1, 31,   3343, 6.3e-5
    - 5 :   2, 10,  532,    5,  8,     7,  2,     2, 10,     2, 20,   4028, 6.3e-5
    - 6 :   2, 10,  498,    4,  9,     7,  2,     3,  7,     2, 20,   4649, 6.0e-5
    - 7 :   2, 10,  503,    5,  8,     7,  2,     3,  7,     2, 20,   5363, 5.9e-5
    - 8 :   2, 10,  489,    7,  6,     6,  2,     3,  8,     2, 20,   6557, 5.5e-5
    - 9 :   2, 10,  484,    6,  7,    13,  1,     4,  6,     2, 20,   7613, 6.2e-5
    - 10:   2, 10,  491,    6,  7,    13,  1,     5,  5,     2, 20,   9362, 6.0e-5
    - 11:   2, 10,  496,    8,  5,    13,  1,     5,  5,     2, 20,  11510, 5.8e-5
    - 12:   2, 10,  480,    8,  5,    13,  1,     7,  4,     2, 20,  15189, 6.2e-5
    - 13:   2, 10,  481,   11,  4,    13,  1,     7,  4,     2, 20,  19298, 5.5e-5
    - 14:   2, 10,  485,   11,  4,    13,  1,    10,  3,     2, 20,  27064, 5.8e-5
    - 15:   2, 10,  514,   15,  3,    14,  1,    10,  3,     2, 20,  36537, 6.3e-5
    - 16:   2, 10,  485,   22,  2,    13,  1,    16,  2,     2, 20,  75148, 5.5e-5
    - 17:   2, 10,  503,   44,  1,    14,  1,    32,  1,     3, 15, 292684, 6.3e-5
    # no solution starting from log norm2 = 18

  - 9: # bits
    -ln2:   k,  N,    n, br_l,br_b, ks_l,ks_b, cb_l,cb_b, pp_l,pp_b,  cost, p_error
    - 0 :   2, 10,  528,    4,  9,     7,  2,     2,  9,     1, 31,   3426, 6.3e-5
    - 1 :   2, 10,  521,    3, 12,     7,  2,     3,  6,     1, 31,   3860, 5.6e-5
    - 2 :   2, 10,  524,    5,  8,     7,  2,     2, 10,     2, 20,   4464, 5.5e-5
    - 3 :   2, 10,  531,    6,  7,     7,  2,     2, 10,     2, 20,   5099, 6.2e-5
    - 4 :   2, 10,  521,    5,  8,     7,  2,     3,  7,     2, 20,   6162, 5.9e-5
    - 5 :   2, 10,  533,    6,  7,     7,  2,     3,  8,     2, 20,   7080, 6.3e-5
    - 6 :   2, 10,  544,    7,  6,     7,  2,     3,  8,     2, 20,   8022, 6.2e-5
    - 7 :   2, 10,  524,    7,  6,     7,  2,     4,  6,     2, 20,   9935, 6.3e-5
    - 8 :   2, 10,  518,    7,  6,    14,  1,     5,  5,     2, 20,  12121, 5.6e-5
    - 9 :   2, 10,  527,    8,  5,    14,  1,     6,  5,     2, 20,  15903, 6.1e-5
    - 10:   2, 10,  541,    8,  5,    15,  1,     7,  4,     2, 20,  18701, 6.2e-5
    - 11:   2, 10,  541,   11,  4,    15,  1,     7,  4,     2, 20,  23826, 6.2e-5
    - 12:   2, 10,  517,   14,  3,    14,  1,    10,  3,     2, 20,  38648, 6.3e-5
    - 13:   2, 10,  530,   22,  2,    14,  1,    10,  3,     2, 20,  58107, 6.2e-5
    - 14:   2, 10,  530,   43,  1,    14,  1,    16,  2,     2, 20, 166952, 6.3e-5
    # no solution starting from log norm2 = 15

  - 10: # bits
    -ln2:   k,  N,    n, br_l,br_b, ks_l,ks_b, cb_l,cb_b, pp_l,pp_b,  cost, p_error
    - 0 :   2, 10,  531,    4,  9,     7,  2,     2,  9,     1, 31,   3818, 5.8e-5
    - 1 :   2, 10,  522,    3, 12,     7,  2,     3,  6,     1, 31,   4277, 5.5e-5
    - 2 :   2, 10,  525,    5,  8,     7,  2,     2, 10,     2, 20,   4955, 5.8e-5
    - 3 :   2, 10,  534,    6,  7,     7,  2,     2, 10,     2, 20,   5679, 6.3e-5
    - 4 :   2, 10,  522,    5,  8,     7,  2,     3,  7,     2, 20,   6826, 5.8e-5
    - 5 :   2, 10,  537,    6,  7,     7,  2,     3,  8,     2, 20,   7879, 6.3e-5
    - 6 :   2, 10,  541,    7,  6,    15,  1,     3,  8,     2, 20,   9022, 6.2e-5
    - 7 :   2, 10,  526,    7,  6,     7,  2,     4,  6,     2, 20,  11012, 5.9e-5
    - 8 :   2, 10,  519,    7,  6,    14,  1,     5,  5,     2, 20,  13403, 6.2e-5
    - 9 :   2, 10,  532,    8,  5,    14,  1,     6,  5,     2, 20,  17686, 6.2e-5
    - 10:   2, 10,  525,    9,  5,    14,  1,     7,  4,     2, 20,  21936, 6.0e-5
    - 11:   2, 10,  563,   11,  4,    16,  1,     7,  4,     2, 20,  27230, 6.3e-5
    - 12:   2, 10,  519,   14,  3,    14,  1,    10,  3,     2, 20,  42751, 6.2e-5
    - 13:   2, 10,  536,   22,  2,    15,  1,    10,  3,     2, 20,  64754, 6.1e-5
    - 14:   2, 10,  536,   43,  1,    15,  1,    16,  2,     2, 20, 185942, 6.3e-5
    # no solution starting from log norm2 = 15

  - 11: # bits
    -ln2:   k,  N,    n, br_l,br_b, ks_l,ks_b, cb_l,cb_b, pp_l,pp_b,  cost, p_error
    - 0 :   2, 10,  533,    4,  9,     7,  2,     2,  9,     1, 31,   4207, 6.1e-5
    - 1 :   2, 10,  523,    3, 12,     7,  2,     3,  6,     1, 31,   4696, 5.4e-5
    - 2 :   2, 10,  526,    5,  8,     7,  2,     2, 10,     2, 20,   5448, 6.1e-5
    - 3 :   2, 10,  538,    6,  7,     7,  2,     2, 10,     2, 20,   6274, 6.2e-5
    - 4 :   2, 10,  523,    5,  8,     7,  2,     3,  7,     2, 20,   7491, 5.7e-5
    - 5 :   2, 10,  542,    6,  7,     7,  2,     3,  8,     2, 20,   8700, 6.3e-5
    - 6 :   2, 10,  547,    5,  8,    15,  1,     4,  6,     2, 20,  10096, 6.3e-5
    - 7 :   2, 10,  518,    7,  6,    14,  1,     4,  6,     2, 20,  12082, 6.3e-5
    - 8 :   2, 10,  521,    7,  6,    14,  1,     5,  5,     2, 20,  14713, 6.3e-5
    - 9 :   2, 10,  538,    8,  5,    15,  1,     6,  5,     2, 20,  19551, 6.2e-5
    - 10:   2, 10,  528,    9,  5,    14,  1,     7,  4,     2, 20,  24102, 6.3e-5
    - 11:   2, 10,  521,   14,  3,    14,  1,     7,  4,     2, 20,  33773, 6.1e-5
    - 12:   2, 10,  521,   14,  3,    14,  1,    10,  3,     2, 20,  46881, 6.2e-5
    - 13:   2, 10,  545,   22,  2,    15,  1,    10,  3,     2, 20,  71869, 6.2e-5
    - 14:   2, 10,  529,   44,  1,    14,  1,    16,  2,     2, 20, 204913, 6.0e-5
    # no solution starting from log norm2 = 15

  - 12: # bits
    -ln2:   k,  N,    n, br_l,br_b, ks_l,ks_b, cb_l,cb_b, pp_l,pp_b,  cost, p_error
    - 0 :   2, 10,  544,    4,  9,     7,  2,     2,  9,     1, 31,   5327, 6.0e-5
    - 1 :   2, 10,  525,    3, 12,     7,  2,     3,  6,     1, 31,   5869, 6.3e-5
    - 2 :   2, 10,  531,    5,  8,     7,  2,     2, 10,     2, 20,   6831, 6.2e-5
    - 3 :   2, 10,  558,    6,  7,     8,  2,     2, 10,     2, 20,   8076, 6.2e-5
    - 4 :   2, 10,  526,    5,  8,     7,  2,     3,  7,     2, 20,   9376, 5.9e-5
    - 5 :   2, 10,  521,    7,  6,     7,  2,     3,  8,     2, 20,  11700, 5.3e-5
    - 6 :   2, 10,  531,    8,  5,     7,  2,     3,  8,     2, 20,  13103, 5.9e-5
    - 7 :   2, 10,  533,    7,  6,     7,  2,     4,  6,     2, 20,  15196, 6.2e-5
    - 8 :   2, 10,  529,    7,  6,    14,  1,     5,  5,     2, 20,  18578, 6.2e-5
    - 9 :   2, 10,  525,    7,  6,    14,  1,     7,  4,     2, 20,  24940, 6.3e-5
    - 10:   2, 10,  546,    9,  5,    15,  1,     7,  4,     2, 20,  30963, 6.3e-5
    - 11:   2, 10,  529,   14,  3,    14,  1,     7,  4,     2, 20,  42710, 6.0e-5
    - 12:   2, 10,  529,   14,  3,    14,  1,    10,  3,     2, 20,  59315, 6.3e-5
    - 13:   2, 10,  559,   22,  2,    15,  1,    11,  3,     2, 20, 100392, 6.3e-5
    - 14:   2, 10,  533,   44,  1,    15,  1,    16,  2,     3, 15, 263549, 6.3e-5
    # no solution starting from log norm2 = 15

  - 13: # bits
    -ln2:   k,  N,    n, br_l,br_b, ks_l,ks_b, cb_l,cb_b, pp_l,pp_b,  cost, p_error
    - 0 :   2, 10,  549,    4,  9,     7,  2,     2,  9,     1, 31,   5758, 6.2e-5
    - 1 :   2, 10,  526,    3, 12,     7,  2,     3,  6,     1, 31,   6294, 6.3e-5
    - 2 :   2, 10,  533,    5,  8,     7,  2,     2, 10,     2, 20,   7343, 6.2e-5
    - 3 :   2, 10,  526,    4,  9,     7,  2,     3,  7,     2, 20,   8742, 5.6e-5
    - 4 :   2, 10,  527,    5,  8,     7,  2,     3,  7,     2, 20,  10051, 6.0e-5
    - 5 :   2, 10,  521,    7,  6,     7,  2,     3,  8,     2, 20,  12527, 5.9e-5
    - 6 :   2, 10,  533,    8,  5,     7,  2,     3,  8,     2, 20,  14074, 5.9e-5
    - 7 :   2, 10,  526,    7,  6,    14,  1,     4,  6,     2, 20,  16315, 6.2e-5
    - 8 :   2, 10,  533,    7,  6,    14,  1,     5,  5,     2, 20,  19986, 6.1e-5
    - 9 :   2, 10,  528,    7,  6,    14,  1,     7,  4,     2, 20,  26774, 6.1e-5
    - 10:   2, 10,  563,   11,  4,    16,  1,     6,  5,     2, 20,  34588, 6.3e-5
    - 11:   2, 10,  532,   14,  3,    14,  1,     7,  4,     2, 20,  45876, 6.2e-5
    - 12:   2, 10,  533,   14,  3,    14,  1,    10,  3,     2, 20,  63782, 6.2e-5
    - 13:   2, 10,  554,   22,  2,    15,  1,    11,  3,     3, 15, 110575, 6.3e-5
    - 14:   2, 10,  538,   44,  1,    15,  1,    16,  2,     3, 15, 283857, 6.3e-5
    # no solution starting from log norm2 = 15

  - 14: # bits
    -ln2:   k,  N,    n, br_l,br_b, ks_l,ks_b, cb_l,cb_b, pp_l,pp_b,  cost, p_error
    - 0 :   2, 10,  549,    4,  9,     7,  2,     2,  9,     1, 31,   5758, 6.2e-5
    - 1 :   2, 10,  526,    3, 12,     7,  2,     3,  6,     1, 31,   6294, 6.3e-5
    - 2 :   2, 10,  533,    5,  8,     7,  2,     2, 10,     2, 20,   7343, 6.2e-5
    - 3 :   2, 10,  526,    4,  9,     7,  2,     3,  7,     2, 20,   8742, 5.6e-5
    - 4 :   2, 10,  527,    5,  8,     7,  2,     3,  7,     2, 20,  10051, 6.0e-5
    - 5 :   2, 10,  521,    7,  6,     7,  2,     3,  8,     2, 20,  12527, 5.9e-5
    - 6 :   2, 10,  533,    8,  5,     7,  2,     3,  8,     2, 20,  14074, 5.9e-5
    - 7 :   2, 10,  526,    7,  6,    14,  1,     4,  6,     2, 20,  16315, 6.2e-5
    - 8 :   2, 10,  533,    7,  6,    14,  1,     5,  5,     2, 20,  19986, 6.1e-5
    - 9 :   2, 10,  528,    7,  6,    14,  1,     7,  4,     2, 20,  26774, 6.1e-5
    - 10:   2, 10,  563,   11,  4,    16,  1,     6,  5,     2, 20,  34588, 6.3e-5
    - 11:   2, 10,  532,   14,  3,    14,  1,     7,  4,     2, 20,  45876, 6.2e-5
    - 12:   2, 10,  533,   14,  3,    14,  1,    10,  3,     2, 20,  63782, 6.2e-5
    - 13:   2, 10,  554,   22,  2,    15,  1,    11,  3,     3, 15, 110575, 6.3e-5
    - 14:   2, 10,  538,   44,  1,    15,  1,    16,  2,     3, 15, 283857, 6.3e-5
    # no solution starting from log norm2 = 15

  - 15: # bits
    -ln2:   k,  N,    n, br_l,br_b, ks_l,ks_b, cb_l,cb_b, pp_l,pp_b,  cost, p_error
    - 0 :   2, 10,  549,    4,  9,     7,  2,     2,  9,     1, 31,   5758, 6.2e-5
    - 1 :   2, 10,  526,    3, 12,     7,  2,     3,  6,     1, 31,   6294, 6.3e-5
    - 2 :   2, 10,  533,    5,  8,     7,  2,     2, 10,     2, 20,   7343, 6.2e-5
    - 3 :   2, 10,  526,    4,  9,     7,  2,     3,  7,     2, 20,   8742, 5.6e-5
    - 4 :   2, 10,  527,    5,  8,     7,  2,     3,  7,     2, 20,  10051, 6.0e-5
    - 5 :   2, 10,  521,    7,  6,     7,  2,     3,  8,     2, 20,  12527, 5.9e-5
    - 6 :   2, 10,  533,    8,  5,     7,  2,     3,  8,     2, 20,  14074, 5.9e-5
    - 7 :   2, 10,  526,    7,  6,    14,  1,     4,  6,     2, 20,  16315, 6.2e-5
    - 8 :   2, 10,  533,    7,  6,    14,  1,     5,  5,     2, 20,  19986, 6.1e-5
    - 9 :   2, 10,  528,    7,  6,    14,  1,     7,  4,     2, 20,  26774, 6.1e-5
    - 10:   2, 10,  563,   11,  4,    16,  1,     6,  5,     2, 20,  34588, 6.3e-5
    - 11:   2, 10,  532,   14,  3,    14,  1,     7,  4,     2, 20,  45876, 6.2e-5
    - 12:   2, 10,  533,   14,  3,    14,  1,    10,  3,     2, 20,  63782, 6.2e-5
    - 13:   2, 10,  554,   22,  2,    15,  1,    11,  3,     3, 15, 110575, 6.3e-5
    - 14:   2, 10,  538,   44,  1,    15,  1,    16,  2,     3, 15, 283857, 6.3e-5
    # no solution starting from log norm2 = 15

  - 16: # bits
    -ln2:   k,  N,    n, br_l,br_b, ks_l,ks_b, cb_l,cb_b, pp_l,pp_b,  cost, p_error
    - 0 :   2, 10,  564,    4,  9,     8,  2,     2,  9,     1, 31,   6626, 6.2e-5
    - 1 :   2, 10,  529,    3, 12,     7,  2,     3,  6,     1, 31,   7087, 5.8e-5
    - 2 :   2, 10,  538,    5,  8,     7,  2,     2, 10,     2, 20,   8269, 6.2e-5
    - 3 :   2, 10,  528,    4,  9,     7,  2,     3,  7,     2, 20,   9824, 5.8e-5
    - 4 :   2, 10,  530,    5,  8,     7,  2,     3,  7,     2, 20,  11308, 5.7e-5
    - 5 :   2, 10,  522,    7,  6,     7,  2,     3,  8,     2, 20,  14046, 6.0e-5
    - 6 :   2, 10,  538,    8,  5,     7,  2,     3,  8,     2, 20,  15874, 5.9e-5
    - 7 :   2, 10,  532,    7,  6,    14,  1,     4,  6,     2, 20,  18457, 6.0e-5
    - 8 :   2, 10,  542,    7,  6,    15,  1,     5,  5,     2, 20,  22764, 6.2e-5
    - 9 :   2, 10,  535,    7,  6,    14,  1,     7,  4,     2, 20,  30383, 6.2e-5
    - 10:   2, 10,  514,   11,  4,    14,  1,     7,  4,     2, 20,  41152, 6.1e-5
    - 11:   2, 10,  541,   14,  3,    15,  1,     7,  4,     2, 20,  52284, 6.2e-5
    - 12:   2, 10,  543,   14,  3,    15,  1,    10,  3,     2, 20,  72852, 6.2e-5
    - 13:   2, 10,  530,   22,  2,    14,  1,    15,  2,     2, 20, 153782, 6.0e-5
    - 14:   2, 10,  546,   45,  1,    15,  1,    16,  2,     3, 15, 330080, 6.2e-5
    # no solution starting from log norm2 = 15
