security level: 96
target p_error: 6.3e-5
per precision and log norm2:

  - 1: # bits
    -ln2:   k,  N,    n, br_l,br_b, ks_l,ks_b, cb_l,cb_b, pp_l,pp_b,  cost, p_error
    - 0 :   1, 10,  450,    4,  6,     4,  3,     1,  8,     2, 11,     66, 5.6e-5
    - 1 :   2, 10,  450,    2, 16,     3,  3,     1, 11,     1, 31,     80, 3.4e-6
    - 2 :   2, 10,  450,    2, 16,     3,  3,     1, 11,     1, 31,     80, 6.2e-5
    - 3 :   2, 10,  450,    3, 12,     3,  3,     1, 13,     1, 31,     99, 9.2e-6
    - 4 :   2, 10,  454,    3, 12,     4,  3,     1, 13,     1, 31,    101, 6.0e-5
    - 5 :   2, 10,  454,    4,  9,     3,  3,     1, 14,     2, 20,    142, 6.3e-5
    - 6 :   2, 10,  452,    5,  8,     4,  3,     1, 15,     2, 20,    162, 5.6e-5
    - 7 :   2, 10,  450,    3, 12,     3,  3,     2,  8,     1, 31,    193, 2.0e-5
    - 8 :   2, 10,  465,    3, 12,     6,  2,     2,  8,     1, 31,    203, 6.3e-5
    - 9 :   2, 10,  450,    4,  9,     3,  3,     2,  9,     2, 20,    278, 3.6e-5
    - 10:   2, 10,  450,    5,  8,     3,  3,     2, 10,     2, 20,    315, 2.7e-5
    - 11:   2, 10,  450,    6,  7,     4,  3,     2, 10,     2, 20,    353, 1.4e-5
    - 12:   2, 10,  457,    4,  9,     6,  2,     3,  7,     2, 20,    424, 6.3e-5
    - 13:   2, 10,  450,    6,  7,     4,  3,     3,  8,     2, 20,    527, 9.6e-6
    - 14:   2, 10,  450,    7,  6,     4,  3,     3,  8,     2, 20,    582, 2.9e-5
    - 15:   2, 10,  450,    9,  5,     5,  2,     3,  8,     2, 20,    695, 4.4e-5
    - 16:   2, 10,  450,    6,  7,     6,  2,     5,  5,     2, 20,    877, 5.0e-5
    - 17:   2, 10,  453,    7,  6,    12,  1,     6,  5,     2, 20,   1178, 6.3e-5
    - 18:   2, 10,  450,    8,  5,     5,  2,     7,  4,     2, 20,   1481, 1.1e-5
    - 19:   2, 10,  450,   11,  4,     5,  2,     7,  4,     2, 20,   1868, 8.8e-6
    - 20:   2, 10,  450,   11,  4,     5,  2,    10,  3,     2, 20,   2665, 1.9e-5
    - 21:   2, 10,  454,   15,  3,    12,  1,    11,  3,     3, 15,   4048, 6.3e-5
    - 22:   2, 10,  450,   22,  2,     5,  2,    16,  2,     2, 20,   7508, 2.4e-5
    - 23:   2, 10,  455,   45,  1,    12,  1,    32,  1,     3, 15,  29673, 6.3e-5
    # no solution starting from log norm2 = 24

  - 2: # bits
    -ln2:   k,  N,    n, br_l,br_b, ks_l,ks_b, cb_l,cb_b, pp_l,pp_b,  cost, p_error
    - 0 :   2, 10,  471,    2, 16,     6,  2,     1, 11,     1, 31,    231, 6.1e-5
    - 1 :   2, 10,  452,    3, 12,     6,  2,     1, 13,     1, 31,    280, 5.6e-5
    - 2 :   2, 10,  479,    4,  9,     6,  2,     1, 13,     1, 31,    352, 6.2e-5
    - 3 :   2, 10,  460,    2, 16,     6,  2,     2,  7,     1, 31,    381, 5.5e-5
    - 4 :   2, 10,  452,    3, 12,     5,  2,     2,  8,     1, 31,    465, 5.8e-5
    - 5 :   2, 10,  457,    3, 12,     6,  2,     2,  8,     1, 31,    472, 5.7e-5
    - 6 :   2, 10,  453,    4,  9,     5,  2,     2,  9,     2, 20,    655, 6.0e-5
    - 7 :   2, 10,  460,    3, 12,     6,  2,     3,  6,     1, 31,    666, 5.4e-5
    - 8 :   2, 10,  460,    5,  8,     6,  2,     2, 10,     2, 20,    760, 5.6e-5
    - 9 :   2, 10,  497,    6,  7,     6,  2,     2, 10,     2, 20,    907, 6.3e-5
    - 10:   2, 10,  459,    5,  8,     6,  2,     3,  7,     2, 20,   1073, 5.7e-5
    - 11:   2, 10,  485,    6,  7,     6,  2,     3,  8,     2, 20,   1256, 6.2e-5
    - 12:   2, 10,  453,    8,  5,    12,  1,     3,  8,     2, 20,   1474, 6.1e-5
    - 13:   2, 10,  458,    7,  6,    12,  1,     4,  6,     2, 20,   1744, 5.7e-5
    - 14:   2, 10,  464,    7,  6,    12,  1,     5,  5,     2, 20,   2155, 5.8e-5
    - 15:   2, 10,  453,    7,  6,    12,  1,     7,  4,     2, 20,   2886, 5.4e-5
    - 16:   2, 10,  469,    9,  5,    12,  1,     7,  4,     2, 20,   3542, 6.2e-5
    - 17:   2, 10,  467,   14,  3,    12,  1,     7,  4,     2, 20,   4966, 5.9e-5
    - 18:   2, 10,  461,   14,  3,    12,  1,    10,  3,     2, 20,   6877, 5.9e-5
    - 19:   2, 10,  476,   22,  2,    13,  1,    11,  3,     2, 20,  11339, 6.3e-5
    - 20:   2, 10,  462,   44,  1,    12,  1,    16,  2,     3, 15,  30359, 6.0e-5
    # no solution starting from log norm2 = 21

  - 3: # bits
    -ln2:   k,  N,    n, br_l,br_b, ks_l,ks_b, cb_l,cb_b, pp_l,pp_b,  cost, p_error
    - 0 :   2, 10,  481,    2, 16,     6,  2,     2,  7,     1, 31,    618, 6.1e-5
    - 1 :   2, 10,  523,    2, 16,     7,  2,     2,  7,     1, 31,    666, 6.2e-5
    - 2 :   2, 10,  481,    3, 12,     6,  2,     2,  8,     1, 31,    776, 4.9e-5
    - 3 :   2, 10,  507,    3, 12,     7,  2,     2,  8,     1, 31,    816, 6.0e-5
    - 4 :   2, 10,  481,    3, 12,     6,  2,     3,  6,     1, 31,   1072, 6.0e-5
    - 5 :   2, 10,  519,    3, 12,     7,  2,     3,  6,     1, 31,   1146, 6.2e-5
    - 6 :   2, 10,  495,    3, 12,     6,  2,     4,  5,     1, 31,   1400, 5.7e-5
    - 7 :   2, 10,  509,    4,  9,     7,  2,     3,  7,     2, 20,   1574, 6.0e-5
    - 8 :   2, 10,  517,    5,  8,     7,  2,     3,  7,     2, 20,   1825, 6.2e-5
    - 9 :   2, 10,  489,    7,  6,     6,  2,     3,  8,     2, 20,   2185, 5.9e-5
    - 10:   2, 10,  486,    6,  7,    13,  1,     4,  6,     2, 20,   2546, 5.9e-5
    - 11:   2, 10,  493,    6,  7,    13,  1,     5,  5,     2, 20,   3130, 6.3e-5
    - 12:   2, 10,  524,    8,  5,    14,  1,     5,  5,     2, 20,   4018, 6.2e-5
    - 13:   2, 10,  483,    8,  5,    13,  1,     7,  4,     2, 20,   5088, 6.0e-5
    - 14:   2, 10,  482,   11,  4,    13,  1,     7,  4,     2, 20,   6444, 6.0e-5
    - 15:   2, 10,  485,   11,  4,    13,  1,    10,  3,     2, 20,   9021, 6.2e-5
    - 16:   2, 10,  539,   15,  3,    15,  1,    10,  3,     2, 20,  12707, 6.3e-5
    - 17:   2, 10,  486,   22,  2,    13,  1,    16,  2,     2, 20,  25096, 6.1e-5
    - 18:   2, 10,  513,   44,  1,    14,  1,    32,  1,     3, 15,  99363, 6.3e-5
    # no solution starting from log norm2 = 19

  - 4: # bits
    -ln2:   k,  N,    n, br_l,br_b, ks_l,ks_b, cb_l,cb_b, pp_l,pp_b,  cost, p_error
    - 0 :   2, 10,  489,    2, 16,     6,  2,     2,  7,     1, 31,   1197, 6.0e-5
    - 1 :   2, 10,  478,    3, 12,     6,  2,     2,  8,     1, 31,   1470, 5.5e-5
    - 2 :   2, 10,  487,    3, 12,     6,  2,     2,  8,     1, 31,   1492, 5.6e-5
    - 3 :   2, 10,  512,    4,  9,     7,  2,     2,  9,     1, 31,   1881, 6.2e-5
    - 4 :   2, 10,  491,    4,  9,     6,  2,     2,  9,     2, 20,   2093, 6.3e-5
    - 5 :   2, 10,  490,    5,  8,     6,  2,     2, 10,     2, 20,   2391, 5.7e-5
    - 6 :   2, 10,  505,    6,  7,     7,  2,     2, 10,     2, 20,   2769, 6.1e-5
    - 7 :   2, 10,  489,    5,  8,     6,  2,     3,  7,     2, 20,   3373, 5.3e-5
    - 8 :   2, 10,  503,    6,  7,     7,  2,     3,  8,     2, 20,   3889, 5.9e-5
    - 9 :   2, 10,  518,    7,  6,    14,  1,     3,  8,     2, 20,   4511, 6.3e-5
    - 10:   2, 10,  484,    7,  6,    13,  1,     4,  6,     2, 20,   5477, 5.7e-5
    - 11:   2, 10,  487,    7,  6,    13,  1,     5,  5,     2, 20,   6726, 6.1e-5
    - 12:   2, 10,  481,    7,  6,    13,  1,     7,  4,     2, 20,   9082, 5.9e-5
    - 13:   2, 10,  491,    9,  5,    13,  1,     7,  4,     2, 20,  11041, 5.8e-5
    - 14:   2, 10,  514,   11,  4,    14,  1,     8,  4,     2, 20,  15153, 6.2e-5
    - 15:   2, 10,  486,   14,  3,    13,  1,    10,  3,     2, 20,  21606, 6.1e-5
    - 16:   2, 10,  511,   22,  2,    14,  1,    10,  3,     3, 15,  34586, 6.2e-5
    - 17:   2, 10,  495,   44,  1,    13,  1,    16,  2,     2, 20,  94793, 6.1e-5
    # no solution starting from log norm2 = 18

  - 5: # bits
    -ln2:   k,  N,    n, br_l,br_b, ks_l,ks_b, cb_l,cb_b, pp_l,pp_b,  cost, p_error
    - 0 :   2, 10,  489,    2, 16,     6,  2,     2,  7,     1, 31,   1197, 6.0e-5
    - 1 :   2, 10,  478,    3, 12,     6,  2,     2,  8,     1, 31,   1470, 5.5e-5
    - 2 :   2, 10,  487,    3, 12,     6,  2,     2,  8,     1, 31,   1492, 5.6e-5
    - 3 :   2, 10,  512,    4,  9,     7,  2,     2,  9,     1, 31,   1881, 6.2e-5
    - 4 :   2, 10,  491,    4,  9,     6,  2,     2,  9,     2, 20,   2093, 6.3e-5
    - 5 :   2, 10,  490,    5,  8,     6,  2,     2, 10,     2, 20,   2391, 5.7e-5
    - 6 :   2, 10,  505,    6,  7,     7,  2,     2, 10,     2, 20,   2769, 6.1e-5
    - 7 :   2, 10,  489,    5,  8,     6,  2,     3,  7,     2, 20,   3373, 5.3e-5
    - 8 :   2, 10,  503,    6,  7,     7,  2,     3,  8,     2, 20,   3889, 5.9e-5
    - 9 :   2, 10,  518,    7,  6,    14,  1,     3,  8,     2, 20,   4511, 6.3e-5
    - 10:   2, 10,  484,    7,  6,    13,  1,     4,  6,     2, 20,   5477, 5.7e-5
    - 11:   2, 10,  487,    7,  6,    13,  1,     5,  5,     2, 20,   6726, 6.1e-5
    - 12:   2, 10,  481,    7,  6,    13,  1,     7,  4,     2, 20,   9082, 5.9e-5
    - 13:   2, 10,  491,    9,  5,    13,  1,     7,  4,     2, 20,  11041, 5.8e-5
    - 14:   2, 10,  514,   11,  4,    14,  1,     8,  4,     2, 20,  15153, 6.2e-5
    - 15:   2, 10,  486,   14,  3,    13,  1,    10,  3,     2, 20,  21606, 6.1e-5
    - 16:   2, 10,  511,   22,  2,    14,  1,    10,  3,     3, 15,  34586, 6.2e-5
    - 17:   2, 10,  495,   44,  1,    13,  1,    16,  2,     2, 20,  94793, 6.1e-5
    # no solution starting from log norm2 = 18

  - 6: # bits
    -ln2:   k,  N,    n, br_l,br_b, ks_l,ks_b, cb_l,cb_b, pp_l,pp_b,  cost, p_error
    - 0 :   2, 10,  493,    2, 16,     6,  2,     2,  7,     1, 31,   1433, 5.6e-5
    - 1 :   2, 10,  478,    3, 12,     6,  2,     2,  8,     1, 31,   1752, 6.2e-5
    - 2 :   2, 10,  489,    3, 12,     6,  2,     2,  8,     1, 31,   1785, 6.3e-5
    - 3 :   2, 10,  541,    4,  9,     7,  2,     2,  9,     1, 31,   2353, 6.3e-5
    - 4 :   2, 10,  492,    3, 12,     6,  2,     3,  6,     1, 31,   2498, 6.1e-5
    - 5 :   2, 10,  494,    5,  8,     6,  2,     2, 10,     2, 20,   2865, 5.7e-5
    - 6 :   2, 10,  521,    6,  7,     7,  2,     2, 10,     2, 20,   3384, 6.2e-5
    - 7 :   2, 10,  492,    5,  8,     6,  2,     3,  7,     2, 20,   4011, 5.6e-5
    - 8 :   2, 10,  516,    6,  7,     7,  2,     3,  8,     2, 20,   4701, 6.2e-5
    - 9 :   2, 10,  485,    8,  5,    13,  1,     3,  8,     2, 20,   5553, 6.2e-5
    - 10:   2, 10,  489,    7,  6,    13,  1,     4,  6,     2, 20,   6520, 5.7e-5
    - 11:   2, 10,  494,    7,  6,    13,  1,     5,  5,     2, 20,   8014, 6.1e-5
    - 12:   2, 10,  485,    7,  6,    13,  1,     7,  4,     2, 20,  10741, 5.7e-5
    - 13:   2, 10,  501,    9,  5,    13,  1,     7,  4,     2, 20,  13196, 6.1e-5
    - 14:   2, 10,  497,   14,  3,    13,  1,     7,  4,     2, 20,  18511, 6.0e-5
    - 15:   2, 10,  493,   14,  3,    13,  1,    10,  3,     2, 20,  25672, 5.9e-5
    - 16:   2, 10,  508,   22,  2,    14,  1,    11,  3,     2, 20,  42359, 6.1e-5
    - 17:   2, 10,  494,   44,  1,    13,  1,    16,  2,     3, 15, 113523, 6.0e-5
    # no solution starting from log norm2 = 18

  - 7: # bits
    -ln2:   k,  N,    n, br_l,br_b, ks_l,ks_b, cb_l,cb_b, pp_l,pp_b,  cost, p_error
    - 0 :   2, 10,  497,    2, 16,     6,  2,     2,  7,     1, 31,   1672, 5.9e-5
    - 1 :   2, 10,  479,    3, 12,     6,  2,     2,  8,     1, 31,   2038, 5.2e-5
    - 2 :   2, 10,  492,    3, 12,     6,  2,     2,  8,     1, 31,   2083, 6.3e-5
    - 3 :   2, 10,  479,    3, 12,     6,  2,     3,  6,     1, 31,   2826, 6.0e-5
    - 4 :   2, 10,  496,    3, 12,     6,  2,     3,  6,     1, 31,   2906, 6.1e-5
    - 5 :   2, 10,  499,    5,  8,     6,  2,     2, 10,     2, 20,   3351, 5.7e-5
    - 6 :   2, 10,  493,    4,  9,     6,  2,     3,  7,     2, 20,   4055, 5.6e-5
    - 7 :   2, 10,  496,    5,  8,     6,  2,     3,  7,     2, 20,   4662, 5.6e-5
    - 8 :   2, 10,  484,    7,  6,     6,  2,     3,  8,     2, 20,   5729, 5.1e-5
    - 9 :   2, 10,  490,    8,  5,    13,  1,     3,  8,     2, 20,   6476, 6.1e-5
    - 10:   2, 10,  495,    7,  6,    13,  1,     4,  6,     2, 20,   7591, 6.1e-5
    - 11:   2, 10,  505,    7,  6,    13,  1,     5,  5,     2, 20,   9389, 6.2e-5
    - 12:   2, 10,  490,    7,  6,    13,  1,     7,  4,     2, 20,  12442, 5.7e-5
    - 13:   2, 10,  513,   11,  4,    14,  1,     6,  5,     2, 20,  15680, 6.3e-5
    - 14:   2, 10,  510,   14,  3,    14,  1,     7,  4,     2, 20,  21787, 6.2e-5
    - 15:   2, 10,  503,   14,  3,    13,  1,    10,  3,     2, 20,  29987, 6.1e-5
    - 16:   2, 10,  512,   22,  2,    14,  1,    11,  3,     3, 15,  51077, 6.3e-5
    - 17:   2, 10,  505,   44,  1,    13,  1,    16,  2,     3, 15, 132821, 6.3e-5
    # no solution starting from log norm2 = 18

  - 8: # bits
    -ln2:   k,  N,    n, br_l,br_b, ks_l,ks_b, cb_l,cb_b, pp_l,pp_b,  cost, p_error
    - 0 :   2, 10,  502,    2, 16,     6,  2,     2,  7,     1, 31,   1917, 6.2e-5
    - 1 :   2, 10,  479,    3, 12,     6,  2,     2,  8,     1, 31,   2321, 5.9e-5
    - 2 :   2, 10,  496,    3, 12,     6,  2,     2,  8,     1, 31,   2388, 5.9e-5
    - 3 :   2, 10,  480,    3, 12,     6,  2,     3,  6,     1, 31,   3213, 5.2e-5
    - 4 :   2, 10,  501,    3, 12,     6,  2,     3,  6,     1, 31,   3325, 6.2e-5
    - 5 :   2, 10,  501,    5,  8,     7,  2,     2, 10,     2, 20,   3844, 6.2e-5
    - 6 :   2, 10,  496,    4,  9,     6,  2,     3,  7,     2, 20,   4618, 6.3e-5
    - 7 :   2, 10,  500,    5,  8,     6,  2,     3,  7,     2, 20,   5322, 6.2e-5
    - 8 :   2, 10,  485,    7,  6,     6,  2,     3,  8,     2, 20,   6514, 5.4e-5
    - 9 :   2, 10,  497,    8,  5,    13,  1,     3,  8,     2, 20,   7438, 6.0e-5
    - 10:   2, 10,  505,    7,  6,    13,  1,     4,  6,     2, 20,   8738, 6.2e-5
    - 11:   2, 10,  533,    7,  6,    14,  1,     5,  5,     2, 20,  11111, 6.3e-5
    - 12:   2, 10,  496,    7,  6,    13,  1,     7,  4,     2, 20,  14191, 6.0e-5
    - 13:   2, 10,  477,   11,  4,    13,  1,     7,  4,     2, 20,  19163, 6.1e-5
    - 14:   2, 10,  503,   15,  3,    14,  1,     7,  4,     2, 20,  25754, 6.3e-5
    - 15:   2, 10,  491,   15,  3,    13,  1,    10,  3,     2, 20,  35079, 6.2e-5
    - 16:   2, 10,  504,   22,  2,    13,  1,    15,  2,     2, 20,  73148, 6.2e-5
    - 17:   2, 10,  510,   45,  1,    14,  1,    16,  2,     3, 15, 154308, 6.3e-5
    # no solution starting from log norm2 = 18

  - 9: # bits
    -ln2:   k,  N,    n, br_l,br_b, ks_l,ks_b, cb_l,cb_b, pp_l,pp_b,  cost, p_error
    - 0 :   2, 10,  577,    3, 12,     8,  2,     2,  8,     1, 31,   3083, 6.3e-5
    - 1 :   2, 10,  520,    3, 12,     7,  2,     3,  6,     1, 31,   3854, 6.1e-5
    - 2 :   2, 10,  521,    5,  8,     7,  2,     2, 10,     2, 20,   4444, 5.8e-5
    - 3 :   2, 10,  538,    3, 12,     7,  2,     4,  5,     1, 31,   5040, 6.3e-5
    - 4 :   2, 10,  520,    5,  8,     7,  2,     3,  7,     2, 20,   6153, 6.0e-5
    - 5 :   2, 10,  526,    6,  7,     7,  2,     3,  8,     2, 20,   7006, 6.2e-5
    - 6 :   2, 10,  531,    7,  6,     7,  2,     3,  8,     2, 20,   7864, 6.2e-5
    - 7 :   2, 10,  535,    6,  7,    14,  1,     4,  6,     2, 20,   9218, 6.2e-5
    - 8 :   2, 10,  515,    7,  6,    14,  1,     5,  5,     2, 20,  12065, 5.9e-5
    - 9 :   2, 10,  522,    8,  5,    14,  1,     6,  5,     2, 20,  15779, 5.7e-5
    - 10:   2, 10,  530,    8,  5,    14,  1,     7,  4,     2, 20,  18368, 6.0e-5
    - 11:   2, 10,  527,   11,  4,    14,  1,     7,  4,     2, 20,  23276, 6.1e-5
    - 12:   2, 10,  534,   11,  4,    15,  1,    10,  3,     2, 20,  32751, 6.2e-5
    - 13:   2, 10,  523,   22,  2,    14,  1,    10,  3,     2, 20,  57403, 6.0e-5
    - 14:   2, 10,  535,   22,  2,    15,  1,    16,  2,     2, 20,  91520, 6.3e-5
    # no solution starting from log norm2 = 15

  - 10: # bits
    -ln2:   k,  N,    n, br_l,br_b, ks_l,ks_b, cb_l,cb_b, pp_l,pp_b,  cost, p_error
    - 0 :   2, 10,  542,    3, 12,     7,  2,     2,  9,     2, 20,   3748, 6.0e-5
    - 1 :   2, 10,  521,    3, 12,     7,  2,     3,  6,     1, 31,   4271, 5.8e-5
    - 2 :   2, 10,  522,    5,  8,     7,  2,     2, 10,     2, 20,   4933, 5.7e-5
    - 3 :   2, 10,  544,    3, 12,     7,  2,     4,  5,     1, 31,   5619, 6.3e-5
    - 4 :   2, 10,  521,    5,  8,     7,  2,     3,  7,     2, 20,   6816, 5.7e-5
    - 5 :   2, 10,  528,    6,  7,     7,  2,     3,  8,     2, 20,   7774, 6.1e-5
    - 6 :   2, 10,  535,    7,  6,     7,  2,     3,  8,     2, 20,   8755, 5.8e-5
    - 7 :   2, 10,  544,    6,  7,    15,  1,     4,  6,     2, 20,  10344, 6.1e-5
    - 8 :   2, 10,  516,    7,  6,    14,  1,     5,  5,     2, 20,  13341, 6.2e-5
    - 9 :   2, 10,  524,    8,  5,    14,  1,     6,  5,     2, 20,  17468, 6.3e-5
    - 10:   2, 10,  535,    8,  5,    15,  1,     7,  4,     2, 20,  20441, 6.3e-5
    - 11:   2, 10,  531,   11,  4,    15,  1,     7,  4,     2, 20,  25870, 6.3e-5
    - 12:   2, 10,  543,   11,  4,    15,  1,    10,  3,     2, 20,  36622, 6.2e-5
    - 13:   2, 10,  526,   22,  2,    14,  1,    10,  3,     2, 20,  63622, 6.2e-5
    - 14:   2, 10,  546,   22,  2,    15,  1,    16,  2,     2, 20, 102721, 6.2e-5
    # no solution starting from log norm2 = 15

  - 11: # bits
    -ln2:   k,  N,    n, br_l,br_b, ks_l,ks_b, cb_l,cb_b, pp_l,pp_b,  cost, p_error
    - 0 :   2, 10,  549,    3, 12,     7,  2,     2,  9,     2, 20,   4150, 6.3e-5
    - 1 :   2, 10,  522,    3, 12,     7,  2,     3,  6,     1, 31,   4688, 5.6e-5
    - 2 :   2, 10,  523,    5,  8,     7,  2,     2, 10,     2, 20,   5424, 5.6e-5
    - 3 :   2, 10,  531,    6,  7,     7,  2,     2, 10,     2, 20,   6208, 5.9e-5
    - 4 :   2, 10,  522,    5,  8,     7,  2,     3,  7,     2, 20,   7480, 5.5e-5
    - 5 :   2, 10,  530,    6,  7,     7,  2,     3,  8,     2, 20,   8546, 6.2e-5
    - 6 :   2, 10,  538,    7,  6,     7,  2,     3,  8,     2, 20,   9642, 6.3e-5
    - 7 :   2, 10,  525,    7,  6,     7,  2,     4,  6,     2, 20,  12041, 5.8e-5
    - 8 :   2, 10,  518,    7,  6,    14,  1,     5,  5,     2, 20,  14645, 5.7e-5
    - 9 :   2, 10,  528,    8,  5,    14,  1,     6,  5,     2, 20,  19227, 6.0e-5
    - 10:   2, 10,  544,    8,  5,    15,  1,     7,  4,     2, 20,  22660, 6.3e-5
    - 11:   2, 10,  537,   11,  4,    15,  1,     7,  4,     2, 20,  28566, 6.2e-5
    - 12:   2, 10,  566,   11,  4,    16,  1,    10,  3,     3, 15,  44383, 6.3e-5
    - 13:   2, 10,  530,   22,  2,    14,  1,    10,  3,     2, 20,  70025, 6.2e-5
    - 14:   2, 10,  544,   22,  2,    15,  1,    16,  2,     3, 15, 116433, 6.3e-5
    # no solution starting from log norm2 = 15

  - 12: # bits
    -ln2:   k,  N,    n, br_l,br_b, ks_l,ks_b, cb_l,cb_b, pp_l,pp_b,  cost, p_error
    - 0 :   2, 10,  549,    3, 12,     7,  2,     2,  9,     2, 20,   4150, 6.3e-5
    - 1 :   2, 10,  522,    3, 12,     7,  2,     3,  6,     1, 31,   4688, 5.6e-5
    - 2 :   2, 10,  523,    5,  8,     7,  2,     2, 10,     2, 20,   5424, 5.6e-5
    - 3 :   2, 10,  531,    6,  7,     7,  2,     2, 10,     2, 20,   6208, 5.9e-5
    - 4 :   2, 10,  522,    5,  8,     7,  2,     3,  7,     2, 20,   7480, 5.5e-5
    - 5 :   2, 10,  530,    6,  7,     7,  2,     3,  8,     2, 20,   8546, 6.2e-5
    - 6 :   2, 10,  538,    7,  6,     7,  2,     3,  8,     2, 20,   9642, 6.3e-5
    - 7 :   2, 10,  525,    7,  6,     7,  2,     4,  6,     2, 20,  12041, 5.8e-5
    - 8 :   2, 10,  518,    7,  6,    14,  1,     5,  5,     2, 20,  14645, 5.7e-5
    - 9 :   2, 10,  528,    8,  5,    14,  1,     6,  5,     2, 20,  19227, 6.0e-5
    - 10:   2, 10,  544,    8,  5,    15,  1,     7,  4,     2, 20,  22660, 6.3e-5
    - 11:   2, 10,  537,   11,  4,    15,  1,     7,  4,     2, 20,  28566, 6.2e-5
    - 12:   2, 10,  566,   11,  4,    16,  1,    10,  3,     3, 15,  44383, 6.3e-5
    - 13:   2, 10,  530,   22,  2,    14,  1,    10,  3,     2, 20,  70025, 6.2e-5
    - 14:   2, 10,  544,   22,  2,    15,  1,    16,  2,     3, 15, 116433, 6.3e-5
    # no solution starting from log norm2 = 15

  - 13: # bits
    -ln2:   k,  N,    n, br_l,br_b, ks_l,ks_b, cb_l,cb_b, pp_l,pp_b,  cost, p_error
    - 0 :   2, 10,  548,    4,  9,     7,  2,     2,  9,     1, 31,   5749, 6.2e-5
    - 1 :   2, 10,  525,    3, 12,     7,  2,     3,  6,     1, 31,   6285, 6.2e-5
    - 2 :   2, 10,  527,    5,  8,     7,  2,     2, 10,     2, 20,   7278, 5.9e-5
    - 3 :   2, 10,  544,    6,  7,     7,  2,     2, 10,     2, 20,   8445, 6.1e-5
    - 4 :   2, 10,  525,    5,  8,     7,  2,     3,  7,     2, 20,  10022, 6.0e-5
    - 5 :   2, 10,  543,    6,  7,     7,  2,     3,  8,     2, 20,  11622, 6.0e-5
    - 6 :   2, 10,  552,    5,  8,    15,  1,     4,  6,     2, 20,  13562, 6.3e-5
    - 7 :   2, 10,  521,    7,  6,    14,  1,     4,  6,     2, 20,  16189, 6.2e-5
    - 8 :   2, 10,  525,    7,  6,    14,  1,     5,  5,     2, 20,  19744, 6.0e-5
    - 9 :   2, 10,  519,    7,  6,    14,  1,     7,  4,     2, 20,  26410, 6.2e-5
    - 10:   2, 10,  529,    9,  5,    14,  1,     7,  4,     2, 20,  32195, 6.3e-5
    - 11:   2, 10,  526,   14,  3,    14,  1,     7,  4,     2, 20,  45419, 6.3e-5
    - 12:   2, 10,  525,   14,  3,    14,  1,    10,  3,     2, 20,  62941, 5.8e-5
    - 13:   2, 10,  550,   22,  2,    15,  1,    10,  3,     3, 15, 100488, 6.3e-5
    - 14:   2, 10,  533,   44,  1,    15,  1,    16,  2,     2, 20, 275242, 6.2e-5
    # no solution starting from log norm2 = 15

  - 14: # bits
    -ln2:   k,  N,    n, br_l,br_b, ks_l,ks_b, cb_l,cb_b, pp_l,pp_b,  cost, p_error
    - 0 :   2, 10,  548,    4,  9,     7,  2,     2,  9,     1, 31,   5749, 6.2e-5
    - 1 :   2, 10,  525,    3, 12,     7,  2,     3,  6,     1, 31,   6285, 6.2e-5
    - 2 :   2, 10,  527,    5,  8,     7,  2,     2, 10,     2, 20,   7278, 5.9e-5
    - 3 :   2, 10,  544,    6,  7,     7,  2,     2, 10,     2, 20,   8445, 6.1e-5
    - 4 :   2, 10,  525,    5,  8,     7,  2,     3,  7,     2, 20,  10022, 6.0e-5
    - 5 :   2, 10,  543,    6,  7,     7,  2,     3,  8,     2, 20,  11622, 6.0e-5
    - 6 :   2, 10,  552,    5,  8,    15,  1,     4,  6,     2, 20,  13562, 6.3e-5
    - 7 :   2, 10,  521,    7,  6,    14,  1,     4,  6,     2, 20,  16189, 6.2e-5
    - 8 :   2, 10,  525,    7,  6,    14,  1,     5,  5,     2, 20,  19744, 6.0e-5
    - 9 :   2, 10,  519,    7,  6,    14,  1,     7,  4,     2, 20,  26410, 6.2e-5
    - 10:   2, 10,  529,    9,  5,    14,  1,     7,  4,     2, 20,  32195, 6.3e-5
    - 11:   2, 10,  526,   14,  3,    14,  1,     7,  4,     2, 20,  45419, 6.3e-5
    - 12:   2, 10,  525,   14,  3,    14,  1,    10,  3,     2, 20,  62941, 5.8e-5
    - 13:   2, 10,  550,   22,  2,    15,  1,    10,  3,     3, 15, 100488, 6.3e-5
    - 14:   2, 10,  533,   44,  1,    15,  1,    16,  2,     2, 20, 275242, 6.2e-5
    # no solution starting from log norm2 = 15

  - 15: # bits
    -ln2:   k,  N,    n, br_l,br_b, ks_l,ks_b, cb_l,cb_b, pp_l,pp_b,  cost, p_error
    - 0 :   2, 10,  548,    4,  9,     7,  2,     2,  9,     1, 31,   5749, 6.2e-5
    - 1 :   2, 10,  525,    3, 12,     7,  2,     3,  6,     1, 31,   6285, 6.2e-5
    - 2 :   2, 10,  527,    5,  8,     7,  2,     2, 10,     2, 20,   7278, 5.9e-5
    - 3 :   2, 10,  544,    6,  7,     7,  2,     2, 10,     2, 20,   8445, 6.1e-5
    - 4 :   2, 10,  525,    5,  8,     7,  2,     3,  7,     2, 20,  10022, 6.0e-5
    - 5 :   2, 10,  543,    6,  7,     7,  2,     3,  8,     2, 20,  11622, 6.0e-5
    - 6 :   2, 10,  552,    5,  8,    15,  1,     4,  6,     2, 20,  13562, 6.3e-5
    - 7 :   2, 10,  521,    7,  6,    14,  1,     4,  6,     2, 20,  16189, 6.2e-5
    - 8 :   2, 10,  525,    7,  6,    14,  1,     5,  5,     2, 20,  19744, 6.0e-5
    - 9 :   2, 10,  519,    7,  6,    14,  1,     7,  4,     2, 20,  26410, 6.2e-5
    - 10:   2, 10,  529,    9,  5,    14,  1,     7,  4,     2, 20,  32195, 6.3e-5
    - 11:   2, 10,  526,   14,  3,    14,  1,     7,  4,     2, 20,  45419, 6.3e-5
    - 12:   2, 10,  525,   14,  3,    14,  1,    10,  3,     2, 20,  62941, 5.8e-5
    - 13:   2, 10,  550,   22,  2,    15,  1,    10,  3,     3, 15, 100488, 6.3e-5
    - 14:   2, 10,  533,   44,  1,    15,  1,    16,  2,     2, 20, 275242, 6.2e-5
    # no solution starting from log norm2 = 15

  - 16: # bits
    -ln2:   k,  N,    n, br_l,br_b, ks_l,ks_b, cb_l,cb_b, pp_l,pp_b,  cost, p_error
    - 0 :   2, 10,  562,    4,  9,     8,  2,     2,  9,     1, 31,   6606, 6.2e-5
    - 1 :   2, 10,  527,    3, 12,     7,  2,     3,  6,     1, 31,   7065, 6.2e-5
    - 2 :   2, 10,  529,    5,  8,     7,  2,     2, 10,     2, 20,   8160, 6.3e-5
    - 3 :   2, 10,  555,    6,  7,     8,  2,     2, 10,     2, 20,   9630, 6.3e-5
    - 4 :   2, 10,  527,    5,  8,     7,  2,     3,  7,     2, 20,  11259, 6.1e-5
    - 5 :   2, 10,  556,    6,  7,     7,  2,     3,  8,     2, 20,  13262, 6.3e-5
    - 6 :   2, 10,  532,    8,  5,     7,  2,     3,  8,     2, 20,  15727, 6.0e-5
    - 7 :   2, 10,  534,    7,  6,     7,  2,     4,  6,     2, 20,  18250, 6.1e-5
    - 8 :   2, 10,  530,    7,  6,    14,  1,     5,  5,     2, 20,  22319, 6.0e-5
    - 9 :   2, 10,  522,    7,  6,    14,  1,     7,  4,     2, 20,  29793, 6.2e-5
    - 10:   2, 10,  537,    9,  5,    15,  1,     7,  4,     2, 20,  36635, 6.1e-5
    - 11:   2, 10,  532,   14,  3,    14,  1,     7,  4,     2, 20,  51478, 6.2e-5
    - 12:   2, 10,  529,   14,  3,    15,  1,    10,  3,     2, 20,  71199, 6.3e-5
    - 13:   2, 10,  543,   22,  2,    15,  1,    11,  3,     2, 20, 117246, 6.2e-5
    - 14:   2, 10,  531,   44,  1,    14,  1,    16,  2,     3, 15, 314992, 6.0e-5
    # no solution starting from log norm2 = 15
