security level: 132
target p_error: 6.3e-5
per precision and log norm2:

  - 1: # bits
    -ln2:   k,  N,    n, br_l,br_b, ks_l,ks_b, cb_l,cb_b, pp_l,pp_b,  cost, p_error
    - 0 :   2, 10,  633,    2, 15,     3,  3,     1, 10,     1, 24,    103, 5.5e-5
    - 1 :   2, 10,  664,    2, 15,     4,  3,     1, 10,     1, 24,    110, 6.3e-5
    - 2 :   2, 10,  611,    2, 15,     5,  2,     1, 11,     2, 16,    129, 5.9e-5
    - 3 :   2, 10,  598,    3, 12,     5,  2,     1, 13,     2, 16,    152, 5.3e-5
    - 4 :   2, 10,  676,    3, 12,     4,  3,     1, 12,     2, 16,    163, 6.3e-5
    - 5 :   2, 10,  619,    4,  9,     5,  2,     1, 14,     3, 12,    205, 6.1e-5
    - 6 :   2, 10,  618,    6,  7,     5,  2,     1, 15,     3, 12,    256, 5.9e-5
    - 7 :   2, 10,  599,    3, 12,     5,  2,     2,  8,     2, 16,    294, 6.3e-5
    - 8 :   2, 10,  598,    4,  9,     5,  2,     2,  9,     2, 16,    342, 5.9e-5
    - 9 :   2, 10,  661,    4,  9,     6,  2,     2,  9,     2, 16,    371, 6.2e-5
    - 10:   2, 10,  621,    5,  8,     5,  2,     2, 10,     3, 12,    451, 6.1e-5
    - 11:   2, 10,  615,    7,  6,     5,  2,     2, 10,     3, 12,    549, 6.0e-5
    - 12:   2, 10,  605,    5,  8,     5,  2,     3,  7,     3, 12,    659, 6.1e-5
    - 13:   2, 10,  617,    7,  6,     5,  2,     3,  8,     3, 12,    819, 5.9e-5
    - 14:   2, 10,  604,    8,  5,    11,  1,     3,  8,     4, 10,    967, 6.2e-5
    - 15:   2, 10,  652,    7,  6,    12,  1,     4,  6,     3, 12,   1152, 6.3e-5
    - 16:   2, 10,  610,    7,  6,    11,  1,     5,  5,     4, 10,   1481, 6.1e-5
    - 17:   2, 10,  614,    7,  6,    11,  1,     7,  4,     4, 10,   2072, 6.0e-5
    - 18:   2, 10,  633,   10,  4,    11,  1,     7,  4,     4, 10,   2660, 6.3e-5
    - 19:   2, 10,  609,   14,  3,    11,  1,     7,  4,     5,  8,   3453, 6.0e-5
    - 20:   2, 10,  618,   14,  3,    11,  1,    10,  3,     5,  8,   4976, 6.2e-5
    - 21:   2, 10,  650,   22,  2,    12,  1,    11,  3,     9,  5,   9091, 6.3e-5
    - 22:   2, 10,  646,   44,  1,    12,  1,    16,  2,     7,  6,  21708, 6.2e-5
    # no solution starting from log norm2 = 23

  - 2: # bits
    -ln2:   k,  N,    n, br_l,br_b, ks_l,ks_b, cb_l,cb_b, pp_l,pp_b,  cost, p_error
    - 0 :   2, 10,  646,    3, 12,     5,  2,     1, 12,     2, 16,    435, 5.7e-5
    - 1 :   2, 10,  677,    3, 12,     4,  3,     1, 12,     2, 16,    443, 6.3e-5
    - 2 :   2, 10,  657,    4,  9,     6,  2,     1, 13,     2, 16,    529, 5.9e-5
    - 3 :   2, 10,  669,    2, 15,     6,  2,     2,  7,     2, 16,    622, 5.9e-5
    - 4 :   2, 10,  638,    3, 12,     6,  2,     2,  8,     2, 16,    733, 6.3e-5
    - 5 :   2, 10,  657,    3, 12,     6,  2,     2,  8,     2, 16,    749, 5.7e-5
    - 6 :   2, 10,  653,    4,  9,     6,  2,     2,  9,     2, 16,    879, 5.5e-5
    - 7 :   2, 10,  685,    4,  9,     6,  2,     2,  9,     3, 12,   1009, 6.1e-5
    - 8 :   2, 10,  660,    4,  9,     6,  2,     3,  7,     2, 16,   1242, 6.3e-5
    - 9 :   2, 10,  680,    4,  9,     6,  2,     3,  7,     3, 12,   1415, 6.2e-5
    - 10:   2, 10,  686,    5,  8,     6,  2,     3,  7,     3, 12,   1621, 6.1e-5
    - 11:   2, 10,  664,    5,  8,     6,  2,     4,  6,     3, 12,   2042, 6.1e-5
    - 12:   2, 10,  653,    7,  6,     6,  2,     4,  6,     3, 12,   2500, 5.9e-5
    - 13:   2, 10,  675,    8,  5,     6,  2,     4,  6,     4, 10,   3006, 6.1e-5
    - 14:   2, 10,  679,    8,  5,    12,  1,     5,  5,     4, 10,   3749, 6.2e-5
    - 15:   2, 10,  659,    8,  5,    12,  1,     7,  4,     4, 10,   5001, 6.1e-5
    - 16:   2, 10,  654,   11,  4,    12,  1,     7,  4,     5,  8,   6517, 6.2e-5
    - 17:   2, 10,  689,   11,  4,    13,  1,    10,  3,     5,  8,   9503, 6.3e-5
    - 18:   2, 10,  658,   22,  2,    12,  1,    10,  3,     5,  8,  15411, 6.3e-5
    - 19:   2, 10,  686,   22,  2,    13,  1,    16,  2,     6,  7,  25877, 6.3e-5
    # no solution starting from log norm2 = 20

  - 3: # bits
    -ln2:   k,  N,    n, br_l,br_b, ks_l,ks_b, cb_l,cb_b, pp_l,pp_b,  cost, p_error
    - 0 :   2, 10,  747,    4,  9,     7,  2,     1, 13,     2, 16,    980, 6.3e-5
    - 1 :   2, 10,  736,    5,  8,     7,  2,     1, 14,     3, 12,   1190, 6.3e-5
    - 2 :   2, 10,  687,    3, 12,     6,  2,     2,  8,     2, 16,   1223, 6.3e-5
    - 3 :   2, 10,  756,    3, 12,     7,  2,     2,  8,     2, 16,   1331, 6.3e-5
    - 4 :   2, 10,  726,    4,  9,     7,  2,     2,  9,     2, 16,   1528, 6.0e-5
    - 5 :   2, 10,  708,    5,  8,     6,  2,     2, 10,     3, 12,   1860, 6.0e-5
    - 6 :   2, 10,  692,    4,  9,     6,  2,     3,  7,     3, 12,   2225, 6.1e-5
    - 7 :   2, 10,  693,    5,  8,     6,  2,     3,  7,     3, 12,   2540, 5.8e-5
    - 8 :   2, 10,  739,    6,  7,     7,  2,     3,  7,     3, 12,   3013, 6.2e-5
    - 9 :   2, 10,  696,    6,  7,     6,  2,     4,  6,     3, 12,   3659, 6.2e-5
    - 10:   2, 10,  730,    7,  6,     7,  2,     4,  6,     3, 12,   4229, 6.1e-5
    - 11:   2, 10,  708,    7,  6,     7,  2,     5,  5,     4, 10,   5383, 6.1e-5
    - 12:   2, 10,  699,    7,  6,    13,  1,     7,  4,     4, 10,   7332, 6.2e-5
    - 13:   2, 10,  724,    9,  5,    14,  1,     7,  4,     5,  8,   9406, 6.2e-5
    - 14:   2, 10,  694,   14,  3,    13,  1,     7,  4,     5,  8,  12381, 5.8e-5
    - 15:   2, 10,  702,   14,  3,    13,  1,    10,  3,     5,  8,  17408, 6.1e-5
    - 16:   2, 10,  732,   22,  2,    14,  1,    11,  3,     7,  6,  29696, 6.3e-5
    - 17:   2, 10,  721,   44,  1,    14,  1,    16,  2,     7,  6,  74494, 6.3e-5
    # no solution starting from log norm2 = 18

  - 4: # bits
    -ln2:   k,  N,    n, br_l,br_b, ks_l,ks_b, cb_l,cb_b, pp_l,pp_b,  cost, p_error
    - 0 :   2, 10,  732,    4,  9,     6,  2,     1, 14,     3, 12,   1881, 6.2e-5
    - 1 :   2, 10,  673,    3, 12,     6,  2,     2,  8,     2, 16,   2287, 5.2e-5
    - 2 :   2, 10,  683,    3, 12,     6,  2,     2,  8,     2, 16,   2313, 5.4e-5
    - 3 :   2, 10,  681,    4,  9,     6,  2,     2,  9,     2, 16,   2727, 5.3e-5
    - 4 :   2, 10,  692,    4,  9,     6,  2,     2,  9,     3, 12,   3050, 6.1e-5
    - 5 :   2, 10,  732,    5,  8,     7,  2,     2, 10,     3, 12,   3652, 6.3e-5
    - 6 :   2, 10,  691,    4,  9,     6,  2,     3,  7,     3, 12,   4293, 6.1e-5
    - 7 :   2, 10,  692,    5,  8,     6,  2,     3,  7,     3, 12,   4894, 6.2e-5
    - 8 :   2, 10,  712,    7,  6,     7,  2,     3,  8,     3, 12,   6249, 6.2e-5
    - 9 :   2, 10,  700,    6,  7,     6,  2,     4,  6,     3, 12,   7140, 5.9e-5
    - 10:   2, 10,  714,    7,  6,     7,  2,     4,  6,     4, 10,   8641, 6.3e-5
    - 11:   2, 10,  735,    7,  6,    14,  1,     5,  5,     4, 10,  10994, 6.3e-5
    - 12:   2, 10,  677,    8,  5,    12,  1,     7,  4,     4, 10,  15305, 5.7e-5
    - 13:   2, 10,  689,   11,  4,    13,  1,     7,  4,     4, 10,  19344, 6.1e-5
    - 14:   2, 10,  724,   14,  3,    14,  1,     7,  4,     5,  8,  25164, 6.2e-5
    - 15:   2, 10,  728,   15,  3,    14,  1,    10,  3,     5,  8,  37267, 6.3e-5
    - 16:   2, 10,  719,   22,  2,    14,  1,    15,  2,     5,  8,  73666, 6.2e-5
    - 17:   2, 10,  712,   44,  1,    13,  1,    32,  1,     7,  6, 287668, 6.3e-5
    # no solution starting from log norm2 = 18

  - 5: # bits
    -ln2:   k,  N,    n, br_l,br_b, ks_l,ks_b, cb_l,cb_b, pp_l,pp_b,  cost, p_error
    - 0 :   2, 10,  732,    4,  9,     6,  2,     1, 14,     3, 12,   1881, 6.2e-5
    - 1 :   2, 10,  673,    3, 12,     6,  2,     2,  8,     2, 16,   2287, 5.2e-5
    - 2 :   2, 10,  683,    3, 12,     6,  2,     2,  8,     2, 16,   2313, 5.4e-5
    - 3 :   2, 10,  681,    4,  9,     6,  2,     2,  9,     2, 16,   2727, 5.3e-5
    - 4 :   2, 10,  692,    4,  9,     6,  2,     2,  9,     3, 12,   3050, 6.1e-5
    - 5 :   2, 10,  732,    5,  8,     7,  2,     2, 10,     3, 12,   3652, 6.3e-5
    - 6 :   2, 10,  691,    4,  9,     6,  2,     3,  7,     3, 12,   4293, 6.1e-5
    - 7 :   2, 10,  692,    5,  8,     6,  2,     3,  7,     3, 12,   4894, 6.2e-5
    - 8 :   2, 10,  712,    7,  6,     7,  2,     3,  8,     3, 12,   6249, 6.2e-5
    - 9 :   2, 10,  700,    6,  7,     6,  2,     4,  6,     3, 12,   7140, 5.9e-5
    - 10:   2, 10,  714,    7,  6,     7,  2,     4,  6,     4, 10,   8641, 6.3e-5
    - 11:   2, 10,  735,    7,  6,    14,  1,     5,  5,     4, 10,  10994, 6.3e-5
    - 12:   2, 10,  677,    8,  5,    12,  1,     7,  4,     4, 10,  15305, 5.7e-5
    - 13:   2, 10,  689,   11,  4,    13,  1,     7,  4,     4, 10,  19344, 6.1e-5
    - 14:   2, 10,  724,   14,  3,    14,  1,     7,  4,     5,  8,  25164, 6.2e-5
    - 15:   2, 10,  728,   15,  3,    14,  1,    10,  3,     5,  8,  37267, 6.3e-5
    - 16:   2, 10,  719,   22,  2,    14,  1,    15,  2,     5,  8,  73666, 6.2e-5
    - 17:   2, 10,  712,   44,  1,    13,  1,    32,  1,     7,  6, 287668, 6.3e-5
    # no solution starting from log norm2 = 18

  - 6: # bits
    -ln2:   k,  N,    n, br_l,br_b, ks_l,ks_b, cb_l,cb_b, pp_l,pp_b,  cost, p_error
    - 0 :   2, 10,  692,    2, 15,     6,  2,     2,  7,     2, 16,   2276, 5.9e-5
    - 1 :   2, 10,  673,    3, 12,     6,  2,     2,  8,     2, 16,   2729, 5.8e-5
    - 2 :   2, 10,  685,    3, 12,     6,  2,     2,  8,     2, 16,   2766, 6.2e-5
    - 3 :   2, 10,  683,    4,  9,     6,  2,     2,  9,     2, 16,   3264, 5.6e-5
    - 4 :   2, 10,  699,    4,  9,     6,  2,     2,  9,     3, 12,   3661, 5.9e-5
    - 5 :   2, 10,  687,    4,  9,     6,  2,     3,  7,     2, 16,   4560, 6.3e-5
    - 6 :   2, 10,  697,    4,  9,     6,  2,     3,  7,     3, 12,   5116, 6.2e-5
    - 7 :   2, 10,  699,    5,  8,     6,  2,     3,  7,     3, 12,   5843, 6.0e-5
    - 8 :   2, 10,  690,    5,  8,     6,  2,     4,  6,     3, 12,   7439, 6.0e-5
    - 9 :   2, 10,  711,    6,  7,     6,  2,     4,  6,     3, 12,   8537, 6.2e-5
    - 10:   2, 10,  746,    7,  6,     7,  2,     4,  6,     4, 10,  10541, 6.3e-5
    - 11:   2, 10,  688,    8,  5,    12,  1,     5,  5,     4, 10,  13391, 6.3e-5
    - 12:   2, 10,  680,    8,  5,    13,  1,     7,  4,     4, 10,  18081, 6.2e-5
    - 13:   2, 10,  700,   11,  4,    13,  1,     7,  4,     4, 10,  23040, 6.3e-5
    - 14:   2, 10,  741,   15,  3,    14,  1,     7,  4,     5,  8,  31765, 6.3e-5
    - 15:   2, 10,  755,   15,  3,    15,  1,    10,  3,     7,  6,  48439, 6.3e-5
    - 16:   2, 10,  715,   22,  2,    13,  1,    15,  2,     6,  7,  88381, 6.3e-5
    - 17:   2, 10,  740,   45,  1,    14,  1,    32,  1,     9,  5, 365739, 6.3e-5
    # no solution starting from log norm2 = 18

  - 7: # bits
    -ln2:   k,  N,    n, br_l,br_b, ks_l,ks_b, cb_l,cb_b, pp_l,pp_b,  cost, p_error
    - 0 :   2, 10,  739,    2, 15,     6,  2,     2,  7,     2, 16,   2769, 6.3e-5
    - 1 :   2, 10,  684,    3, 12,     6,  2,     2,  8,     2, 16,   3210, 6.3e-5
    - 2 :   2, 10,  711,    3, 12,     6,  2,     2,  8,     2, 16,   3306, 5.9e-5
    - 3 :   2, 10,  704,    4,  9,     6,  2,     2,  9,     2, 16,   3887, 5.8e-5
    - 4 :   2, 10,  724,    3, 12,     6,  2,     3,  6,     2, 16,   4637, 6.2e-5
    - 5 :   2, 10,  717,    4,  9,     6,  2,     3,  7,     2, 16,   5456, 6.1e-5
    - 6 :   2, 10,  760,    4,  9,    14,  1,     3,  7,     3, 12,   6600, 6.3e-5
    - 7 :   2, 10,  766,    5,  8,    14,  1,     3,  7,     3, 12,   7549, 6.3e-5
    - 8 :   2, 10,  721,    5,  8,     7,  2,     4,  6,     3, 12,   8897, 6.3e-5
    - 9 :   2, 10,  705,    7,  6,     6,  2,     4,  6,     3, 12,  10855, 5.9e-5
    - 10:   2, 10,  737,    8,  5,     7,  2,     4,  6,     4, 10,  13167, 6.3e-5
    - 11:   2, 10,  737,    8,  5,    14,  1,     5,  5,     5,  8,  17285, 6.3e-5
    - 12:   2, 10,  724,    8,  5,    13,  1,     7,  4,     4, 10,  21781, 6.3e-5
    - 13:   2, 10,  713,   11,  4,    13,  1,     7,  4,     5,  8,  28228, 6.1e-5
    - 14:   2, 10,  685,   14,  3,    13,  1,    10,  3,     5,  8,  45381, 6.1e-5
    - 15:   2, 10,  718,   22,  2,    14,  1,    10,  3,     5,  8,  67166, 6.2e-5
    - 16:   2, 10,  706,   43,  1,    13,  1,    16,  2,     6,  7, 187560, 6.0e-5
    # no solution starting from log norm2 = 17

  - 8: # bits
    -ln2:   k,  N,    n, br_l,br_b, ks_l,ks_b, cb_l,cb_b, pp_l,pp_b,  cost, p_error
    - 0 :   2, 10,  748,    2, 15,     7,  2,     2,  7,     2, 16,   3225, 6.3e-5
    - 1 :   2, 10,  685,    3, 12,     6,  2,     2,  8,     2, 16,   3661, 6.0e-5
    - 2 :   2, 10,  719,    3, 12,     6,  2,     2,  8,     2, 16,   3799, 6.1e-5
    - 3 :   2, 10,  709,    4,  9,     6,  2,     2,  9,     2, 16,   4457, 6.1e-5
    - 4 :   2, 10,  729,    3, 12,     7,  2,     3,  6,     2, 16,   5335, 6.2e-5
    - 5 :   2, 10,  721,    4,  9,     7,  2,     3,  7,     2, 16,   6267, 6.1e-5
    - 6 :   2, 10,  689,    5,  8,     6,  2,     3,  7,     3, 12,   7587, 5.6e-5
    - 7 :   2, 10,  714,    6,  7,     6,  2,     3,  7,     3, 12,   8758, 6.3e-5
    - 8 :   2, 10,  740,    5,  8,     7,  2,     4,  6,     3, 12,  10278, 6.2e-5
    - 9 :   2, 10,  711,    7,  6,     6,  2,     4,  6,     3, 12,  12385, 5.9e-5
    - 10:   2, 10,  719,    7,  6,     7,  2,     5,  5,     3, 12,  15253, 6.2e-5
    - 11:   2, 10,  741,    9,  5,     7,  2,     5,  5,     5,  8,  20882, 6.3e-5
    - 12:   2, 10,  722,    8,  5,    13,  1,     7,  4,     5,  8,  26077, 6.3e-5
    - 13:   2, 10,  735,   11,  4,    14,  1,     7,  4,     5,  8,  32693, 6.3e-5
    - 14:   2, 10,  688,   14,  3,    13,  1,    10,  3,     5,  8,  51399, 6.3e-5
    - 15:   2, 10,  708,   22,  2,    13,  1,    10,  3,     6,  7,  77042, 6.0e-5
    - 16:   2, 10,  703,   44,  1,    13,  1,    16,  2,     6,  7, 215009, 6.1e-5
    # no solution starting from log norm2 = 17

  - 9: # bits
    -ln2:   k,  N,    n, br_l,br_b, ks_l,ks_b, cb_l,cb_b, pp_l,pp_b,  cost, p_error
    - 0 :   2, 10,  724,    5,  8,     7,  2,     1, 14,     3, 12,   4244, 6.3e-5
    - 1 :   2, 10,  687,    3, 12,     6,  2,     2,  8,     2, 16,   4443, 5.5e-5
    - 2 :   2, 10,  734,    3, 12,     7,  2,     2,  8,     2, 16,   4727, 6.1e-5
    - 3 :   2, 10,  724,    4,  9,     6,  2,     2,  9,     2, 16,   5487, 6.3e-5
    - 4 :   2, 10,  704,    5,  8,     6,  2,     2, 10,     3, 12,   6730, 6.0e-5
    - 5 :   2, 10,  734,    6,  7,     7,  2,     2, 10,     3, 12,   7874, 6.1e-5
    - 6 :   2, 10,  691,    5,  8,     6,  2,     3,  7,     3, 12,   9233, 6.3e-5
    - 7 :   2, 10,  726,    6,  7,     7,  2,     3,  7,     3, 12,  10822, 6.1e-5
    - 8 :   2, 10,  694,    6,  7,     6,  2,     4,  6,     3, 12,  13320, 6.2e-5
    - 9 :   2, 10,  720,    7,  6,     7,  2,     4,  6,     3, 12,  15257, 6.2e-5
    - 10:   2, 10,  753,    7,  6,     7,  2,     5,  5,     3, 12,  19250, 6.3e-5
    - 11:   2, 10,  695,    7,  6,    13,  1,     7,  4,     4, 10,  26687, 5.8e-5
    - 12:   2, 10,  756,    9,  5,    14,  1,     7,  4,     4, 10,  33641, 6.3e-5
    - 13:   2, 10,  690,   14,  3,    13,  1,     7,  4,     5,  8,  45038, 6.1e-5
    - 14:   2, 10,  697,   14,  3,    13,  1,    10,  3,     5,  8,  63317, 5.9e-5
    - 15:   2, 10,  726,   22,  2,    14,  1,    10,  3,     7,  6,  98608, 6.3e-5
    - 16:   2, 10,  710,   44,  1,    13,  1,    16,  2,     7,  6, 268933, 6.1e-5
    # no solution starting from log norm2 = 17

  - 10: # bits
    -ln2:   k,  N,    n, br_l,br_b, ks_l,ks_b, cb_l,cb_b, pp_l,pp_b,  cost, p_error
    - 0 :   2, 10,  757,    3, 12,     7,  2,     2,  8,     2, 16,   4980, 6.1e-5
    - 1 :   2, 10,  746,    4,  9,     7,  2,     2,  9,     2, 16,   5841, 6.2e-5
    - 2 :   2, 10,  790,    3, 12,     7,  2,     3,  6,     2, 16,   7030, 6.3e-5
    - 3 :   2, 10,  767,    4,  9,     7,  2,     3,  7,     2, 16,   8161, 6.3e-5
    - 4 :   2, 10,  726,    5,  8,     7,  2,     3,  7,     3, 12,   9824, 6.3e-5
    - 5 :   2, 10,  752,    6,  7,     7,  2,     3,  7,     3, 12,  11355, 6.1e-5
    - 6 :   2, 10,  729,    6,  7,     7,  2,     4,  6,     3, 12,  14106, 5.8e-5
    - 7 :   2, 10,  748,    7,  6,     7,  2,     4,  6,     3, 12,  15986, 6.3e-5
    - 8 :   2, 10,  766,    7,  6,     7,  2,     5,  5,     3, 12,  19779, 6.2e-5
    - 9 :   2, 10,  768,    8,  5,    15,  1,     6,  5,     4, 10,  27685, 6.3e-5
    - 10:   2, 10,  757,    9,  5,    14,  1,     7,  4,     4, 10,  34022, 6.3e-5
    - 11:   2, 10,  725,   14,  3,    13,  1,     7,  4,     5,  8,  47330, 6.2e-5
    - 12:   2, 10,  729,   14,  3,    14,  1,    10,  3,     5,  8,  66151, 6.1e-5
    - 13:   2, 10,  757,   22,  2,    14,  1,    10,  3,     6,  7, 100136, 6.3e-5
    - 14:   2, 10,  749,   44,  1,    14,  1,    16,  2,     6,  7, 279322, 6.3e-5
    # no solution starting from log norm2 = 15

  - 11: # bits
    -ln2:   k,  N,    n, br_l,br_b, ks_l,ks_b, cb_l,cb_b, pp_l,pp_b,  cost, p_error
    - 0 :   2, 10,  701,    3, 12,     6,  2,     2,  8,     2, 16,   5425, 6.1e-5
    - 1 :   2, 10,  699,    4,  9,     6,  2,     2,  9,     2, 16,   6416, 5.9e-5
    - 2 :   2, 10,  712,    4,  9,     6,  2,     2,  9,     3, 12,   7137, 5.8e-5
    - 3 :   2, 10,  745,    5,  8,     7,  2,     2, 10,     3, 12,   8514, 6.3e-5
    - 4 :   2, 10,  711,    4,  9,     6,  2,     3,  7,     3, 12,   9882, 5.9e-5
    - 5 :   2, 10,  712,    5,  8,     6,  2,     3,  7,     3, 12,  11294, 5.9e-5
    - 6 :   2, 10,  705,    5,  8,     6,  2,     4,  6,     3, 12,  14324, 6.1e-5
    - 7 :   2, 10,  715,    6,  7,     7,  2,     4,  6,     3, 12,  16324, 5.8e-5
    - 8 :   2, 10,  729,    7,  6,     7,  2,     4,  6,     4, 10,  19643, 6.1e-5
    - 9 :   2, 10,  762,    7,  6,     7,  2,     5,  5,     4, 10,  24720, 6.3e-5
    - 10:   2, 10,  693,    8,  5,    13,  1,     7,  4,     4, 10,  34504, 5.7e-5
    - 11:   2, 10,  705,   11,  4,    13,  1,     7,  4,     4, 10,  43624, 6.1e-5
    - 12:   2, 10,  735,   14,  3,    14,  1,     7,  4,     5,  8,  56401, 6.3e-5
    - 13:   2, 10,  739,   15,  3,    14,  1,    10,  3,     5,  8,  83029, 6.3e-5
    - 14:   2, 10,  731,   22,  2,    14,  1,    15,  2,     5,  8, 163693, 6.1e-5
    - 15:   2, 10,  726,   44,  1,    14,  1,    32,  1,     7,  6, 637654, 6.2e-5
    # no solution starting from log norm2 = 16

  - 12: # bits
    -ln2:   k,  N,    n, br_l,br_b, ks_l,ks_b, cb_l,cb_b, pp_l,pp_b,  cost, p_error
    - 0 :   2, 10,  728,    3, 12,     7,  2,     2,  8,     2, 16,   6124, 6.3e-5
    - 1 :   2, 10,  723,    4,  9,     7,  2,     2,  9,     2, 16,   7218, 6.2e-5
    - 2 :   2, 10,  786,    4,  9,     7,  2,     2,  9,     3, 12,   8402, 6.3e-5
    - 3 :   2, 10,  733,    4,  9,     7,  2,     3,  7,     2, 16,   9988, 6.0e-5
    - 4 :   2, 10,  794,    4,  9,     8,  2,     3,  7,     3, 12,  11734, 6.3e-5
    - 5 :   2, 10,  787,    5,  8,     7,  2,     3,  7,     3, 12,  13262, 6.3e-5
    - 6 :   2, 10,  742,    5,  8,     7,  2,     4,  6,     3, 12,  16154, 6.2e-5
    - 7 :   2, 10,  724,    7,  6,     7,  2,     4,  6,     3, 12,  19780, 6.2e-5
    - 8 :   2, 10,  754,    8,  5,     7,  2,     4,  6,     4, 10,  23818, 6.3e-5
    - 9 :   2, 10,  767,    8,  5,     7,  2,     5,  5,     5,  8,  31033, 6.3e-5
    - 10:   2, 10,  741,    8,  5,    14,  1,     7,  4,     4, 10,  39244, 6.3e-5
    - 11:   2, 10,  732,   11,  4,    14,  1,     7,  4,     5,  8,  50963, 6.3e-5
    - 12:   2, 10,  708,   14,  3,    13,  1,    10,  3,     5,  8,  82105, 6.0e-5
    - 13:   2, 10,  737,   22,  2,    14,  1,    10,  3,     5,  8, 121122, 6.1e-5
    - 14:   2, 10,  771,   22,  2,    15,  1,    16,  2,    11,  4, 228912, 6.3e-5
    # no solution starting from log norm2 = 15

  - 13: # bits
    -ln2:   k,  N,    n, br_l,br_b, ks_l,ks_b, cb_l,cb_b, pp_l,pp_b,  cost, p_error
    - 0 :   2, 10,  732,    3, 12,     7,  2,     2,  8,     2, 16,   6496, 5.8e-5
    - 1 :   2, 10,  726,    4,  9,     7,  2,     2,  9,     2, 16,   7645, 5.7e-5
    - 2 :   2, 10,  743,    3, 12,     7,  2,     3,  6,     2, 16,   9026, 6.1e-5
    - 3 :   2, 10,  737,    4,  9,     7,  2,     3,  7,     2, 16,  10633, 6.0e-5
    - 4 :   2, 10,  715,    5,  8,     6,  2,     3,  7,     3, 12,  13004, 6.1e-5
    - 5 :   2, 10,  729,    6,  7,     7,  2,     3,  7,     3, 12,  14911, 6.0e-5
    - 6 :   2, 10,  750,    5,  8,     7,  2,     4,  6,     3, 12,  17308, 6.2e-5
    - 7 :   2, 10,  727,    7,  6,     7,  2,     4,  6,     3, 12,  21085, 5.9e-5
    - 8 :   2, 10,  770,    8,  5,     7,  2,     4,  6,     4, 10,  25728, 6.3e-5
    - 9 :   2, 10,  751,    9,  5,    14,  1,     5,  5,     4, 10,  33871, 6.3e-5
    - 10:   2, 10,  759,    8,  5,    14,  1,     7,  4,     4, 10,  42603, 6.3e-5
    - 11:   2, 10,  741,   11,  4,    14,  1,     7,  4,     5,  8,  54839, 6.3e-5
    - 12:   2, 10,  710,   14,  3,    13,  1,    10,  3,     5,  8,  87840, 5.9e-5
    - 13:   2, 10,  724,   22,  2,    14,  1,    10,  3,     6,  7, 130900, 6.3e-5
    - 14:   2, 10,  732,   43,  1,    14,  1,    16,  2,     6,  7, 364287, 6.3e-5
    # no solution starting from log norm2 = 15

  - 14: # bits
    -ln2:   k,  N,    n, br_l,br_b, ks_l,ks_b, cb_l,cb_b, pp_l,pp_b,  cost, p_error
    - 0 :   2, 10,  739,    3, 12,     7,  2,     2,  8,     2, 16,   7517, 6.1e-5
    - 1 :   2, 10,  730,    4,  9,     7,  2,     2,  9,     2, 16,   8823, 6.3e-5
    - 2 :   2, 10,  759,    3, 12,     7,  2,     3,  6,     2, 16,  10503, 6.3e-5
    - 3 :   2, 10,  747,    4,  9,     7,  2,     3,  7,     2, 16,  12306, 6.3e-5
    - 4 :   2, 10,  717,    5,  8,     6,  2,     3,  7,     3, 12,  14908, 5.8e-5
    - 5 :   2, 10,  735,    6,  7,     7,  2,     3,  7,     3, 12,  17172, 6.2e-5
    - 6 :   2, 10,  769,    5,  8,    14,  1,     4,  6,     3, 12,  20753, 6.3e-5
    - 7 :   2, 10,  732,    7,  6,     7,  2,     4,  6,     3, 12,  24214, 6.1e-5
    - 8 :   2, 10,  746,    7,  6,     7,  2,     5,  5,     3, 12,  29865, 6.1e-5
    - 9 :   2, 10,  764,    9,  5,    14,  1,     5,  5,     5,  8,  41206, 6.3e-5
    - 10:   2, 10,  735,    9,  5,    14,  1,     7,  4,     4, 10,  51300, 6.2e-5
    - 11:   2, 10,  770,   11,  4,    15,  1,     7,  4,     6,  7,  67274, 6.3e-5
    - 12:   2, 10,  714,   14,  3,    13,  1,    10,  3,     5,  8, 100351, 6.0e-5
    - 13:   2, 10,  735,   22,  2,    14,  1,    10,  3,     6,  7, 150759, 6.3e-5
    - 14:   2, 10,  730,   44,  1,    14,  1,    16,  2,     6,  7, 421304, 6.1e-5
    # no solution starting from log norm2 = 15

  - 15: # bits
    -ln2:   k,  N,    n, br_l,br_b, ks_l,ks_b, cb_l,cb_b, pp_l,pp_b,  cost, p_error
    - 0 :   2, 10,  757,    4,  9,     7,  2,     2,  9,     2, 16,   8667, 6.3e-5
    - 1 :   2, 10,  772,    3, 12,     7,  2,     3,  6,     2, 16,  10105, 6.2e-5
    - 2 :   2, 10,  767,    4,  9,     7,  2,     3,  7,     2, 16,  11942, 6.2e-5
    - 3 :   2, 10,  745,    5,  8,     7,  2,     3,  7,     3, 12,  14653, 6.0e-5
    - 4 :   2, 10,  797,    5,  8,    15,  1,     3,  7,     3, 12,  16132, 6.3e-5
    - 5 :   2, 10,  780,    5,  8,     7,  2,     4,  6,     3, 12,  19297, 6.2e-5
    - 6 :   2, 10,  759,    7,  6,     7,  2,     4,  6,     3, 12,  23634, 6.0e-5
    - 7 :   2, 10,  789,    8,  5,     8,  2,     4,  6,     4, 10,  28468, 6.2e-5
    - 8 :   2, 10,  783,    8,  5,    15,  1,     5,  5,     5,  8,  36876, 6.3e-5
    - 9 :   2, 10,  775,    8,  5,    15,  1,     7,  4,     4, 10,  46697, 6.3e-5
    - 10:   2, 10,  766,   11,  4,    15,  1,     7,  4,     5,  8,  60657, 6.3e-5
    - 11:   2, 10,  742,   14,  3,    14,  1,    10,  3,     5,  8,  97796, 6.2e-5
    - 12:   2, 10,  769,   22,  2,    15,  1,    10,  3,     5,  8, 144138, 6.3e-5
    - 13:   2, 10,  780,   44,  1,    15,  1,    15,  2,     7,  6, 402764, 6.2e-5
    # no solution starting from log norm2 = 14

  - 16: # bits
    -ln2:   k,  N,    n, br_l,br_b, ks_l,ks_b, cb_l,cb_b, pp_l,pp_b,  cost, p_error
    - 0 :   2, 10,  726,    4,  9,     7,  2,     2,  9,     2, 16,   9362, 5.5e-5
    - 1 :   2, 10,  735,    4,  9,     7,  2,     2,  9,     3, 12,  10321, 5.9e-5
    - 2 :   2, 10,  766,    5,  8,     7,  2,     2, 10,     3, 12,  12184, 6.2e-5
    - 3 :   2, 10,  735,    4,  9,     7,  2,     3,  7,     3, 12,  14227, 5.7e-5
    - 4 :   2, 10,  735,    5,  8,     7,  2,     3,  7,     3, 12,  16247, 6.0e-5
    - 5 :   2, 10,  731,    5,  8,     7,  2,     4,  6,     3, 12,  20612, 5.7e-5
    - 6 :   2, 10,  740,    6,  7,     7,  2,     4,  6,     3, 12,  23381, 6.3e-5
    - 7 :   2, 10,  753,    7,  6,     7,  2,     4,  6,     4, 10,  28054, 6.0e-5
    - 8 :   2, 10,  775,    7,  6,     7,  2,     5,  5,     4, 10,  34866, 6.3e-5
    - 9 :   2, 10,  721,    8,  5,    13,  1,     7,  4,     4, 10,  49452, 6.2e-5
    - 10:   2, 10,  730,   11,  4,    14,  1,     7,  4,     4, 10,  62491, 6.2e-5
    - 11:   2, 10,  753,   14,  3,    14,  1,     7,  4,     5,  8,  79981, 6.3e-5
    - 12:   2, 10,  756,   15,  3,    14,  1,    10,  3,     5,  8, 117503, 6.3e-5
    - 13:   2, 10,  750,   22,  2,    14,  1,    15,  2,     5,  8, 232256, 6.2e-5
    - 14:   2, 10,  748,   44,  1,    14,  1,    32,  1,     7,  6, 907811, 6.2e-5
    # no solution starting from log norm2 = 15
