security level: 192
target p_error: 6.3e-5
per precision and log norm2:

  - 1: # bits
    -ln2:   k,  N,    n, br_l,br_b, ks_l,ks_b, cb_l,cb_b, pp_l,pp_b,  cost, p_error
    - 0 :   3, 10,  939,    2, 15,     3,  3,     1, 10,     1, 26,    239, 6.0e-5
    - 1 :   3, 10,  898,    2, 15,     5,  2,     1, 10,     1, 26,    242, 6.1e-5
    - 2 :   3, 10,  964,    3, 12,     4,  3,     1, 11,     1, 26,    305, 6.3e-5
    - 3 :   3, 10,  898,    3, 12,     5,  2,     1, 12,     2, 18,    367, 6.1e-5
    - 4 :   3, 10,  897,    4,  9,     5,  2,     1, 14,     2, 18,    419, 6.0e-5
    - 5 :   3, 10,  903,    5,  8,     5,  2,     1, 14,     2, 18,    474, 6.1e-5
    - 6 :   3, 10,  927,    7,  6,     6,  2,     1, 15,     2, 18,    597, 6.2e-5
    - 7 :   3, 10,  904,    3, 12,     5,  2,     2,  8,     2, 18,    710, 6.0e-5
    - 8 :   3, 10,  889,    4,  9,     5,  2,     2,  9,     2, 18,    807, 6.2e-5
    - 9 :   3, 10,  941,    4,  9,     6,  2,     2,  9,     2, 18,    843, 6.1e-5
    - 10:   3, 10,  912,    6,  7,     5,  2,     2, 10,     2, 18,   1035, 5.9e-5
    - 11:   3, 10,  961,    4,  9,     6,  2,     3,  7,     2, 18,   1266, 6.3e-5
    - 12:   3, 10,  928,    5,  8,     6,  2,     3,  7,     2, 18,   1400, 6.0e-5
    - 13:   3, 10,  917,    5,  8,     6,  2,     4,  6,     2, 18,   1841, 6.1e-5
    - 14:   3, 10,  891,    7,  6,    11,  1,     4,  6,     2, 18,   2249, 6.1e-5
    - 15:   3, 10,  901,    8,  5,    11,  1,     4,  6,     3, 13,   2767, 6.3e-5
    - 16:   3, 10,  913,    8,  5,    11,  1,     5,  5,     3, 13,   3476, 6.1e-5
    - 17:   3, 10,  905,    8,  5,    11,  1,     7,  4,     3, 13,   4814, 6.1e-5
    - 18:   3, 10,  898,   11,  4,    11,  1,     7,  4,     3, 13,   5893, 6.0e-5
    - 19:   3, 10,  924,   11,  4,    12,  1,    10,  3,     3, 13,   8580, 6.2e-5
    - 20:   3, 10,  896,   22,  2,    11,  1,    10,  3,     3, 13,  14156, 6.1e-5
    - 21:   3, 10,  967,   22,  2,    12,  1,    15,  2,     4, 11,  23714, 6.3e-5
    # no solution starting from log norm2 = 22

  - 2: # bits
    -ln2:   k,  N,    n, br_l,br_b, ks_l,ks_b, cb_l,cb_b, pp_l,pp_b,  cost, p_error
    - 0 :   3, 10,  979,    3, 12,     4,  3,     1, 12,     2, 18,   1000, 5.8e-5
    - 1 :   3, 10, 1021,    3, 12,     4,  3,     1, 12,     2, 18,   1030, 6.1e-5
    - 2 :   3, 10,  997,    2, 15,     4,  3,     2,  7,     1, 26,   1157, 6.1e-5
    - 3 :   3, 10, 1018,    5,  8,     6,  2,     1, 14,     2, 18,   1422, 6.2e-5
    - 4 :   3, 10,  947,    3, 12,     6,  2,     2,  8,     2, 18,   1713, 5.7e-5
    - 5 :   3, 10, 1032,    3, 12,     6,  2,     2,  8,     2, 18,   1814, 6.3e-5
    - 6 :   3, 10,  958,    4,  9,     6,  2,     2,  9,     2, 18,   2006, 6.0e-5
    - 7 :   3, 10,  982,    5,  8,     6,  2,     2, 10,     2, 18,   2330, 6.1e-5
    - 8 :   3, 10,  961,    4,  9,     6,  2,     3,  7,     2, 18,   2833, 6.0e-5
    - 9 :   3, 10,  955,    5,  8,     6,  2,     3,  7,     2, 18,   3212, 6.1e-5
    - 10:   3, 10, 1025,    6,  7,     7,  2,     3,  7,     2, 18,   3822, 6.2e-5
    - 11:   3, 10,  964,    6,  7,     6,  2,     4,  6,     2, 18,   4679, 6.3e-5
    - 12:   3, 10,  967,    7,  6,     6,  2,     4,  6,     3, 13,   5776, 6.0e-5
    - 13:   3, 10,  977,    7,  6,     6,  2,     5,  5,     3, 13,   7136, 6.1e-5
    - 14:   3, 10,  974,   11,  4,    12,  1,     5,  5,     3, 13,   9734, 6.1e-5
    - 15:   3, 10, 1018,   10,  4,    13,  1,     7,  4,     3, 13,  12864, 6.3e-5
    - 16:   3, 10,  964,   14,  3,    12,  1,     7,  4,     3, 13,  15715, 6.3e-5
    - 17:   3, 10,  989,   14,  3,    13,  1,    10,  3,     3, 13,  22482, 6.3e-5
    - 18:   3, 10,  955,   22,  2,    12,  1,    15,  2,     3, 13,  46126, 5.9e-5
    - 19:   3, 10,  997,   44,  1,    13,  1,    16,  2,     4, 11,  95692, 6.3e-5
    # no solution starting from log norm2 = 20

  - 3: # bits
    -ln2:   k,  N,    n, br_l,br_b, ks_l,ks_b, cb_l,cb_b, pp_l,pp_b,  cost, p_error
    - 0 :   3, 10, 1120,    2, 15,     5,  3,     2,  7,     1, 26,   2032, 6.3e-5
    - 1 :   3, 10, 1030,    2, 15,     6,  2,     3,  5,     1, 26,   2646, 6.0e-5
    - 2 :   3, 10, 1023,    3, 12,     6,  2,     2,  8,     2, 18,   2836, 6.2e-5
    - 3 :   3, 10, 1010,    4,  9,     6,  2,     2,  9,     2, 18,   3284, 5.7e-5
    - 4 :   3, 10, 1055,    4,  9,     7,  2,     2,  9,     2, 18,   3423, 6.3e-5
    - 5 :   3, 10, 1032,    6,  7,     6,  2,     2, 10,     2, 18,   4304, 6.1e-5
    - 6 :   3, 10, 1082,    4,  9,     7,  2,     3,  7,     2, 18,   4821, 6.3e-5
    - 7 :   3, 10, 1043,    5,  8,     7,  2,     3,  7,     2, 18,   5367, 6.1e-5
    - 8 :   3, 10, 1035,    5,  8,     7,  2,     4,  6,     2, 18,   6811, 6.2e-5
    - 9 :   3, 10, 1102,    6,  7,    15,  1,     4,  6,     2, 18,   8303, 6.3e-5
    - 10:   3, 10, 1035,    8,  5,     7,  2,     4,  6,     3, 13,  10223, 6.0e-5
    - 11:   3, 10, 1045,    8,  5,     7,  2,     5,  5,     3, 13,  12550, 6.2e-5
    - 12:   3, 10, 1025,    8,  5,    13,  1,     7,  4,     3, 13,  16997, 6.2e-5
    - 13:   3, 10, 1017,   11,  4,    13,  1,     7,  4,     3, 13,  21012, 6.0e-5
    - 14:   3, 10, 1043,   11,  4,    14,  1,    10,  3,     3, 13,  29864, 6.3e-5
    - 15:   3, 10, 1014,   22,  2,    13,  1,    10,  3,     3, 13,  50098, 6.1e-5
    - 16:   3, 10, 1075,   22,  2,    14,  1,    15,  2,     4, 11,  80718, 6.3e-5
    # no solution starting from log norm2 = 17

  - 4: # bits
    -ln2:   k,  N,    n, br_l,br_b, ks_l,ks_b, cb_l,cb_b, pp_l,pp_b,  cost, p_error
    - 0 :   3, 10, 1022,    5,  8,     6,  2,     1, 14,     2, 18,   4279, 6.2e-5
    - 1 :   3, 10, 1040,    2, 15,     6,  2,     3,  5,     1, 26,   5128, 6.1e-5
    - 2 :   3, 10, 1024,    3, 12,     6,  2,     2,  8,     2, 18,   5416, 6.3e-5
    - 3 :   3, 10, 1000,    4,  9,     6,  2,     2,  9,     2, 18,   6208, 6.1e-5
    - 4 :   3, 10, 1012,    5,  8,     6,  2,     2, 10,     2, 18,   7151, 6.1e-5
    - 5 :   3, 10, 1035,    6,  7,     7,  2,     2, 10,     2, 18,   8239, 6.0e-5
    - 6 :   3, 10,  998,    5,  8,     6,  2,     3,  7,     2, 18,   9954, 6.2e-5
    - 7 :   3, 10, 1024,    6,  7,     6,  2,     3,  7,     2, 18,  11405, 6.3e-5
    - 8 :   3, 10, 1079,    5,  8,     7,  2,     4,  6,     2, 18,  13648, 6.3e-5
    - 9 :   3, 10, 1032,    7,  6,     7,  2,     4,  6,     2, 18,  16470, 6.2e-5
    - 10:   3, 10, 1070,    8,  5,     7,  2,     4,  6,     3, 13,  20371, 6.3e-5
    - 11:   3, 10, 1027,    9,  5,    13,  1,     5,  5,     3, 13,  26523, 6.3e-5
    - 12:   3, 10, 1010,   11,  4,    13,  1,     6,  5,     3, 13,  35561, 6.3e-5
    - 13:   3, 10, 1046,   11,  4,    14,  1,     7,  4,     3, 13,  42219, 6.2e-5
    - 14:   3, 10, 1000,   14,  3,    13,  1,    10,  3,     3, 13,  68052, 6.0e-5
    - 15:   3, 10, 1034,   22,  2,    14,  1,    10,  3,     3, 13, 100515, 6.1e-5
    - 16:   3, 10, 1043,   44,  1,    14,  1,    15,  2,     4, 11, 280967, 6.3e-5
    # no solution starting from log norm2 = 17

  - 5: # bits
    -ln2:   k,  N,    n, br_l,br_b, ks_l,ks_b, cb_l,cb_b, pp_l,pp_b,  cost, p_error
    - 0 :   3, 10, 1022,    5,  8,     6,  2,     1, 14,     2, 18,   4279, 6.2e-5
    - 1 :   3, 10, 1040,    2, 15,     6,  2,     3,  5,     1, 26,   5128, 6.1e-5
    - 2 :   3, 10, 1024,    3, 12,     6,  2,     2,  8,     2, 18,   5416, 6.3e-5
    - 3 :   3, 10, 1000,    4,  9,     6,  2,     2,  9,     2, 18,   6208, 6.1e-5
    - 4 :   3, 10, 1012,    5,  8,     6,  2,     2, 10,     2, 18,   7151, 6.1e-5
    - 5 :   3, 10, 1035,    6,  7,     7,  2,     2, 10,     2, 18,   8239, 6.0e-5
    - 6 :   3, 10,  998,    5,  8,     6,  2,     3,  7,     2, 18,   9954, 6.2e-5
    - 7 :   3, 10, 1024,    6,  7,     6,  2,     3,  7,     2, 18,  11405, 6.3e-5
    - 8 :   3, 10, 1079,    5,  8,     7,  2,     4,  6,     2, 18,  13648, 6.3e-5
    - 9 :   3, 10, 1032,    7,  6,     7,  2,     4,  6,     2, 18,  16470, 6.2e-5
    - 10:   3, 10, 1070,    8,  5,     7,  2,     4,  6,     3, 13,  20371, 6.3e-5
    - 11:   3, 10, 1027,    9,  5,    13,  1,     5,  5,     3, 13,  26523, 6.3e-5
    - 12:   3, 10, 1010,   11,  4,    13,  1,     6,  5,     3, 13,  35561, 6.3e-5
    - 13:   3, 10, 1046,   11,  4,    14,  1,     7,  4,     3, 13,  42219, 6.2e-5
    - 14:   3, 10, 1000,   14,  3,    13,  1,    10,  3,     3, 13,  68052, 6.0e-5
    - 15:   3, 10, 1034,   22,  2,    14,  1,    10,  3,     3, 13, 100515, 6.1e-5
    - 16:   3, 10, 1043,   44,  1,    14,  1,    15,  2,     4, 11, 280967, 6.3e-5
    # no solution starting from log norm2 = 17

  - 6: # bits
    -ln2:   k,  N,    n, br_l,br_b, ks_l,ks_b, cb_l,cb_b, pp_l,pp_b,  cost, p_error
    - 0 :   3, 10, 1034,    5,  8,     6,  2,     1, 14,     2, 18,   5231, 6.2e-5
    - 1 :   3, 10, 1047,    2, 15,     7,  2,     3,  5,     1, 26,   6182, 6.3e-5
    - 2 :   3, 10, 1038,    3, 12,     6,  2,     2,  8,     2, 18,   6509, 6.1e-5
    - 3 :   3, 10, 1003,    4,  9,     6,  2,     2,  9,     2, 18,   7415, 6.0e-5
    - 4 :   3, 10, 1019,    5,  8,     6,  2,     2,  9,     2, 18,   8576, 6.0e-5
    - 5 :   3, 10, 1056,    6,  7,     7,  2,     2, 10,     2, 18,   9996, 6.3e-5
    - 6 :   3, 10, 1001,    5,  8,     6,  2,     3,  7,     2, 18,  11824, 5.8e-5
    - 7 :   3, 10, 1029,    6,  7,     7,  2,     3,  7,     2, 18,  13644, 6.3e-5
    - 8 :   3, 10, 1008,    6,  7,     6,  2,     4,  6,     2, 18,  17156, 5.8e-5
    - 9 :   3, 10, 1050,    7,  6,     7,  2,     4,  6,     2, 18,  19739, 6.3e-5
    - 10:   3, 10, 1049,    9,  5,     7,  2,     4,  6,     3, 13,  25675, 6.2e-5
    - 11:   3, 10, 1083,    9,  5,     7,  2,     5,  5,     3, 13,  32149, 6.3e-5
    - 12:   3, 10, 1021,    9,  5,    13,  1,     7,  4,     3, 13,  42318, 6.2e-5
    - 13:   3, 10,  998,   14,  3,    13,  1,     7,  4,     3, 13,  57100, 5.9e-5
    - 14:   3, 10, 1008,   14,  3,    13,  1,    10,  3,     3, 13,  80382, 6.3e-5
    - 15:   3, 10, 1028,   22,  2,    13,  1,    10,  3,     4, 11, 122378, 6.3e-5
    - 16:   3, 10, 1011,   44,  1,    13,  1,    16,  2,     4, 11, 340536, 6.1e-5
    # no solution starting from log norm2 = 17

  - 7: # bits
    -ln2:   k,  N,    n, br_l,br_b, ks_l,ks_b, cb_l,cb_b, pp_l,pp_b,  cost, p_error
    - 0 :   3, 10, 1017,    2, 15,     6,  2,     3,  5,     1, 26,   6923, 6.1e-5
    - 1 :   3, 10, 1014,    3, 12,     6,  2,     2,  8,     2, 18,   7431, 6.0e-5
    - 2 :   3, 10, 1006,    4,  9,     6,  2,     2,  9,     2, 18,   8628, 6.2e-5
    - 3 :   3, 10, 1034,    4,  9,     6,  2,     2,  9,     2, 18,   8804, 6.1e-5
    - 4 :   3, 10, 1065,    5,  8,     7,  2,     2,  9,     2, 18,  10390, 6.1e-5
    - 5 :   3, 10, 1041,    4,  9,     6,  2,     3,  7,     2, 18,  12312, 6.3e-5
    - 6 :   3, 10, 1028,    5,  8,     6,  2,     3,  7,     2, 18,  13948, 6.2e-5
    - 7 :   3, 10, 1024,    5,  8,     6,  2,     4,  6,     2, 18,  17814, 6.0e-5
    - 8 :   3, 10, 1036,    6,  7,     7,  2,     4,  6,     2, 18,  20293, 6.1e-5
    - 9 :   3, 10, 1040,    7,  6,     7,  2,     4,  6,     3, 13,  24914, 6.2e-5
    - 10:   3, 10, 1059,    7,  6,     7,  2,     5,  5,     3, 13,  30812, 6.2e-5
    - 11:   3, 10, 1079,   11,  4,     7,  2,     5,  5,     3, 13,  42610, 6.3e-5
    - 12:   3, 10, 1002,   11,  4,    13,  1,     7,  4,     3, 13,  55129, 5.8e-5
    - 13:   3, 10, 1049,   14,  3,    14,  1,     7,  4,     3, 13,  68475, 6.2e-5
    - 14:   3, 10, 1043,   15,  3,    14,  1,    10,  3,     3, 13, 100148, 6.1e-5
    - 15:   3, 10, 1029,   22,  2,    14,  1,    15,  2,     3, 13, 198390, 6.1e-5
    - 16:   3, 10, 1046,   44,  1,    14,  1,    31,  1,     4, 11, 766271, 6.2e-5
    # no solution starting from log norm2 = 17

  - 8: # bits
    -ln2:   k,  N,    n, br_l,br_b, ks_l,ks_b, cb_l,cb_b, pp_l,pp_b,  cost, p_error
    - 0 :   3, 10, 1020,    2, 15,     6,  2,     3,  5,     1, 26,   7880, 6.0e-5
    - 1 :   3, 10, 1016,    3, 12,     6,  2,     2,  8,     2, 18,   8468, 6.1e-5
    - 2 :   3, 10, 1007,    4,  9,     6,  2,     2,  9,     2, 18,   9832, 6.0e-5
    - 3 :   3, 10, 1042,    4,  9,     6,  2,     2,  9,     2, 18,  10083, 6.1e-5
    - 4 :   3, 10, 1100,    5,  8,     7,  2,     2,  9,     2, 18,  12144, 6.3e-5
    - 5 :   3, 10, 1039,    4,  9,     7,  2,     3,  7,     2, 18,  14045, 6.0e-5
    - 6 :   3, 10, 1034,    5,  8,     6,  2,     3,  7,     2, 18,  15905, 6.1e-5
    - 7 :   3, 10, 1028,    5,  8,     6,  2,     4,  6,     2, 18,  20242, 6.3e-5
    - 8 :   3, 10, 1045,    6,  7,     7,  2,     4,  6,     2, 18,  23154, 6.1e-5
    - 9 :   3, 10, 1051,    7,  6,     7,  2,     4,  6,     3, 13,  28437, 6.2e-5
    - 10:   3, 10, 1091,    7,  6,     7,  2,     5,  5,     3, 13,  35619, 6.3e-5
    - 11:   3, 10, 1009,    8,  5,    13,  1,     7,  4,     3, 13,  50409, 6.0e-5
    - 12:   3, 10, 1005,   11,  4,    13,  1,     7,  4,     3, 13,  62453, 5.9e-5
    - 13:   3, 10, 1036,   15,  3,    14,  1,     7,  4,     3, 13,  80804, 6.2e-5
    - 14:   3, 10, 1075,   15,  3,    14,  1,    10,  3,     3, 13, 115931, 6.3e-5
    - 15:   3, 10, 1042,   22,  2,    14,  1,    15,  2,     3, 13, 226192, 6.3e-5
    - 16:   3, 10, 1045,   44,  1,    14,  1,    32,  1,     4, 11, 889614, 6.2e-5
    # no solution starting from log norm2 = 17

  - 9: # bits
    -ln2:   k,  N,    n, br_l,br_b, ks_l,ks_b, cb_l,cb_b, pp_l,pp_b,  cost, p_error
    - 0 :   3, 10, 1026,    2, 15,     6,  2,     3,  5,     1, 26,   9607, 6.2e-5
    - 1 :   3, 10, 1021,    3, 12,     6,  2,     2,  8,     2, 18,  10298, 5.9e-5
    - 2 :   3, 10, 1009,    4,  9,     6,  2,     2,  9,     2, 18,  11929, 5.8e-5
    - 3 :   3, 10, 1046,    4,  9,     7,  2,     2,  9,     2, 18,  12361, 6.1e-5
    - 4 :   3, 10, 1028,    6,  7,     6,  2,     2, 10,     2, 18,  15588, 6.1e-5
    - 5 :   3, 10, 1060,    4,  9,     7,  2,     3,  7,     2, 18,  17305, 6.3e-5
    - 6 :   3, 10, 1037,    5,  8,     7,  2,     3,  7,     2, 18,  19463, 6.0e-5
    - 7 :   3, 10, 1031,    5,  8,     7,  2,     4,  6,     2, 18,  24775, 5.9e-5
    - 8 :   3, 10, 1075,    6,  7,     7,  2,     4,  6,     2, 18,  28774, 6.3e-5
    - 9 :   3, 10, 1110,    7,  6,     7,  2,     4,  6,     3, 13,  35990, 6.3e-5
    - 10:   3, 10, 1038,    8,  5,     7,  2,     5,  5,     3, 13,  45597, 6.2e-5
    - 11:   3, 10, 1019,    8,  5,    13,  1,     7,  4,     3, 13,  61857, 6.0e-5
    - 12:   3, 10, 1012,   11,  4,    13,  1,     7,  4,     3, 13,  76490, 6.2e-5
    - 13:   3, 10, 1095,   15,  3,    15,  1,     7,  4,     3, 13, 103186, 6.3e-5
    - 14:   3, 10, 1010,   22,  2,    13,  1,    10,  3,     3, 13, 182589, 6.1e-5
    - 15:   3, 10, 1049,   22,  2,    14,  1,    15,  2,     4, 11, 289466, 6.2e-5
    - 16:   3, 10, 1082,   45,  1,    15,  1,    32,  1,     5,  9, 1169465, 6.3e-5
    # no solution starting from log norm2 = 17

  - 10: # bits
    -ln2:   k,  N,    n, br_l,br_b, ks_l,ks_b, cb_l,cb_b, pp_l,pp_b,  cost, p_error
    - 0 :   3, 10, 1063,    4,  9,     7,  2,     2,  9,     2, 18,  12848, 6.0e-5
    - 1 :   3, 10, 1116,    4,  9,     7,  2,     2,  9,     2, 18,  13331, 6.3e-5
    - 2 :   3, 10, 1081,    6,  7,     7,  2,     2, 10,     2, 18,  16813, 6.0e-5
    - 3 :   3, 10, 1124,    4,  9,    15,  1,     3,  7,     2, 18,  19422, 6.3e-5
    - 4 :   3, 10, 1100,    5,  8,     7,  2,     3,  7,     2, 18,  20771, 6.2e-5
    - 5 :   3, 10, 1092,    5,  8,     7,  2,     4,  6,     2, 18,  26277, 6.2e-5
    - 6 :   3, 10, 1117,    5,  8,     7,  2,     5,  5,     2, 18,  32448, 6.3e-5
    - 7 :   3, 10, 1091,    8,  5,     7,  2,     4,  6,     3, 13,  39400, 6.1e-5
    - 8 :   3, 10, 1103,    8,  5,     7,  2,     5,  5,     3, 13,  48317, 6.2e-5
    - 9 :   3, 10, 1100,    8,  5,     7,  2,     7,  4,     3, 13,  65361, 6.3e-5
    - 10:   3, 10, 1073,   11,  4,    14,  1,     7,  4,     3, 13,  81035, 6.1e-5
    - 11:   3, 10, 1101,   11,  4,    15,  1,    10,  3,     3, 13, 114955, 6.3e-5
    - 12:   3, 10, 1069,   22,  2,    14,  1,    10,  3,     3, 13, 193489, 6.3e-5
    - 13:   3, 10, 1145,   22,  2,    16,  1,    15,  2,     4, 11, 313477, 6.3e-5
    # no solution starting from log norm2 = 14

  - 11: # bits
    -ln2:   k,  N,    n, br_l,br_b, ks_l,ks_b, cb_l,cb_b, pp_l,pp_b,  cost, p_error
    - 0 :   3, 10, 1044,    3, 12,     7,  2,     2,  8,     2, 18,  12689, 6.1e-5
    - 1 :   3, 10, 1030,    4,  9,     6,  2,     2,  9,     2, 18,  14548, 5.9e-5
    - 2 :   3, 10, 1044,    5,  8,     6,  2,     2,  9,     2, 18,  16836, 6.2e-5
    - 3 :   3, 10, 1060,    6,  7,     7,  2,     2, 10,     2, 18,  19347, 6.2e-5
    - 4 :   3, 10, 1027,    5,  8,     6,  2,     3,  7,     2, 18,  22984, 6.3e-5
    - 5 :   3, 10, 1044,    6,  7,     7,  2,     3,  7,     2, 18,  26342, 6.0e-5
    - 6 :   3, 10, 1130,    5,  8,     8,  2,     4,  6,     2, 18,  31827, 6.3e-5
    - 7 :   3, 10, 1057,    7,  6,     7,  2,     4,  6,     2, 18,  37675, 6.1e-5
    - 8 :   3, 10, 1104,    8,  5,     7,  2,     4,  6,     3, 13,  46709, 6.3e-5
    - 9 :   3, 10, 1070,    9,  5,     7,  2,     5,  5,     3, 13,  60187, 6.2e-5
    - 10:   3, 10, 1035,    9,  5,    13,  1,     7,  4,     3, 13,  80452, 6.1e-5
    - 11:   3, 10, 1077,   11,  4,    14,  1,     7,  4,     3, 13,  95677, 6.3e-5
    - 12:   3, 10, 1026,   14,  3,    13,  1,    10,  3,     3, 13, 152963, 6.0e-5
    - 13:   3, 10, 1061,   22,  2,    14,  1,    10,  3,     3, 13, 226489, 6.2e-5
    - 14:   3, 10, 1072,   44,  1,    14,  1,    15,  2,     4, 11, 631373, 6.3e-5
    # no solution starting from log norm2 = 15

  - 12: # bits
    -ln2:   k,  N,    n, br_l,br_b, ks_l,ks_b, cb_l,cb_b, pp_l,pp_b,  cost, p_error
    - 0 :   3, 10, 1038,    4,  9,     7,  2,     2,  9,     2, 18,  16005, 6.3e-5
    - 1 :   3, 10, 1062,    4,  9,     7,  2,     2,  9,     2, 18,  16281, 6.2e-5
    - 2 :   3, 10, 1110,    5,  8,     7,  2,     2,  9,     2, 18,  19306, 6.3e-5
    - 3 :   3, 10, 1068,    4,  9,     7,  2,     3,  7,     2, 18,  22518, 6.3e-5
    - 4 :   3, 10, 1057,    5,  8,     7,  2,     3,  7,     2, 18,  25569, 6.2e-5
    - 5 :   3, 10, 1054,    5,  8,     7,  2,     4,  6,     2, 18,  32491, 6.1e-5
    - 6 :   3, 10, 1073,    6,  7,     7,  2,     4,  6,     2, 18,  37081, 6.2e-5
    - 7 :   3, 10, 1079,    7,  6,     7,  2,     4,  6,     3, 13,  45450, 6.1e-5
    - 8 :   3, 10, 1107,    7,  6,     7,  2,     5,  5,     3, 13,  56366, 6.3e-5
    - 9 :   3, 10, 1112,   11,  4,    15,  1,     5,  5,     3, 13,  78655, 6.3e-5
    - 10:   3, 10, 1037,   11,  4,    14,  1,     7,  4,     3, 13, 100247, 6.0e-5
    - 11:   3, 10, 1098,   14,  3,    15,  1,     7,  4,     3, 13, 125895, 6.3e-5
    - 12:   3, 10, 1088,   15,  3,    15,  1,    10,  3,     3, 13, 183041, 6.3e-5
    - 13:   3, 10, 1067,   22,  2,    14,  1,    15,  2,     3, 13, 360223, 6.3e-5
    - 14:   3, 10, 1093,   44,  1,    15,  1,    31,  1,     4, 11, 1399473, 6.3e-5
    # no solution starting from log norm2 = 15

  - 13: # bits
    -ln2:   k,  N,    n, br_l,br_b, ks_l,ks_b, cb_l,cb_b, pp_l,pp_b,  cost, p_error
    - 0 :   3, 10, 1039,    4,  9,     7,  2,     2,  9,     2, 18,  16926, 5.8e-5
    - 1 :   3, 10, 1065,    4,  9,     7,  2,     2,  9,     2, 18,  17241, 6.3e-5
    - 2 :   3, 10, 1135,    5,  8,     8,  2,     2,  9,     2, 18,  20916, 6.3e-5
    - 3 :   3, 10, 1073,    4,  9,     7,  2,     3,  7,     2, 18,  23968, 6.2e-5
    - 4 :   3, 10, 1060,    5,  8,     7,  2,     3,  7,     2, 18,  27172, 6.0e-5
    - 5 :   3, 10, 1056,    5,  8,     7,  2,     4,  6,     2, 18,  34582, 6.1e-5
    - 6 :   3, 10, 1079,    6,  7,     7,  2,     4,  6,     2, 18,  39572, 6.2e-5
    - 7 :   3, 10, 1086,    7,  6,     7,  2,     4,  6,     3, 13,  48548, 6.3e-5
    - 8 :   3, 10, 1108,    7,  6,    15,  1,     5,  5,     3, 13,  61346, 6.3e-5
    - 9 :   3, 10, 1059,    8,  5,     7,  2,     7,  4,     3, 13,  86133, 6.3e-5
    - 10:   3, 10, 1039,   11,  4,    14,  1,     7,  4,     3, 13, 107006, 6.0e-5
    - 11:   3, 10, 1070,   15,  3,    14,  1,     7,  4,     3, 13, 138360, 6.3e-5
    - 12:   3, 10, 1121,   15,  3,    15,  1,    10,  3,     3, 13, 200279, 6.3e-5
    - 13:   3, 10, 1077,   22,  2,    14,  1,    15,  2,     3, 13, 388039, 6.2e-5
    - 14:   3, 10, 1081,   44,  1,    15,  1,    32,  1,     4, 11, 1529208, 6.2e-5
    # no solution starting from log norm2 = 15

  - 14: # bits
    -ln2:   k,  N,    n, br_l,br_b, ks_l,ks_b, cb_l,cb_b, pp_l,pp_b,  cost, p_error
    - 0 :   3, 10, 1040,    4,  9,     7,  2,     2,  9,     2, 18,  19432, 5.7e-5
    - 1 :   3, 10, 1073,    4,  9,     7,  2,     2,  9,     2, 18,  19892, 6.3e-5
    - 2 :   3, 10, 1053,    6,  7,     7,  2,     2, 10,     2, 18,  25290, 6.2e-5
    - 3 :   3, 10, 1086,    4,  9,     7,  2,     3,  7,     2, 18,  27654, 6.2e-5
    - 4 :   3, 10, 1066,    5,  8,     7,  2,     3,  7,     2, 18,  31216, 6.0e-5
    - 5 :   3, 10, 1061,    5,  8,     7,  2,     4,  6,     2, 18,  39623, 6.0e-5
    - 6 :   3, 10, 1096,    6,  7,     7,  2,     4,  6,     2, 18,  45743, 6.2e-5
    - 7 :   3, 10, 1113,    7,  6,     7,  2,     4,  6,     3, 13,  56415, 6.3e-5
    - 8 :   3, 10, 1067,    8,  5,     7,  2,     5,  5,     3, 13,  72661, 6.2e-5
    - 9 :   3, 10, 1065,    8,  5,     7,  2,     7,  4,     3, 13,  98458, 6.2e-5
    - 10:   3, 10, 1043,   11,  4,    14,  1,     7,  4,     3, 13, 122217, 6.1e-5
    - 11:   3, 10, 1094,   15,  3,    15,  1,     7,  4,     3, 13, 160707, 6.2e-5
    - 12:   3, 10, 1077,   21,  2,    14,  1,    10,  3,     3, 13, 289028, 6.3e-5
    - 13:   3, 10, 1111,   22,  2,    15,  1,    15,  2,     3, 13, 453239, 6.3e-5
    - 14:   3, 10, 1095,   45,  1,    15,  1,    32,  1,     4, 11, 1791340, 6.3e-5
    # no solution starting from log norm2 = 15

  - 15: # bits
    -ln2:   k,  N,    n, br_l,br_b, ks_l,ks_b, cb_l,cb_b, pp_l,pp_b,  cost, p_error
    - 0 :   3, 10, 1117,    5,  8,     7,  2,     2,  9,     2, 18,  22422, 6.2e-5
    - 1 :   3, 10, 1140,    6,  7,     7,  2,     2, 10,     2, 18,  25727, 6.3e-5
    - 2 :   3, 10, 1108,    5,  8,     7,  2,     3,  7,     2, 18,  30546, 6.2e-5
    - 3 :   3, 10, 1147,    5,  8,    15,  1,     3,  7,     2, 18,  32884, 6.3e-5
    - 4 :   3, 10, 1156,    5,  8,     8,  2,     4,  6,     2, 18,  40284, 6.3e-5
    - 5 :   3, 10, 1130,    7,  6,     8,  2,     4,  6,     2, 18,  49650, 6.2e-5
    - 6 :   3, 10, 1150,    8,  5,     8,  2,     4,  6,     3, 13,  60096, 6.3e-5
    - 7 :   3, 10, 1155,    8,  5,    16,  1,     5,  5,     3, 13,  74736, 6.3e-5
    - 8 :   3, 10, 1150,    8,  5,    16,  1,     7,  4,     3, 13, 100248, 6.3e-5
    - 9 :   3, 10, 1127,   11,  4,    15,  1,     7,  4,     3, 13, 123108, 6.3e-5
    - 10:   3, 10, 1102,   14,  3,    15,  1,    10,  3,     3, 13, 200993, 6.2e-5
    - 11:   3, 10, 1120,   22,  2,    15,  1,    10,  3,     3, 13, 294010, 6.3e-5
    - 12:   3, 10, 1124,   44,  1,    15,  1,    15,  2,     4, 11, 814448, 6.2e-5
    # no solution starting from log norm2 = 13

  - 16: # bits
    -ln2:   k,  N,    n, br_l,br_b, ks_l,ks_b, cb_l,cb_b, pp_l,pp_b,  cost, p_error
    - 0 :   3, 10, 1069,    4,  9,     7,  2,     2,  9,     2, 18,  21123, 6.1e-5
    - 1 :   3, 10, 1081,    5,  8,     7,  2,     2,  9,     2, 18,  24405, 6.1e-5
    - 2 :   3, 10, 1126,    6,  7,     7,  2,     2, 10,     2, 18,  28436, 6.3e-5
    - 3 :   3, 10, 1067,    5,  8,     7,  2,     3,  7,     2, 18,  33220, 6.1e-5
    - 4 :   3, 10, 1094,    6,  7,     7,  2,     3,  7,     2, 18,  38157, 6.3e-5
    - 5 :   3, 10, 1073,    6,  7,     7,  2,     4,  6,     2, 18,  47807, 6.1e-5
    - 6 :   3, 10, 1116,    7,  6,     7,  2,     4,  6,     2, 18,  54862, 6.2e-5
    - 7 :   3, 10, 1115,    9,  5,     7,  2,     4,  6,     3, 13,  71115, 6.3e-5
    - 8 :   3, 10, 1120,    9,  5,    15,  1,     5,  5,     3, 13,  88399, 6.3e-5
    - 9 :   3, 10, 1088,    9,  5,    14,  1,     7,  4,     3, 13, 116389, 6.3e-5
    - 10:   3, 10, 1065,   14,  3,    14,  1,     7,  4,     3, 13, 157877, 6.1e-5
    - 11:   3, 10, 1076,   14,  3,    14,  1,    10,  3,     3, 13, 221110, 6.1e-5
    - 12:   3, 10, 1093,   22,  2,    15,  1,    10,  3,     4, 11, 336033, 6.2e-5
    - 13:   3, 10, 1078,   44,  1,    14,  1,    16,  2,     4, 11, 936522, 6.3e-5
    # no solution starting from log norm2 = 14
