security level: 96
target p_error: 6.3e-5
per precision and log norm2:

  - 1: # bits
    -ln2:   k,  N,    n, br_l,br_b, ks_l,ks_b, cb_l,cb_b,  cost, p_error
    - 0 :   2, 10,  540,    3, 12,     5,  3,     1, 13,    166, 5.3e-5
    - 1 :   2, 10,  518,    4,  9,     7,  2,     1, 14,    212, 6.0e-5
    - 2 :   2, 10,  545,    4,  9,     7,  2,     1, 14,    218, 6.3e-5
    - 3 :   2, 10,  532,    6,  7,     7,  2,     1, 15,    306, 6.3e-5
    - 4 :   2, 10,  522,    3, 12,     7,  2,     2,  9,    320, 6.2e-5
    - 5 :   2, 10,  517,    4,  9,     7,  2,     2,  9,    409, 5.3e-5
    - 6 :   2, 10,  529,    4,  9,     7,  2,     2,  9,    414, 5.9e-5
    - 7 :   2, 10,  533,    5,  8,     7,  2,     2, 10,    508, 6.2e-5
    - 8 :   2, 10,  526,    4,  9,     7,  2,     3,  7,    612, 5.6e-5
    - 9 :   2, 10,  527,    5,  8,     7,  2,     3,  7,    750, 6.0e-5
    - 10:   2, 10,  521,    5,  8,     7,  2,     4,  6,    989, 5.5e-5
    - 11:   2, 10,  533,    8,  5,     7,  2,     3,  8,   1167, 5.9e-5
    - 12:   2, 10,  536,    7,  6,     7,  2,     4,  6,   1372, 5.9e-5
    - 13:   2, 10,  533,    7,  6,    14,  1,     5,  5,   1721, 6.1e-5
    - 14:   2, 10,  528,    7,  6,    14,  1,     7,  4,   2387, 6.1e-5
    - 15:   2, 10,  557,   11,  4,    15,  1,     6,  5,   3234, 6.3e-5
    - 16:   2, 10,  531,   14,  3,    14,  1,     7,  4,   4637, 6.3e-5
    - 17:   2, 10,  531,   14,  3,    15,  1,    10,  3,   6615, 6.3e-5
    - 18:   2, 10,  554,   22,  2,    15,  1,    11,  3,  11541, 6.3e-5
    - 19:   2, 10,  538,   44,  1,    15,  1,    16,  2,  32754, 6.3e-5
    # no solution starting from log norm2 = 20

  - 2: # bits
    -ln2:   k,  N,    n, br_l,br_b, ks_l,ks_b, cb_l,cb_b,  cost, p_error
    - 0 :   2, 10,  519,    2, 15,     7,  2,     2,  7,    517, 6.1e-5
    - 1 :   2, 10,  569,    2, 15,    15,  1,     2,  7,    584, 6.3e-5
    - 2 :   2, 10,  518,    3, 12,     7,  2,     2,  9,    719, 5.3e-5
    - 3 :   2, 10,  539,    3, 12,     7,  2,     2,  9,    736, 6.0e-5
    - 4 :   2, 10,  520,    4,  9,     7,  2,     2,  9,    923, 5.8e-5
    - 5 :   2, 10,  547,    3, 12,     7,  2,     3,  6,   1057, 6.2e-5
    - 6 :   2, 10,  519,    4,  9,     7,  2,     3,  7,   1318, 5.6e-5
    - 7 :   2, 10,  568,    4,  9,     8,  2,     3,  7,   1393, 6.3e-5
    - 8 :   2, 10,  528,    6,  7,     7,  2,     3,  8,   1923, 5.6e-5
    - 9 :   2, 10,  531,    5,  8,     7,  2,     4,  6,   2125, 6.3e-5
    - 10:   2, 10,  547,    6,  7,     7,  2,     4,  6,   2554, 6.2e-5
    - 11:   2, 10,  552,    8,  5,    15,  1,     4,  6,   3393, 6.3e-5
    - 12:   2, 10,  542,    9,  5,    15,  1,     5,  5,   4619, 6.3e-5
    - 13:   2, 10,  527,    8,  5,    14,  1,     7,  4,   5598, 5.9e-5
    - 14:   2, 10,  526,   11,  4,    14,  1,     7,  4,   7572, 6.3e-5
    - 15:   2, 10,  537,   11,  4,    15,  1,    10,  3,  10800, 6.2e-5
    - 16:   2, 10,  528,   14,  3,    14,  1,    15,  2,  20075, 6.0e-5
    - 17:   2, 10,  532,   22,  2,    14,  1,    16,  2,  33378, 6.1e-5
    # no solution starting from log norm2 = 18

  - 3: # bits
    -ln2:   k,  N,    n, br_l,br_b, ks_l,ks_b, cb_l,cb_b,  cost, p_error
    - 0 :   2, 10,  515,    3, 12,     7,  2,     2,  9,   1115, 5.9e-5
    - 1 :   2, 10,  520,    3, 12,     7,  2,     2,  9,   1121, 5.7e-5
    - 2 :   2, 10,  516,    4,  9,     7,  2,     2,  9,   1430, 5.6e-5
    - 3 :   2, 10,  524,    4,  9,     7,  2,     2,  9,   1443, 5.8e-5
    - 4 :   2, 10,  526,    5,  8,     7,  2,     2, 10,   1763, 6.1e-5
    - 5 :   2, 10,  522,    4,  9,     7,  2,     3,  7,   2035, 5.8e-5
    - 6 :   2, 10,  523,    5,  8,     7,  2,     3,  7,   2490, 5.7e-5
    - 7 :   2, 10,  542,    6,  7,     7,  2,     3,  8,   3002, 6.3e-5
    - 8 :   2, 10,  547,    5,  8,    15,  1,     4,  6,   3356, 6.3e-5
    - 9 :   2, 10,  518,    7,  6,    14,  1,     4,  6,   4420, 6.3e-5
    - 10:   2, 10,  521,    7,  6,    14,  1,     5,  5,   5437, 6.3e-5
    - 11:   2, 10,  519,    7,  6,    14,  1,     7,  4,   7430, 6.1e-5
    - 12:   2, 10,  528,    9,  5,    14,  1,     7,  4,   9503, 6.2e-5
    - 13:   2, 10,  558,   11,  4,    15,  1,     8,  4,  13455, 6.3e-5
    - 14:   2, 10,  521,   14,  3,    14,  1,    10,  3,  20287, 5.9e-5
    - 15:   2, 10,  538,   22,  2,    15,  1,    10,  3,  32040, 6.2e-5
    - 16:   2, 10,  535,   43,  1,    15,  1,    16,  2,  97713, 6.2e-5
    # no solution starting from log norm2 = 17

  - 4: # bits
    -ln2:   k,  N,    n, br_l,br_b, ks_l,ks_b, cb_l,cb_b,  cost, p_error
    - 0 :   2, 10,  517,    3, 12,     7,  2,     2,  9,   2155, 5.3e-5
    - 1 :   2, 10,  529,    3, 12,     7,  2,     2,  9,   2185, 5.8e-5
    - 2 :   2, 10,  518,    4,  9,     7,  2,     2,  9,   2765, 6.1e-5
    - 3 :   2, 10,  546,    4,  9,     7,  2,     2,  9,   2852, 6.3e-5
    - 4 :   2, 10,  518,    4,  9,     7,  2,     3,  7,   3952, 5.1e-5
    - 5 :   2, 10,  536,    4,  9,     7,  2,     3,  7,   4029, 6.3e-5
    - 6 :   2, 10,  540,    5,  8,     7,  2,     3,  7,   4944, 6.1e-5
    - 7 :   2, 10,  525,    5,  8,     7,  2,     4,  6,   6335, 6.2e-5
    - 8 :   2, 10,  532,    6,  7,     7,  2,     4,  6,   7547, 6.0e-5
    - 9 :   2, 10,  530,    6,  7,    14,  1,     5,  5,   9369, 6.0e-5
    - 10:   2, 10,  533,    8,  5,    14,  1,     5,  5,  12281, 6.0e-5
    - 11:   2, 10,  519,    8,  5,    14,  1,     7,  4,  16662, 5.6e-5
    - 12:   2, 10,  518,   11,  4,    14,  1,     7,  4,  22540, 6.3e-5
    - 13:   2, 10,  523,   11,  4,    14,  1,    10,  3,  31959, 6.0e-5
    - 14:   2, 10,  551,   15,  3,    15,  1,    10,  3,  44293, 6.2e-5
    - 15:   2, 10,  554,   22,  2,    15,  1,    15,  2,  95913, 6.2e-5
    - 16:   2, 10,  543,   44,  1,    15,  1,    32,  1, 397619, 6.2e-5
    # no solution starting from log norm2 = 17

  - 5: # bits
    -ln2:   k,  N,    n, br_l,br_b, ks_l,ks_b, cb_l,cb_b,  cost, p_error
    - 0 :   2, 10,  517,    3, 12,     7,  2,     2,  9,   2155, 5.3e-5
    - 1 :   2, 10,  529,    3, 12,     7,  2,     2,  9,   2185, 5.8e-5
    - 2 :   2, 10,  518,    4,  9,     7,  2,     2,  9,   2765, 6.1e-5
    - 3 :   2, 10,  546,    4,  9,     7,  2,     2,  9,   2852, 6.3e-5
    - 4 :   2, 10,  518,    4,  9,     7,  2,     3,  7,   3952, 5.1e-5
    - 5 :   2, 10,  536,    4,  9,     7,  2,     3,  7,   4029, 6.3e-5
    - 6 :   2, 10,  540,    5,  8,     7,  2,     3,  7,   4944, 6.1e-5
    - 7 :   2, 10,  525,    5,  8,     7,  2,     4,  6,   6335, 6.2e-5
    - 8 :   2, 10,  532,    6,  7,     7,  2,     4,  6,   7547, 6.0e-5
    - 9 :   2, 10,  530,    6,  7,    14,  1,     5,  5,   9369, 6.0e-5
    - 10:   2, 10,  533,    8,  5,    14,  1,     5,  5,  12281, 6.0e-5
    - 11:   2, 10,  519,    8,  5,    14,  1,     7,  4,  16662, 5.6e-5
    - 12:   2, 10,  518,   11,  4,    14,  1,     7,  4,  22540, 6.3e-5
    - 13:   2, 10,  523,   11,  4,    14,  1,    10,  3,  31959, 6.0e-5
    - 14:   2, 10,  551,   15,  3,    15,  1,    10,  3,  44293, 6.2e-5
    - 15:   2, 10,  554,   22,  2,    15,  1,    15,  2,  95913, 6.2e-5
    - 16:   2, 10,  543,   44,  1,    15,  1,    32,  1, 397619, 6.2e-5
    # no solution starting from log norm2 = 17

  - 6: # bits
    -ln2:   k,  N,    n, br_l,br_b, ks_l,ks_b, cb_l,cb_b,  cost, p_error
    - 0 :   2, 10,  517,    3, 12,     7,  2,     2,  9,   2555, 5.9e-5
    - 1 :   2, 10,  533,    3, 12,     7,  2,     2,  9,   2602, 6.1e-5
    - 2 :   2, 10,  519,    4,  9,     7,  2,     2,  9,   3280, 5.9e-5
    - 3 :   2, 10,  572,    4,  9,     8,  2,     2,  9,   3493, 6.3e-5
    - 4 :   2, 10,  518,    4,  9,     7,  2,     3,  7,   4661, 5.9e-5
    - 5 :   2, 10,  546,    4,  9,     7,  2,     3,  7,   4804, 6.2e-5
    - 6 :   2, 10,  553,    5,  8,     7,  2,     3,  7,   5911, 6.3e-5
    - 7 :   2, 10,  528,    5,  8,     7,  2,     4,  6,   7477, 6.1e-5
    - 8 :   2, 10,  538,    6,  7,     7,  2,     4,  6,   8933, 6.0e-5
    - 9 :   2, 10,  540,    6,  7,    15,  1,     5,  5,  11132, 6.3e-5
    - 10:   2, 10,  546,    8,  5,    15,  1,     5,  5,  14627, 6.2e-5
    - 11:   2, 10,  522,    8,  5,    14,  1,     7,  4,  19591, 6.1e-5
    - 12:   2, 10,  522,   11,  4,    14,  1,     7,  4,  26526, 6.0e-5
    - 13:   2, 10,  529,   11,  4,    14,  1,    10,  3,  37629, 6.1e-5
    - 14:   2, 10,  523,   14,  3,    14,  1,    15,  2,  70092, 6.0e-5
    - 15:   2, 10,  525,   22,  2,    14,  1,    16,  2, 116311, 6.3e-5
    - 16:   2, 10,  548,   45,  1,    15,  1,    33,  1, 491758, 6.2e-5
    # no solution starting from log norm2 = 17

  - 7: # bits
    -ln2:   k,  N,    n, br_l,br_b, ks_l,ks_b, cb_l,cb_b,  cost, p_error
    - 0 :   2, 10,  518,    3, 12,     7,  2,     2,  9,   2957, 5.3e-5
    - 1 :   2, 10,  539,    3, 12,     7,  2,     2,  9,   3030, 6.0e-5
    - 2 :   2, 10,  520,    4,  9,     7,  2,     2,  9,   3797, 5.8e-5
    - 3 :   2, 10,  547,    3, 12,     7,  2,     3,  6,   4315, 6.2e-5
    - 4 :   2, 10,  519,    4,  9,     7,  2,     3,  7,   5377, 5.6e-5
    - 5 :   2, 10,  568,    4,  9,     8,  2,     3,  7,   5684, 6.3e-5
    - 6 :   2, 10,  528,    6,  7,     7,  2,     3,  8,   7839, 5.6e-5
    - 7 :   2, 10,  531,    5,  8,     7,  2,     4,  6,   8626, 6.3e-5
    - 8 :   2, 10,  547,    6,  7,     7,  2,     4,  6,  10368, 6.2e-5
    - 9 :   2, 10,  552,    8,  5,    15,  1,     4,  6,  13772, 6.3e-5
    - 10:   2, 10,  542,    9,  5,    15,  1,     5,  5,  18695, 6.3e-5
    - 11:   2, 10,  527,    8,  5,    14,  1,     7,  4,  22582, 5.9e-5
    - 12:   2, 10,  526,   11,  4,    14,  1,     7,  4,  30543, 6.3e-5
    - 13:   2, 10,  537,   11,  4,    15,  1,    10,  3,  43463, 6.2e-5
    - 14:   2, 10,  528,   14,  3,    14,  1,    15,  2,  80622, 6.0e-5
    - 15:   2, 10,  532,   22,  2,    14,  1,    16,  2, 134010, 6.1e-5
    # no solution starting from log norm2 = 16

  - 8: # bits
    -ln2:   k,  N,    n, br_l,br_b, ks_l,ks_b, cb_l,cb_b,  cost, p_error
    - 0 :   2, 10,  518,    3, 12,     7,  2,     2,  9,   3357, 6.0e-5
    - 1 :   2, 10,  547,    3, 12,     7,  2,     2,  9,   3473, 6.3e-5
    - 2 :   2, 10,  521,    4,  9,     7,  2,     2,  9,   4314, 5.7e-5
    - 3 :   2, 10,  561,    3, 12,     8,  2,     3,  6,   4982, 6.3e-5
    - 4 :   2, 10,  520,    4,  9,     7,  2,     3,  7,   6094, 5.4e-5
    - 5 :   2, 10,  520,    5,  8,     7,  2,     3,  7,   7446, 6.0e-5
    - 6 :   2, 10,  530,    6,  7,     7,  2,     3,  8,   8893, 6.2e-5
    - 7 :   2, 10,  536,    5,  8,     7,  2,     4,  6,   9802, 5.9e-5
    - 8 :   2, 10,  549,    6,  7,    15,  1,     4,  6,  11900, 6.3e-5
    - 9 :   2, 10,  516,    7,  6,    14,  1,     5,  5,  16230, 5.8e-5
    - 10:   2, 10,  523,    8,  5,    14,  1,     6,  5,  21948, 6.2e-5
    - 11:   2, 10,  532,    8,  5,    15,  1,     7,  4,  25622, 6.3e-5
    - 12:   2, 10,  532,   11,  4,    14,  1,     7,  4,  34659, 6.3e-5
    - 13:   2, 10,  558,   11,  4,    15,  1,    10,  3,  49979, 6.3e-5
    - 14:   2, 10,  534,   14,  3,    15,  1,    15,  2,  91355, 6.2e-5
    - 15:   2, 10,  541,   22,  2,    15,  1,    16,  2, 152233, 6.2e-5
    # no solution starting from log norm2 = 16

  - 9: # bits
    -ln2:   k,  N,    n, br_l,br_b, ks_l,ks_b, cb_l,cb_b,  cost, p_error
    - 0 :   2, 10,  564,    3, 12,     7,  2,     2,  8,   3963, 6.3e-5
    - 1 :   2, 10,  522,    4,  9,     7,  2,     2,  9,   4834, 5.7e-5
    - 2 :   2, 10,  524,    5,  8,     7,  2,     2, 10,   5905, 5.5e-5
    - 3 :   2, 10,  520,    4,  9,     7,  2,     3,  7,   6805, 6.2e-5
    - 4 :   2, 10,  521,    5,  8,     7,  2,     3,  7,   8324, 5.9e-5
    - 5 :   2, 10,  533,    6,  7,     7,  2,     3,  8,   9962, 6.3e-5
    - 6 :   2, 10,  541,    5,  8,     7,  2,     4,  6,  10991, 6.2e-5
    - 7 :   2, 10,  556,    5,  8,    15,  1,     5,  5,  13858, 6.3e-5
    - 8 :   2, 10,  518,    7,  6,    14,  1,     5,  5,  18125, 5.6e-5
    - 9 :   2, 10,  527,    8,  5,    14,  1,     6,  5,  24549, 6.1e-5
    - 10:   2, 10,  541,    8,  5,    15,  1,     7,  4,  28788, 6.2e-5
    - 11:   2, 10,  540,   11,  4,    15,  1,     7,  4,  38920, 6.2e-5
    - 12:   2, 10,  517,   14,  3,    14,  1,    10,  3,  67469, 6.0e-5
    - 13:   2, 10,  544,   14,  3,    15,  1,    15,  2, 102571, 6.2e-5
    - 14:   2, 10,  532,   22,  2,    14,  1,    31,  1, 321742, 6.1e-5
    # no solution starting from log norm2 = 15

  - 10: # bits
    -ln2:   k,  N,    n, br_l,br_b, ks_l,ks_b, cb_l,cb_b,  cost, p_error
    - 0 :   2, 10,  516,    4,  9,     7,  2,     2,  9,   5311, 5.4e-5
    - 1 :   2, 10,  523,    4,  9,     7,  2,     2,  9,   5354, 5.8e-5
    - 2 :   2, 10,  525,    5,  8,     7,  2,     2, 10,   6541, 5.8e-5
    - 3 :   2, 10,  521,    4,  9,     7,  2,     3,  7,   7525, 6.0e-5
    - 4 :   2, 10,  522,    5,  8,     7,  2,     3,  7,   9203, 5.8e-5
    - 5 :   2, 10,  537,    6,  7,     7,  2,     3,  8,  11049, 6.3e-5
    - 6 :   2, 10,  549,    5,  8,     7,  2,     4,  6,  12230, 6.3e-5
    - 7 :   2, 10,  526,    7,  6,     7,  2,     4,  6,  16296, 5.9e-5
    - 8 :   2, 10,  519,    7,  6,    14,  1,     5,  5,  20008, 6.2e-5
    - 9 :   2, 10,  532,    8,  5,    14,  1,     6,  5,  27197, 6.1e-5
    - 10:   2, 10,  525,    9,  5,    14,  1,     7,  4,  34882, 5.9e-5
    - 11:   2, 10,  559,   11,  4,    15,  1,     7,  4,  43683, 6.3e-5
    - 12:   2, 10,  519,   14,  3,    14,  1,    10,  3,  74454, 5.8e-5
    - 13:   2, 10,  532,   22,  2,    14,  1,    10,  3, 117126, 6.3e-5
    - 14:   2, 10,  538,   22,  2,    15,  1,    31,  1, 356049, 6.3e-5
    # no solution starting from log norm2 = 15

  - 11: # bits
    -ln2:   k,  N,    n, br_l,br_b, ks_l,ks_b, cb_l,cb_b,  cost, p_error
    - 0 :   2, 10,  516,    4,  9,     7,  2,     2,  9,   5821, 5.6e-5
    - 1 :   2, 10,  524,    4,  9,     7,  2,     2,  9,   5875, 5.8e-5
    - 2 :   2, 10,  526,    5,  8,     7,  2,     2, 10,   7177, 6.1e-5
    - 3 :   2, 10,  522,    4,  9,     7,  2,     3,  7,   8246, 5.8e-5
    - 4 :   2, 10,  523,    5,  8,     7,  2,     3,  7,  10085, 5.7e-5
    - 5 :   2, 10,  542,    6,  7,     7,  2,     3,  8,  12159, 6.3e-5
    - 6 :   2, 10,  547,    5,  8,    15,  1,     4,  6,  13555, 6.3e-5
    - 7 :   2, 10,  518,    7,  6,    14,  1,     4,  6,  17846, 6.3e-5
    - 8 :   2, 10,  521,    7,  6,    14,  1,     5,  5,  21918, 6.3e-5
    - 9 :   2, 10,  519,    7,  6,    14,  1,     7,  4,  29888, 6.1e-5
    - 10:   2, 10,  528,    9,  5,    14,  1,     7,  4,  38224, 6.2e-5
    - 11:   2, 10,  558,   11,  4,    15,  1,     8,  4,  54091, 6.3e-5
    - 12:   2, 10,  521,   14,  3,    14,  1,    10,  3,  81467, 5.9e-5
    - 13:   2, 10,  538,   22,  2,    15,  1,    10,  3, 128662, 6.2e-5
    - 14:   2, 10,  535,   43,  1,    15,  1,    16,  2, 391813, 6.2e-5
    # no solution starting from log norm2 = 15

  - 12: # bits
    -ln2:   k,  N,    n, br_l,br_b, ks_l,ks_b, cb_l,cb_b,  cost, p_error
    - 0 :   2, 10,  516,    4,  9,     7,  2,     2,  9,   5821, 5.6e-5
    - 1 :   2, 10,  524,    4,  9,     7,  2,     2,  9,   5875, 5.8e-5
    - 2 :   2, 10,  526,    5,  8,     7,  2,     2, 10,   7177, 6.1e-5
    - 3 :   2, 10,  522,    4,  9,     7,  2,     3,  7,   8246, 5.8e-5
    - 4 :   2, 10,  523,    5,  8,     7,  2,     3,  7,  10085, 5.7e-5
    - 5 :   2, 10,  542,    6,  7,     7,  2,     3,  8,  12159, 6.3e-5
    - 6 :   2, 10,  547,    5,  8,    15,  1,     4,  6,  13555, 6.3e-5
    - 7 :   2, 10,  518,    7,  6,    14,  1,     4,  6,  17846, 6.3e-5
    - 8 :   2, 10,  521,    7,  6,    14,  1,     5,  5,  21918, 6.3e-5
    - 9 :   2, 10,  519,    7,  6,    14,  1,     7,  4,  29888, 6.1e-5
    - 10:   2, 10,  528,    9,  5,    14,  1,     7,  4,  38224, 6.2e-5
    - 11:   2, 10,  558,   11,  4,    15,  1,     8,  4,  54091, 6.3e-5
    - 12:   2, 10,  521,   14,  3,    14,  1,    10,  3,  81467, 5.9e-5
    - 13:   2, 10,  538,   22,  2,    15,  1,    10,  3, 128662, 6.2e-5
    - 14:   2, 10,  535,   43,  1,    15,  1,    16,  2, 391813, 6.2e-5
    # no solution starting from log norm2 = 15

  - 13: # bits
    -ln2:   k,  N,    n, br_l,br_b, ks_l,ks_b, cb_l,cb_b,  cost, p_error
    - 0 :   2, 10,  517,    4,  9,     7,  2,     2,  9,   7773, 5.3e-5
    - 1 :   2, 10,  529,    4,  9,     7,  2,     2,  9,   7882, 5.9e-5
    - 2 :   2, 10,  533,    5,  8,     7,  2,     2, 10,   9649, 6.2e-5
    - 3 :   2, 10,  526,    4,  9,     7,  2,     3,  7,  11047, 5.6e-5
    - 4 :   2, 10,  527,    5,  8,     7,  2,     3,  7,  13509, 6.0e-5
    - 5 :   2, 10,  521,    5,  8,     7,  2,     4,  6,  17324, 5.5e-5
    - 6 :   2, 10,  524,    6,  7,     7,  2,     4,  6,  20550, 5.7e-5
    - 7 :   2, 10,  526,    7,  6,    14,  1,     4,  6,  24001, 6.1e-5
    - 8 :   2, 10,  533,    7,  6,    14,  1,     5,  5,  29593, 6.1e-5
    - 9 :   2, 10,  528,    7,  6,    14,  1,     7,  4,  40224, 6.1e-5
    - 10:   2, 10,  557,   11,  4,    15,  1,     6,  5,  54985, 6.3e-5
    - 11:   2, 10,  531,   14,  3,    14,  1,     7,  4,  78079, 6.3e-5
    - 12:   2, 10,  531,   14,  3,    15,  1,    10,  3, 109719, 6.3e-5
    - 13:   2, 10,  554,   22,  2,    15,  1,    11,  3, 190890, 6.3e-5
    - 14:   2, 10,  538,   44,  1,    15,  1,    16,  2, 535945, 6.3e-5
    # no solution starting from log norm2 = 15

  - 14: # bits
    -ln2:   k,  N,    n, br_l,br_b, ks_l,ks_b, cb_l,cb_b,  cost, p_error
    - 0 :   2, 10,  517,    4,  9,     7,  2,     2,  9,   7773, 5.3e-5
    - 1 :   2, 10,  529,    4,  9,     7,  2,     2,  9,   7882, 5.9e-5
    - 2 :   2, 10,  533,    5,  8,     7,  2,     2, 10,   9649, 6.2e-5
    - 3 :   2, 10,  526,    4,  9,     7,  2,     3,  7,  11047, 5.6e-5
    - 4 :   2, 10,  527,    5,  8,     7,  2,     3,  7,  13509, 6.0e-5
    - 5 :   2, 10,  521,    5,  8,     7,  2,     4,  6,  17324, 5.5e-5
    - 6 :   2, 10,  524,    6,  7,     7,  2,     4,  6,  20550, 5.7e-5
    - 7 :   2, 10,  526,    7,  6,    14,  1,     4,  6,  24001, 6.1e-5
    - 8 :   2, 10,  533,    7,  6,    14,  1,     5,  5,  29593, 6.1e-5
    - 9 :   2, 10,  528,    7,  6,    14,  1,     7,  4,  40224, 6.1e-5
    - 10:   2, 10,  557,   11,  4,    15,  1,     6,  5,  54985, 6.3e-5
    - 11:   2, 10,  531,   14,  3,    14,  1,     7,  4,  78079, 6.3e-5
    - 12:   2, 10,  531,   14,  3,    15,  1,    10,  3, 109719, 6.3e-5
    - 13:   2, 10,  554,   22,  2,    15,  1,    11,  3, 190890, 6.3e-5
    - 14:   2, 10,  538,   44,  1,    15,  1,    16,  2, 535945, 6.3e-5
    # no solution starting from log norm2 = 15

  - 15: # bits
    -ln2:   k,  N,    n, br_l,br_b, ks_l,ks_b, cb_l,cb_b,  cost, p_error
    - 0 :   2, 10,  517,    4,  9,     7,  2,     2,  9,   7773, 5.3e-5
    - 1 :   2, 10,  529,    4,  9,     7,  2,     2,  9,   7882, 5.9e-5
    - 2 :   2, 10,  533,    5,  8,     7,  2,     2, 10,   9649, 6.2e-5
    - 3 :   2, 10,  526,    4,  9,     7,  2,     3,  7,  11047, 5.6e-5
    - 4 :   2, 10,  527,    5,  8,     7,  2,     3,  7,  13509, 6.0e-5
    - 5 :   2, 10,  521,    5,  8,     7,  2,     4,  6,  17324, 5.5e-5
    - 6 :   2, 10,  524,    6,  7,     7,  2,     4,  6,  20550, 5.7e-5
    - 7 :   2, 10,  526,    7,  6,    14,  1,     4,  6,  24001, 6.1e-5
    - 8 :   2, 10,  533,    7,  6,    14,  1,     5,  5,  29593, 6.1e-5
    - 9 :   2, 10,  528,    7,  6,    14,  1,     7,  4,  40224, 6.1e-5
    - 10:   2, 10,  557,   11,  4,    15,  1,     6,  5,  54985, 6.3e-5
    - 11:   2, 10,  531,   14,  3,    14,  1,     7,  4,  78079, 6.3e-5
    - 12:   2, 10,  531,   14,  3,    15,  1,    10,  3, 109719, 6.3e-5
    - 13:   2, 10,  554,   22,  2,    15,  1,    11,  3, 190890, 6.3e-5
    - 14:   2, 10,  538,   44,  1,    15,  1,    16,  2, 535945, 6.3e-5
    # no solution starting from log norm2 = 15

  - 16: # bits
    -ln2:   k,  N,    n, br_l,br_b, ks_l,ks_b, cb_l,cb_b,  cost, p_error
    - 0 :   2, 10,  517,    4,  9,     7,  2,     2,  9,   8705, 5.8e-5
    - 1 :   2, 10,  532,    4,  9,     7,  2,     2,  9,   8857, 6.0e-5
    - 2 :   2, 10,  538,    5,  8,     7,  2,     2, 10,  10863, 6.2e-5
    - 3 :   2, 10,  528,    4,  9,     7,  2,     3,  7,  12418, 5.8e-5
    - 4 :   2, 10,  530,    5,  8,     7,  2,     3,  7,  15199, 5.7e-5
    - 5 :   2, 10,  522,    5,  8,     7,  2,     4,  6,  19466, 5.6e-5
    - 6 :   2, 10,  526,    6,  7,     7,  2,     4,  6,  23112, 5.6e-5
    - 7 :   2, 10,  532,    7,  6,    14,  1,     4,  6,  27104, 6.0e-5
    - 8 :   2, 10,  542,    7,  6,    15,  1,     5,  5,  33572, 6.2e-5
    - 9 :   2, 10,  534,    7,  6,    15,  1,     7,  4,  45506, 6.3e-5
    - 10:   2, 10,  535,    8,  5,    14,  1,     9,  3,  65462, 6.2e-5
    - 11:   2, 10,  539,   14,  3,    15,  1,     7,  4,  88428, 6.3e-5
    - 12:   2, 10,  540,   14,  3,    15,  1,    10,  3, 124376, 6.3e-5
    - 13:   2, 10,  528,   22,  2,    14,  1,    15,  2, 282946, 6.0e-5
    - 14:   2, 10,  546,   45,  1,    15,  1,    16,  2, 620596, 6.2e-5
    # no solution starting from log norm2 = 15
