security level: 80
target p_error: 6.3e-5
per precision and log norm2:

  - 1: # bits
    -ln2:   k,  N,    n, br_l,br_b, ks_l,ks_b, cb_l,cb_b, pp_l,pp_b,  cost, p_error
    - 0 :   1, 10,  450,    2, 13,     2,  5,     1,  8,     2, 13,     42, 9.9e-9
    - 1 :   1, 10,  450,    3, 10,     2,  5,     1, 10,     2, 13,     53, 3.0e-14
    - 2 :   1, 10,  450,    3, 10,     2,  5,     1, 10,     2, 13,     53, 2.7e-5
    - 3 :   1, 10,  450,    4,  8,     3,  4,     1, 11,     3, 10,     70, 4.5e-5
    - 4 :   2, 10,  450,    3, 12,     2,  5,     1, 13,     1, 31,     97, 1.4e-5
    - 5 :   1, 10,  450,    3, 10,     4,  3,     2,  7,     3, 10,    115, 6.1e-5
    - 6 :   1, 10,  450,    4,  8,     2,  5,     2,  7,     3, 10,    136, 2.0e-6
    - 7 :   1, 10,  450,    6,  6,     2,  5,     2,  8,     3, 10,    182, 2.5e-6
    - 8 :   2, 10,  450,    3, 12,     3,  4,     2,  8,     1, 31,    193, 4.8e-5
    - 9 :   1, 10,  450,    6,  6,     3,  4,     3,  6,     3, 10,    273, 4.2e-5
    - 10:   2, 10,  450,    5,  8,     2,  5,     2, 10,     2, 20,    313, 2.8e-9
    - 11:   2, 10,  450,    6,  7,     2,  5,     2, 10,     2, 20,    350, 4.7e-7
    - 12:   2, 10,  450,    4,  9,     3,  4,     3,  7,     2, 20,    414, 4.6e-5
    - 13:   2, 10,  450,    6,  7,     2,  5,     3,  8,     2, 20,    523, 5.7e-7
    - 14:   2, 10,  450,    7,  6,     2,  5,     3,  8,     2, 20,    579, 4.4e-6
    - 15:   2, 10,  450,    9,  5,     3,  4,     3,  8,     2, 20,    691, 3.8e-5
    - 16:   2, 10,  450,    9,  5,     3,  4,     4,  6,     2, 20,    920, 3.8e-5
    - 17:   2, 10,  450,    9,  5,     4,  3,     5,  5,     2, 20,   1150, 6.1e-5
    - 18:   2, 10,  450,    8,  5,     2,  5,     7,  4,     2, 20,   1475, 1.0e-5
    - 19:   2, 10,  450,   11,  4,     2,  5,     7,  4,     2, 20,   1863, 1.3e-5
    - 20:   2, 10,  450,   11,  4,     2,  5,    10,  3,     2, 20,   2660, 4.9e-5
    - 21:   2, 10,  450,   21,  2,     3,  4,    10,  3,     2, 20,   4507, 5.6e-5
    - 22:   2, 10,  450,   22,  2,     2,  5,    16,  2,     2, 20,   7503, 4.8e-5
    # no solution starting from log norm2 = 23

  - 2: # bits
    -ln2:   k,  N,    n, br_l,br_b, ks_l,ks_b, cb_l,cb_b, pp_l,pp_b,  cost, p_error
    - 0 :   1, 10,  450,    4,  8,     3,  4,     1, 10,     2, 13,    187, 2.9e-5
    - 1 :   1, 10,  450,    3, 10,     2,  5,     2,  7,     2, 13,    255, 3.6e-10
    - 2 :   1, 10,  450,    3, 10,     2,  5,     2,  7,     2, 13,    255, 9.6e-6
    - 3 :   1, 10,  450,    4,  8,     2,  5,     2,  7,     2, 13,    312, 8.6e-6
    - 4 :   1, 10,  450,    3, 10,     3,  4,     3,  5,     2, 13,    361, 5.7e-5
    - 5 :   2, 10,  450,    3, 12,     2,  5,     2,  8,     1, 31,    453, 5.9e-5
    - 6 :   1, 10,  450,    4,  8,    14,  1,     4,  4,     3, 10,    619, 6.3e-5
    - 7 :   2, 10,  450,    3, 12,     3,  4,     3,  6,     1, 31,    644, 6.1e-7
    - 8 :   2, 10,  450,    5,  8,     3,  4,     2, 10,     2, 20,    737, 3.8e-6
    - 9 :   2, 10,  450,    4,  9,     2,  5,     3,  7,     2, 20,    914, 5.8e-5
    - 10:   2, 10,  450,    5,  8,     3,  4,     3,  7,     2, 20,   1047, 6.7e-7
    - 11:   2, 10,  450,    7,  6,     2,  5,     3,  8,     2, 20,   1302, 1.2e-5
    - 12:   2, 10,  450,    8,  5,     3,  4,     3,  8,     2, 20,   1434, 3.3e-6
    - 13:   2, 10,  450,    7,  6,     3,  4,     4,  6,     2, 20,   1689, 1.1e-5
    - 14:   2, 10,  450,    7,  6,     3,  4,     5,  5,     2, 20,   2073, 3.3e-5
    - 15:   2, 10,  450,    7,  6,     3,  4,     7,  4,     2, 20,   2840, 9.4e-6
    - 16:   2, 10,  450,    9,  5,     7,  2,     7,  4,     2, 20,   3408, 6.0e-5
    - 17:   2, 10,  450,   14,  3,     3,  4,     7,  4,     2, 20,   4778, 3.1e-5
    - 18:   2, 10,  450,   14,  3,     3,  4,    10,  3,     2, 20,   6704, 2.3e-5
    - 19:   2, 10,  450,   22,  2,     4,  3,    11,  3,     3, 15,  11275, 5.3e-5
    - 20:   2, 10,  450,   45,  1,     5,  3,    16,  2,     2, 20,  29446, 5.8e-5
    # no solution starting from log norm2 = 21

  - 3: # bits
    -ln2:   k,  N,    n, br_l,br_b, ks_l,ks_b, cb_l,cb_b, pp_l,pp_b,  cost, p_error
    - 0 :   1, 10,  450,    3, 10,     4,  3,     2,  7,     2, 13,    410, 5.3e-5
    - 1 :   1, 10,  450,    4,  8,     4,  3,     2,  7,     2, 13,    502, 4.7e-5
    - 2 :   1, 10,  450,    4,  8,     3,  4,     3,  5,     2, 13,    689, 1.8e-6
    - 3 :   2, 10,  450,    3, 12,     4,  3,     2,  8,     1, 31,    725, 4.1e-5
    - 4 :   1, 10,  450,    6,  6,     3,  4,     3,  6,     3, 10,    977, 4.0e-5
    - 5 :   2, 10,  450,    3, 12,     5,  3,     3,  6,     1, 31,   1012, 6.0e-5
    - 6 :   2, 10,  450,    3, 12,     3,  4,     4,  5,     1, 31,   1283, 4.1e-5
    - 7 :   2, 10,  450,    4,  9,     4,  3,     3,  7,     2, 20,   1426, 4.0e-5
    - 8 :   2, 10,  451,    5,  8,     5,  3,     3,  7,     2, 20,   1637, 6.1e-5
    - 9 :   2, 10,  450,    7,  6,     3,  4,     3,  8,     2, 20,   2030, 2.1e-5
    - 10:   2, 10,  450,    6,  7,     4,  3,     4,  6,     2, 20,   2352, 1.8e-5
    - 11:   2, 10,  450,    6,  7,     4,  3,     5,  5,     2, 20,   2872, 6.0e-5
    - 12:   2, 10,  450,    8,  5,     7,  2,     5,  5,     2, 20,   3516, 4.8e-5
    - 13:   2, 10,  450,    8,  5,     3,  4,     7,  4,     2, 20,   4757, 3.4e-5
    - 14:   2, 10,  450,   11,  4,     3,  4,     7,  4,     2, 20,   6030, 4.0e-5
    - 15:   2, 10,  450,   14,  3,     7,  2,     8,  4,     2, 20,   8288, 4.1e-5
    - 16:   2, 10,  450,   15,  3,    14,  1,    11,  3,     3, 15,  12653, 6.0e-5
    - 17:   2, 10,  450,   22,  2,     4,  3,    16,  2,     2, 20,  23361, 1.8e-5
    - 18:   2, 10,  450,   44,  1,    14,  1,    32,  1,     3, 15,  88011, 6.2e-5
    # no solution starting from log norm2 = 19

  - 4: # bits
    -ln2:   k,  N,    n, br_l,br_b, ks_l,ks_b, cb_l,cb_b, pp_l,pp_b,  cost, p_error
    - 0 :   1, 10,  450,    4,  8,     3,  4,     2,  7,     2, 13,    943, 1.3e-8
    - 1 :   1, 10,  450,    4,  8,     3,  4,     2,  7,     3, 10,    991, 3.1e-5
    - 2 :   1, 10,  450,    4,  8,     3,  4,     3,  5,     2, 13,   1324, 2.2e-5
    - 3 :   1, 10,  450,    5,  7,     3,  4,     3,  6,     3, 10,   1636, 2.4e-5
    - 4 :   2, 10,  450,    3, 12,     3,  4,     3,  6,     1, 31,   1933, 4.3e-7
    - 5 :   2, 10,  450,    5,  8,     3,  4,     2, 10,     2, 20,   2211, 1.4e-6
    - 6 :   2, 10,  450,    6,  7,     3,  4,     2, 10,     2, 20,   2488, 2.2e-5
    - 7 :   2, 10,  450,    8,  5,     7,  2,     2, 11,     2, 20,   3084, 5.6e-5
    - 8 :   2, 10,  450,    6,  7,     3,  4,     3,  8,     2, 20,   3529, 2.5e-5
    - 9 :   2, 10,  450,    7,  6,     4,  3,     3,  8,     2, 20,   3927, 2.7e-5
    - 10:   2, 10,  450,    5,  8,     5,  3,     5,  5,     2, 20,   5022, 6.1e-5
    - 11:   2, 10,  450,    7,  6,     3,  4,     5,  5,     2, 20,   6219, 6.7e-6
    - 12:   2, 10,  450,    8,  5,     3,  4,     6,  5,     2, 20,   8090, 4.2e-5
    - 13:   2, 10,  450,    8,  5,     4,  3,     7,  4,     2, 20,   9362, 5.4e-5
    - 14:   2, 10,  450,   11,  4,     5,  3,     7,  4,     2, 20,  11864, 4.5e-5
    - 15:   2, 10,  450,   14,  3,     3,  4,    10,  3,     2, 20,  20114, 5.2e-6
    - 16:   2, 10,  450,   22,  2,     4,  3,    10,  3,     2, 20,  29427, 2.5e-5
    - 17:   2, 10,  450,   22,  2,     7,  2,    16,  2,     3, 15,  48639, 5.0e-5
    # no solution starting from log norm2 = 18

  - 5: # bits
    -ln2:   k,  N,    n, br_l,br_b, ks_l,ks_b, cb_l,cb_b, pp_l,pp_b,  cost, p_error
    - 0 :   1, 10,  450,    4,  8,     3,  4,     2,  7,     2, 13,    943, 1.3e-8
    - 1 :   1, 10,  450,    4,  8,     3,  4,     2,  7,     3, 10,    991, 3.1e-5
    - 2 :   1, 10,  450,    4,  8,     3,  4,     3,  5,     2, 13,   1324, 2.2e-5
    - 3 :   1, 10,  450,    5,  7,     3,  4,     3,  6,     3, 10,   1636, 2.4e-5
    - 4 :   2, 10,  450,    3, 12,     3,  4,     3,  6,     1, 31,   1933, 4.3e-7
    - 5 :   2, 10,  450,    5,  8,     3,  4,     2, 10,     2, 20,   2211, 1.4e-6
    - 6 :   2, 10,  450,    6,  7,     3,  4,     2, 10,     2, 20,   2488, 2.2e-5
    - 7 :   2, 10,  450,    8,  5,     7,  2,     2, 11,     2, 20,   3084, 5.6e-5
    - 8 :   2, 10,  450,    6,  7,     3,  4,     3,  8,     2, 20,   3529, 2.5e-5
    - 9 :   2, 10,  450,    7,  6,     4,  3,     3,  8,     2, 20,   3927, 2.7e-5
    - 10:   2, 10,  450,    5,  8,     5,  3,     5,  5,     2, 20,   5022, 6.1e-5
    - 11:   2, 10,  450,    7,  6,     3,  4,     5,  5,     2, 20,   6219, 6.7e-6
    - 12:   2, 10,  450,    8,  5,     3,  4,     6,  5,     2, 20,   8090, 4.2e-5
    - 13:   2, 10,  450,    8,  5,     4,  3,     7,  4,     2, 20,   9362, 5.4e-5
    - 14:   2, 10,  450,   11,  4,     5,  3,     7,  4,     2, 20,  11864, 4.5e-5
    - 15:   2, 10,  450,   14,  3,     3,  4,    10,  3,     2, 20,  20114, 5.2e-6
    - 16:   2, 10,  450,   22,  2,     4,  3,    10,  3,     2, 20,  29427, 2.5e-5
    - 17:   2, 10,  450,   22,  2,     7,  2,    16,  2,     3, 15,  48639, 5.0e-5
    # no solution starting from log norm2 = 18

  - 6: # bits
    -ln2:   k,  N,    n, br_l,br_b, ks_l,ks_b, cb_l,cb_b, pp_l,pp_b,  cost, p_error
    - 0 :   1, 10,  450,    4,  8,     3,  4,     2,  7,     2, 13,   1128, 6.3e-8
    - 1 :   1, 10,  450,    4,  8,     4,  3,     2,  7,     3, 10,   1190, 5.3e-5
    - 2 :   1, 10,  450,    4,  8,     4,  3,     3,  5,     2, 13,   1578, 3.8e-5
    - 3 :   1, 10,  450,    5,  7,     4,  3,     3,  6,     3, 10,   1948, 4.0e-5
    - 4 :   2, 10,  450,    3, 12,     3,  4,     3,  6,     1, 31,   2291, 1.2e-6
    - 5 :   2, 10,  450,    5,  8,     3,  4,     2, 10,     2, 20,   2633, 3.8e-6
    - 6 :   2, 10,  450,    6,  7,     3,  4,     2, 10,     2, 20,   2965, 5.6e-5
    - 7 :   2, 10,  450,    5,  8,     3,  4,     3,  7,     2, 20,   3718, 1.3e-6
    - 8 :   2, 10,  450,    6,  7,     3,  4,     3,  8,     2, 20,   4179, 6.3e-5
    - 9 :   2, 10,  450,    7,  6,     5,  3,     3,  8,     2, 20,   4665, 5.5e-5
    - 10:   2, 10,  450,    7,  6,     3,  4,     4,  6,     2, 20,   5984, 8.0e-6
    - 11:   2, 10,  450,    7,  6,     3,  4,     5,  5,     2, 20,   7327, 1.8e-5
    - 12:   2, 10,  450,    8,  5,     4,  3,     6,  5,     2, 20,   9531, 3.4e-5
    - 13:   2, 10,  450,    9,  5,     3,  4,     7,  4,     2, 20,  11970, 4.5e-5
    - 14:   2, 10,  450,   15,  3,     7,  2,     6,  5,     2, 20,  15512, 5.2e-5
    - 15:   2, 10,  450,   14,  3,     3,  4,    10,  3,     2, 20,  23603, 1.4e-5
    - 16:   2, 10,  450,   22,  2,     5,  3,    10,  3,     2, 20,  34554, 5.1e-5
    - 17:   2, 10,  450,   43,  1,     5,  3,    16,  2,     2, 20,  99202, 4.4e-5
    # no solution starting from log norm2 = 18

  - 7: # bits
    -ln2:   k,  N,    n, br_l,br_b, ks_l,ks_b, cb_l,cb_b, pp_l,pp_b,  cost, p_error
    - 0 :   1, 10,  450,    4,  8,     3,  4,     2,  7,     2, 13,   1313, 6.0e-6
    - 1 :   1, 10,  450,    3, 10,     5,  3,     3,  5,     3, 10,   1599, 5.0e-5
    - 2 :   2, 10,  450,    3, 12,     3,  4,     2,  8,     1, 31,   1896, 2.1e-5
    - 3 :   1, 10,  450,    6,  6,     3,  4,     3,  6,     3, 10,   2579, 2.1e-6
    - 4 :   2, 10,  450,    3, 12,     3,  4,     3,  6,     1, 31,   2648, 4.2e-5
    - 5 :   2, 10,  450,    5,  8,     4,  3,     2, 10,     2, 20,   3069, 2.2e-5
    - 6 :   2, 10,  450,    4,  9,     3,  4,     3,  7,     2, 20,   3760, 2.1e-5
    - 7 :   2, 10,  450,    5,  8,     3,  4,     3,  7,     2, 20,   4295, 4.4e-5
    - 8 :   2, 10,  450,    7,  6,     3,  4,     3,  8,     2, 20,   5365, 2.7e-6
    - 9 :   2, 10,  450,    8,  5,     4,  3,     3,  8,     2, 20,   5915, 2.0e-5
    - 10:   2, 10,  450,    7,  6,     4,  3,     4,  6,     2, 20,   6914, 4.9e-5
    - 11:   2, 10,  450,    7,  6,     7,  2,     5,  5,     2, 20,   8492, 3.9e-5
    - 12:   2, 10,  450,    7,  6,     4,  3,     7,  4,     2, 20,  11519, 4.3e-5
    - 13:   2, 10,  450,   10,  4,     7,  2,     7,  4,     2, 20,  14939, 4.8e-5
    - 14:   2, 10,  450,   14,  3,     7,  2,     7,  4,     2, 20,  19443, 3.6e-5
    - 15:   2, 10,  450,   14,  3,     5,  3,    10,  3,     2, 20,  27120, 5.1e-5
    - 16:   2, 10,  450,   22,  2,     4,  3,    15,  2,     2, 20,  58406, 4.1e-5
    - 17:   2, 10,  450,   44,  1,     7,  2,    16,  2,     3, 15, 119277, 4.9e-5
    # no solution starting from log norm2 = 18

  - 8: # bits
    -ln2:   k,  N,    n, br_l,br_b, ks_l,ks_b, cb_l,cb_b, pp_l,pp_b,  cost, p_error
    - 0 :   1, 10,  450,    4,  8,     3,  4,     2,  7,     2, 13,   1498, 1.4e-5
    - 1 :   1, 10,  450,    5,  7,     7,  2,     2,  8,     4,  8,   1948, 4.9e-5
    - 2 :   2, 10,  450,    3, 12,     3,  4,     2,  8,     1, 31,   2159, 3.8e-5
    - 3 :   1, 10,  450,    6,  6,     3,  4,     3,  6,     3, 10,   2931, 5.2e-6
    - 4 :   2, 10,  452,    3, 12,     3,  4,     3,  6,     1, 31,   3016, 6.0e-5
    - 5 :   2, 10,  450,    5,  8,     4,  3,     2, 10,     2, 20,   3493, 4.9e-5
    - 6 :   2, 10,  450,    4,  9,     3,  4,     3,  7,     2, 20,   4263, 3.7e-5
    - 7 :   2, 10,  452,    5,  8,     3,  4,     3,  7,     2, 20,   4888, 6.3e-5
    - 8 :   2, 10,  450,    7,  6,     3,  4,     3,  8,     2, 20,   6090, 4.9e-6
    - 9 :   2, 10,  450,    8,  5,     4,  3,     3,  8,     2, 20,   6715, 4.5e-5
    - 10:   2, 10,  451,    7,  6,     5,  3,     4,  6,     2, 20,   7862, 6.1e-5
    - 11:   2, 10,  450,    8,  5,     4,  3,     5,  5,     2, 20,  10501, 2.0e-5
    - 12:   2, 10,  450,    7,  6,     5,  3,     7,  4,     2, 20,  13029, 5.6e-5
    - 13:   2, 10,  450,   11,  4,     3,  4,     7,  4,     2, 20,  18091, 9.3e-6
    - 14:   2, 10,  450,   15,  3,     5,  3,     7,  4,     2, 20,  23217, 5.7e-5
    - 15:   2, 10,  450,   14,  3,    14,  1,    10,  3,     2, 20,  30755, 6.1e-5
    - 16:   2, 10,  450,   22,  2,     5,  3,    15,  2,     2, 20,  65880, 5.3e-5
    - 17:   2, 10,  450,   45,  1,     7,  2,    17,  2,     3, 15, 145521, 5.7e-5
    # no solution starting from log norm2 = 18

  - 9: # bits
    -ln2:   k,  N,    n, br_l,br_b, ks_l,ks_b, cb_l,cb_b, pp_l,pp_b,  cost, p_error
    - 0 :   1, 10,  450,    4,  8,     3,  4,     2,  7,     2, 13,   1812, 5.5e-5
    - 1 :   1, 10,  450,    4,  8,     3,  4,     3,  5,     2, 13,   2510, 9.3e-7
    - 2 :   2, 10,  450,    3, 12,     4,  3,     2,  8,     1, 31,   2635, 2.3e-5
    - 3 :   1, 10,  450,    6,  6,     3,  4,     3,  6,     3, 10,   3557, 2.2e-5
    - 4 :   2, 10,  450,    3, 12,     4,  3,     3,  6,     1, 31,   3669, 5.6e-5
    - 5 :   2, 10,  450,    5,  8,    14,  1,     2, 10,     2, 20,   4428, 6.0e-5
    - 6 :   2, 10,  450,    4,  9,     4,  3,     3,  7,     2, 20,   5200, 2.2e-5
    - 7 :   2, 10,  450,    5,  8,     4,  3,     3,  7,     2, 20,   5938, 5.9e-5
    - 8 :   2, 10,  450,    7,  6,     3,  4,     3,  8,     2, 20,   7396, 1.4e-5
    - 9 :   2, 10,  450,    8,  5,     7,  2,     3,  8,     2, 20,   8211, 6.1e-5
    - 10:   2, 10,  450,    8,  5,     4,  3,     4,  6,     2, 20,  10467, 4.3e-5
    - 11:   2, 10,  450,    8,  5,     5,  3,     5,  5,     2, 20,  12800, 4.5e-5
    - 12:   2, 10,  450,    8,  5,     3,  4,     7,  4,     2, 20,  17388, 2.2e-5
    - 13:   2, 10,  450,   11,  4,     3,  4,     7,  4,     2, 20,  22039, 2.6e-5
    - 14:   2, 10,  450,   14,  3,     5,  3,     8,  4,     2, 20,  30261, 3.9e-5
    - 15:   2, 10,  450,   15,  3,    14,  1,    10,  3,     2, 20,  39659, 5.7e-5
    - 16:   2, 10,  450,   22,  2,     3,  4,    16,  2,     2, 20,  85497, 5.7e-5
    - 17:   2, 10,  450,   44,  1,     7,  2,    32,  1,     3, 15, 322298, 3.6e-5
    # no solution starting from log norm2 = 18

  - 10: # bits
    -ln2:   k,  N,    n, br_l,br_b, ks_l,ks_b, cb_l,cb_b, pp_l,pp_b,  cost, p_error
    - 0 :   2, 10,  450,    3, 12,     5,  3,     2,  8,     1, 31,   2724, 2.9e-5
    - 1 :   1, 10,  450,    6,  6,     4,  3,     3,  6,     3, 10,   3644, 1.4e-5
    - 2 :   2, 10,  450,    3, 12,     5,  3,     3,  6,     1, 31,   3759, 5.1e-5
    - 3 :   2, 10,  450,    5,  8,     7,  2,     2, 10,     2, 20,   4399, 2.6e-5
    - 4 :   2, 10,  450,    4,  9,     5,  3,     3,  7,     2, 20,   5308, 2.8e-5
    - 5 :   2, 10,  450,    5,  8,     5,  3,     3,  7,     2, 20,   6065, 5.3e-5
    - 6 :   2, 10,  450,    7,  6,     4,  3,     3,  8,     2, 20,   7559, 3.4e-5
    - 7 :   2, 10,  450,    8,  5,     7,  2,     3,  8,     2, 20,   8374, 2.4e-5
    - 8 :   2, 10,  450,    7,  6,     7,  2,     4,  6,     2, 20,   9727, 5.2e-5
    - 9 :   2, 10,  467,    7,  6,    16,  1,     5,  5,     2, 20,  12366, 6.3e-5
    - 10:   2, 10,  450,    7,  6,     7,  2,     7,  4,     2, 20,  16059, 4.6e-5
    - 11:   2, 10,  450,   11,  4,     4,  3,     7,  4,     2, 20,  22276, 4.8e-5
    - 12:   2, 10,  459,   14,  3,    15,  1,     7,  4,     2, 20,  27666, 6.3e-5
    - 13:   2, 10,  450,   14,  3,    14,  1,    10,  3,     2, 20,  37772, 6.3e-5
    - 14:   2, 10,  450,   22,  2,     7,  2,    15,  2,     2, 20,  80840, 4.4e-5
    - 15:   2, 10,  453,   45,  1,    15,  1,    16,  2,     3, 15, 169526, 6.3e-5
    # no solution starting from log norm2 = 16

  - 11: # bits
    -ln2:   k,  N,    n, br_l,br_b, ks_l,ks_b, cb_l,cb_b, pp_l,pp_b,  cost, p_error
    - 0 :   1, 10,  450,    4,  8,     3,  4,     3,  5,     2, 13,   3007, 3.6e-5
    - 1 :   1, 10,  450,    5,  7,     3,  4,     3,  6,     3, 10,   3712, 3.8e-5
    - 2 :   2, 10,  450,    3, 12,     3,  4,     3,  6,     1, 31,   4365, 7.8e-6
    - 3 :   2, 10,  450,    5,  8,     3,  4,     2, 10,     2, 20,   5059, 1.5e-5
    - 4 :   2, 10,  450,    3, 12,     5,  3,     4,  5,     1, 31,   5633, 4.9e-5
    - 5 :   2, 10,  450,    5,  8,     3,  4,     3,  7,     2, 20,   7074, 8.0e-6
    - 6 :   2, 10,  450,    6,  7,     4,  3,     3,  8,     2, 20,   7982, 1.2e-5
    - 7 :   2, 10,  450,    7,  6,     4,  3,     3,  8,     2, 20,   8868, 4.3e-5
    - 8 :   2, 10,  450,    6,  7,    14,  1,     4,  6,     2, 20,  10466, 5.9e-5
    - 9 :   2, 10,  450,    7,  6,     3,  4,     5,  5,     2, 20,  13834, 3.9e-5
    - 10:   2, 10,  450,    8,  5,     4,  3,     6,  5,     2, 20,  17958, 2.0e-5
    - 11:   2, 10,  450,    8,  5,     5,  3,     7,  4,     2, 20,  20715, 3.8e-5
    - 12:   2, 10,  450,   11,  4,     5,  3,     7,  4,     2, 20,  26252, 4.7e-5
    - 13:   2, 10,  450,   11,  4,    14,  1,    10,  3,     2, 20,  36821, 6.3e-5
    - 14:   2, 10,  450,   22,  2,     4,  3,    10,  3,     2, 20,  64812, 4.0e-5
    - 15:   2, 10,  450,   22,  2,    14,  1,    16,  2,     2, 20, 101603, 6.1e-5
    # no solution starting from log norm2 = 16

  - 12: # bits
    -ln2:   k,  N,    n, br_l,br_b, ks_l,ks_b, cb_l,cb_b, pp_l,pp_b,  cost, p_error
    - 0 :   2, 10,  450,    3, 12,     4,  3,     2,  8,     1, 31,   3431, 1.5e-5
    - 1 :   2, 10,  466,    4,  9,     7,  2,     2,  9,     1, 31,   4332, 6.3e-5
    - 2 :   2, 10,  450,    3, 12,     4,  3,     3,  6,     1, 31,   4748, 2.7e-5
    - 3 :   2, 10,  450,    5,  8,     4,  3,     2, 10,     2, 20,   5507, 6.1e-5
    - 4 :   2, 10,  450,    4,  9,     4,  3,     3,  7,     2, 20,   6717, 1.4e-5
    - 5 :   2, 10,  450,    5,  8,     4,  3,     3,  7,     2, 20,   7676, 2.8e-5
    - 6 :   2, 10,  450,    7,  6,     4,  3,     3,  8,     2, 20,   9596, 2.5e-6
    - 7 :   2, 10,  450,    8,  5,     4,  3,     3,  8,     2, 20,  10556, 5.7e-5
    - 8 :   2, 10,  450,    7,  6,     5,  3,     4,  6,     2, 20,  12307, 4.0e-5
    - 9 :   2, 10,  450,    7,  6,     7,  2,     5,  5,     2, 20,  15043, 2.7e-5
    - 10:   2, 10,  450,    7,  6,     5,  3,     7,  4,     2, 20,  20367, 3.6e-5
    - 11:   2, 10,  450,    9,  5,    14,  1,     7,  4,     2, 20,  24576, 6.3e-5
    - 12:   2, 10,  450,   14,  3,     7,  2,     7,  4,     2, 20,  34370, 2.6e-5
    - 13:   2, 10,  450,   14,  3,     7,  2,    10,  3,     2, 20,  47856, 2.1e-5
    - 14:   2, 10,  450,   22,  2,     7,  2,    11,  3,     3, 15,  80266, 5.7e-5
    - 15:   2, 10,  450,   45,  1,    14,  1,    16,  2,     2, 20, 208889, 5.4e-5
    # no solution starting from log norm2 = 16

  - 13: # bits
    -ln2:   k,  N,    n, br_l,br_b, ks_l,ks_b, cb_l,cb_b, pp_l,pp_b,  cost, p_error
    - 0 :   2, 10,  450,    3, 12,     4,  3,     2,  8,     1, 31,   3628, 2.0e-5
    - 1 :   1, 10,  450,    6,  6,     3,  4,     3,  6,     3, 10,   4888, 1.9e-5
    - 2 :   2, 10,  450,    3, 12,     4,  3,     3,  6,     1, 31,   5040, 3.7e-5
    - 3 :   2, 10,  450,    5,  8,     5,  3,     2, 10,     2, 20,   5852, 3.0e-5
    - 4 :   2, 10,  450,    4,  9,     4,  3,     3,  7,     2, 20,   7136, 2.0e-5
    - 5 :   2, 10,  450,    5,  8,     4,  3,     3,  7,     2, 20,   8151, 3.8e-5
    - 6 :   2, 10,  450,    7,  6,     4,  3,     3,  8,     2, 20,  10181, 3.4e-6
    - 7 :   2, 10,  450,    8,  5,     5,  3,     3,  8,     2, 20,  11223, 2.8e-5
    - 8 :   2, 10,  450,    7,  6,     5,  3,     4,  6,     2, 20,  13086, 5.9e-5
    - 9 :   2, 10,  450,    7,  6,     7,  2,     5,  5,     2, 20,  16018, 4.4e-5
    - 10:   2, 10,  450,    7,  6,     5,  3,     7,  4,     2, 20,  21724, 5.3e-5
    - 11:   2, 10,  450,   10,  4,     7,  2,     7,  4,     2, 20,  28144, 5.3e-5
    - 12:   2, 10,  450,   14,  3,     7,  2,     7,  4,     2, 20,  36635, 4.2e-5
    - 13:   2, 10,  450,   14,  3,     7,  2,    10,  3,     2, 20,  51086, 3.3e-5
    - 14:   2, 10,  457,   23,  2,    15,  1,    11,  3,     3, 15,  90348, 6.3e-5
    - 15:   2, 10,  450,   44,  1,     7,  2,    16,  2,     3, 15, 224180, 5.4e-5
    # no solution starting from log norm2 = 16

  - 14: # bits
    -ln2:   k,  N,    n, br_l,br_b, ks_l,ks_b, cb_l,cb_b, pp_l,pp_b,  cost, p_error
    - 0 :   2, 10,  450,    3, 12,     4,  3,     2,  8,     1, 31,   4169, 3.5e-5
    - 1 :   1, 10,  450,    6,  6,     3,  4,     3,  6,     3, 10,   5601, 3.4e-5
    - 2 :   2, 10,  451,    3, 12,     4,  3,     3,  6,     1, 31,   5782, 6.1e-5
    - 3 :   2, 10,  450,    5,  8,     5,  3,     2, 10,     2, 20,   6714, 6.1e-5
    - 4 :   2, 10,  450,    4,  9,     4,  3,     3,  7,     2, 20,   8160, 3.5e-5
    - 5 :   2, 10,  450,    5,  8,     5,  3,     3,  7,     2, 20,   9353, 2.3e-5
    - 6 :   2, 10,  450,    7,  6,     4,  3,     3,  8,     2, 20,  11648, 5.8e-6
    - 7 :   2, 10,  450,    8,  5,     5,  3,     3,  8,     2, 20,  12841, 5.7e-5
    - 8 :   2, 10,  450,    7,  6,     7,  2,     4,  6,     2, 20,  15005, 4.3e-5
    - 9 :   2, 10,  450,    8,  5,     5,  3,     5,  5,     2, 20,  20002, 2.9e-5
    - 10:   2, 10,  450,    7,  6,     7,  2,     7,  4,     2, 20,  24805, 3.8e-5
    - 11:   2, 10,  450,    8,  5,     7,  2,     9,  3,     2, 20,  34384, 5.9e-5
    - 12:   2, 10,  450,   15,  3,     7,  2,     7,  4,     2, 20,  44148, 3.9e-5
    - 13:   2, 10,  450,   14,  3,    14,  1,    10,  3,     2, 20,  58329, 6.1e-5
    - 14:   2, 10,  450,   22,  2,     7,  2,    15,  2,     2, 20, 124859, 3.6e-5
    - 15:   2, 10,  456,   45,  1,    15,  1,    16,  2,     3, 15, 263372, 6.3e-5
    # no solution starting from log norm2 = 16

  - 15: # bits
    -ln2:   k,  N,    n, br_l,br_b, ks_l,ks_b, cb_l,cb_b, pp_l,pp_b,  cost, p_error
    - 0 :   1, 10,  453,    5,  7,     7,  2,     3,  6,     3, 10,   4719, 6.3e-5
    - 1 :   2, 10,  451,    3, 12,     5,  3,     3,  6,     1, 31,   5511, 5.5e-5
    - 2 :   2, 10,  453,    5,  8,     5,  3,     2, 10,     2, 20,   6420, 6.1e-5
    - 3 :   2, 10,  450,    6,  7,     7,  2,     2, 10,     2, 20,   7256, 5.4e-5
    - 4 :   2, 10,  451,    5,  8,     5,  3,     3,  7,     2, 20,   8884, 5.6e-5
    - 5 :   2, 10,  450,    6,  7,     7,  2,     3,  8,     2, 20,  10033, 5.9e-5
    - 6 :   2, 10,  456,    5,  8,    15,  1,     4,  6,     2, 20,  11747, 6.3e-5
    - 7 :   2, 10,  450,    7,  6,     7,  2,     4,  6,     2, 20,  14213, 1.3e-5
    - 8 :   2, 10,  450,    7,  6,     7,  2,     5,  5,     2, 20,  17285, 2.3e-5
    - 9 :   2, 10,  450,    8,  5,    14,  1,     6,  5,     2, 20,  22548, 5.4e-5
    - 10:   2, 10,  450,    9,  5,     7,  2,     7,  4,     2, 20,  28007, 4.6e-5
    - 11:   2, 10,  450,   14,  3,     7,  2,     7,  4,     2, 20,  39450, 2.3e-5
    - 12:   2, 10,  450,   14,  3,     7,  2,    10,  3,     2, 20,  54868, 2.0e-5
    - 13:   2, 10,  463,   22,  2,    15,  1,    10,  3,     2, 20,  82593, 6.3e-5
    - 14:   2, 10,  459,   43,  1,    15,  1,    16,  2,     2, 20, 233719, 6.2e-5
    # no solution starting from log norm2 = 15

  - 16: # bits
    -ln2:   k,  N,    n, br_l,br_b, ks_l,ks_b, cb_l,cb_b, pp_l,pp_b,  cost, p_error
    - 0 :   2, 10,  454,    3, 12,     7,  2,     2,  8,     1, 31,   4576, 6.2e-5
    - 1 :   1, 10,  450,    6,  6,     7,  2,     3,  6,     3, 10,   6029, 4.2e-5
    - 2 :   2, 10,  450,    5,  8,     4,  3,     2, 10,     2, 20,   7122, 2.1e-5
    - 3 :   2, 10,  452,    3, 12,     5,  3,     4,  5,     1, 31,   7912, 5.8e-5
    - 4 :   2, 10,  454,    4,  9,     7,  2,     3,  7,     2, 20,   8834, 6.3e-5
    - 5 :   2, 10,  450,    6,  7,     5,  3,     3,  8,     2, 20,  11190, 1.7e-5
    - 6 :   2, 10,  450,    7,  6,     5,  3,     3,  8,     2, 20,  12426, 4.2e-5
    - 7 :   2, 10,  450,    6,  7,     7,  2,     4,  6,     2, 20,  14385, 3.6e-5
    - 8 :   2, 10,  450,    9,  5,     7,  2,     4,  6,     2, 20,  19091, 6.3e-5
    - 9 :   2, 10,  452,    9,  5,    15,  1,     5,  5,     2, 20,  23558, 6.2e-5
    - 10:   2, 10,  450,    8,  5,     5,  3,     7,  4,     2, 20,  28847, 6.3e-5
    - 11:   2, 10,  450,   11,  4,     7,  2,     7,  4,     2, 20,  36607, 1.4e-5
    - 12:   2, 10,  450,   11,  4,     7,  2,    10,  3,     2, 20,  50985, 3.8e-5
    - 13:   2, 10,  450,   21,  2,    14,  1,    10,  3,     2, 20,  86829, 6.0e-5
    - 14:   2, 10,  450,   22,  2,     7,  2,    16,  2,     2, 20, 140852, 3.7e-5
    # no solution starting from log norm2 = 15
