security level: 192
target p_error: 6.3e-5
per precision and log norm2:

  - 1: # bits
    -ln2:   k,  N,    n, br_l,br_b, ks_l,ks_b, cb_l,cb_b, pp_l,pp_b,  cost, p_error
    - 0 :   3, 10,  939,    2, 15,     3,  3,     1, 10,     1, 26,    239, 6.0e-5
    - 1 :   3, 10,  898,    2, 15,     5,  2,     1, 10,     1, 26,    242, 6.1e-5
    - 2 :   3, 10,  964,    3, 12,     4,  3,     1, 11,     1, 26,    305, 6.3e-5
    - 3 :   3, 10,  898,    3, 12,     5,  2,     1, 12,     2, 18,    367, 6.1e-5
    - 4 :   3, 10,  897,    4,  9,     5,  2,     1, 14,     2, 18,    419, 6.0e-5
    - 5 :   3, 10,  903,    5,  8,     5,  2,     1, 14,     2, 18,    474, 6.1e-5
    - 6 :   3, 10,  927,    7,  6,     6,  2,     1, 15,     2, 18,    597, 6.2e-5
    - 7 :   3, 10,  904,    3, 12,     5,  2,     2,  8,     2, 18,    710, 6.0e-5
    - 8 :   3, 10,  889,    4,  9,     5,  2,     2,  9,     2, 18,    807, 6.2e-5
    - 9 :   3, 10,  941,    4,  9,     6,  2,     2,  9,     2, 18,    843, 6.1e-5
    - 10:   3, 10,  912,    6,  7,     5,  2,     2, 10,     2, 18,   1035, 5.9e-5
    - 11:   3, 10,  961,    4,  9,     6,  2,     3,  7,     2, 18,   1266, 6.3e-5
    - 12:   3, 10,  928,    5,  8,     6,  2,     3,  7,     2, 18,   1400, 6.0e-5
    - 13:   3, 10,  917,    5,  8,     6,  2,     4,  6,     2, 18,   1841, 6.1e-5
    - 14:   3, 10,  891,    7,  6,    11,  1,     4,  6,     2, 18,   2249, 6.1e-5
    - 15:   3, 10,  901,    8,  5,    11,  1,     4,  6,     3, 13,   2767, 6.3e-5
    - 16:   3, 10,  913,    8,  5,    11,  1,     5,  5,     3, 13,   3476, 6.1e-5
    - 17:   3, 10,  905,    8,  5,    11,  1,     7,  4,     3, 13,   4814, 6.1e-5
    - 18:   3, 10,  898,   11,  4,    11,  1,     7,  4,     3, 13,   5893, 6.0e-5
    - 19:   3, 10,  924,   11,  4,    12,  1,    10,  3,     3, 13,   8580, 6.2e-5
    - 20:   3, 10,  896,   22,  2,    11,  1,    10,  3,     3, 13,  14156, 6.1e-5
    - 21:   3, 10,  967,   22,  2,    12,  1,    15,  2,     4, 11,  23714, 6.3e-5
    # no solution starting from log norm2 = 22

  - 2: # bits
    -ln2:   k,  N,    n, br_l,br_b, ks_l,ks_b, cb_l,cb_b, pp_l,pp_b,  cost, p_error
    - 0 :   3, 10,  979,    3, 12,     4,  3,     1, 12,     2, 18,   1000, 5.8e-5
    - 1 :   3, 10, 1021,    3, 12,     4,  3,     1, 12,     2, 18,   1030, 6.1e-5
    - 2 :   3, 10,  997,    2, 15,     4,  3,     2,  7,     1, 26,   1157, 6.1e-5
    - 3 :   3, 10, 1018,    5,  8,     6,  2,     1, 14,     2, 18,   1422, 6.2e-5
    - 4 :   3, 10,  947,    3, 12,     6,  2,     2,  8,     2, 18,   1713, 5.7e-5
    - 5 :   3, 10, 1032,    3, 12,     6,  2,     2,  8,     2, 18,   1815, 6.3e-5
    - 6 :   3, 10,  958,    4,  9,     6,  2,     2,  9,     2, 18,   2007, 6.0e-5
    - 7 :   3, 10,  982,    5,  8,     6,  2,     2, 10,     2, 18,   2330, 6.1e-5
    - 8 :   3, 10,  961,    4,  9,     6,  2,     3,  7,     2, 18,   2833, 6.0e-5
    - 9 :   3, 10,  955,    5,  8,     6,  2,     3,  7,     2, 18,   3212, 6.1e-5
    - 10:   3, 10, 1025,    6,  7,     7,  2,     3,  7,     2, 18,   3823, 6.2e-5
    - 11:   3, 10,  964,    6,  7,     6,  2,     4,  6,     2, 18,   4679, 6.3e-5
    - 12:   3, 10,  967,    7,  6,     6,  2,     4,  6,     3, 13,   5776, 6.0e-5
    - 13:   3, 10,  977,    7,  6,     6,  2,     5,  5,     3, 13,   7136, 6.1e-5
    - 14:   3, 10,  974,   11,  4,    12,  1,     5,  5,     3, 13,   9735, 6.1e-5
    - 15:   3, 10, 1018,   10,  4,    13,  1,     7,  4,     3, 13,  12865, 6.3e-5
    - 16:   3, 10,  964,   14,  3,    12,  1,     7,  4,     3, 13,  15715, 6.3e-5
    - 17:   3, 10,  989,   14,  3,    13,  1,    10,  3,     3, 13,  22483, 6.3e-5
    - 18:   3, 10,  955,   22,  2,    12,  1,    15,  2,     3, 13,  46127, 5.9e-5
    - 19:   3, 10,  997,   44,  1,    13,  1,    16,  2,     4, 11,  95693, 6.3e-5
    # no solution starting from log norm2 = 20

  - 3: # bits
    -ln2:   k,  N,    n, br_l,br_b, ks_l,ks_b, cb_l,cb_b, pp_l,pp_b,  cost, p_error
    - 0 :   3, 10, 1120,    2, 15,     5,  3,     2,  7,     1, 26,   2033, 6.3e-5
    - 1 :   3, 10, 1030,    2, 15,     6,  2,     3,  5,     1, 26,   2647, 6.0e-5
    - 2 :   3, 10, 1023,    3, 12,     6,  2,     2,  8,     2, 18,   2836, 6.2e-5
    - 3 :   3, 10, 1010,    4,  9,     6,  2,     2,  9,     2, 18,   3285, 5.7e-5
    - 4 :   3, 10, 1055,    4,  9,     7,  2,     2,  9,     2, 18,   3423, 6.3e-5
    - 5 :   3, 10, 1032,    6,  7,     6,  2,     2, 10,     2, 18,   4305, 6.1e-5
    - 6 :   3, 10, 1082,    4,  9,     7,  2,     3,  7,     2, 18,   4822, 6.3e-5
    - 7 :   3, 10, 1043,    5,  8,     7,  2,     3,  7,     2, 18,   5368, 6.1e-5
    - 8 :   3, 10, 1035,    5,  8,     7,  2,     4,  6,     2, 18,   6812, 6.2e-5
    - 9 :   3, 10, 1102,    6,  7,    15,  1,     4,  6,     2, 18,   8304, 6.3e-5
    - 10:   3, 10, 1035,    8,  5,     7,  2,     4,  6,     3, 13,  10224, 6.0e-5
    - 11:   3, 10, 1045,    8,  5,     7,  2,     5,  5,     3, 13,  12551, 6.2e-5
    - 12:   3, 10, 1025,    8,  5,    13,  1,     7,  4,     3, 13,  16999, 6.2e-5
    - 13:   3, 10, 1017,   11,  4,    13,  1,     7,  4,     3, 13,  21013, 6.0e-5
    - 14:   3, 10, 1043,   11,  4,    14,  1,    10,  3,     3, 13,  29866, 6.3e-5
    - 15:   3, 10, 1014,   22,  2,    13,  1,    10,  3,     3, 13,  50100, 6.1e-5
    - 16:   3, 10, 1075,   22,  2,    14,  1,    15,  2,     4, 11,  80722, 6.3e-5
    # no solution starting from log norm2 = 17

  - 4: # bits
    -ln2:   k,  N,    n, br_l,br_b, ks_l,ks_b, cb_l,cb_b, pp_l,pp_b,  cost, p_error
    - 0 :   3, 10, 1022,    5,  8,     6,  2,     1, 14,     2, 18,   4285, 6.2e-5
    - 1 :   3, 10, 1040,    2, 15,     6,  2,     3,  5,     1, 26,   5140, 6.1e-5
    - 2 :   3, 10, 1024,    3, 12,     6,  2,     2,  8,     2, 18,   5425, 6.3e-5
    - 3 :   3, 10, 1000,    4,  9,     6,  2,     2,  9,     2, 18,   6217, 6.1e-5
    - 4 :   3, 10, 1012,    5,  8,     6,  2,     2, 10,     2, 18,   7161, 6.1e-5
    - 5 :   3, 10, 1035,    6,  7,     7,  2,     2, 10,     2, 18,   8248, 6.0e-5
    - 6 :   3, 10,  998,    5,  8,     6,  2,     3,  7,     2, 18,   9966, 6.2e-5
    - 7 :   3, 10, 1024,    6,  7,     6,  2,     3,  7,     2, 18,  11418, 6.3e-5
    - 8 :   3, 10, 1079,    5,  8,     7,  2,     4,  6,     2, 18,  13664, 6.3e-5
    - 9 :   3, 10, 1032,    7,  6,     7,  2,     4,  6,     2, 18,  16486, 6.2e-5
    - 10:   3, 10, 1070,    8,  5,     7,  2,     4,  6,     3, 13,  20386, 6.3e-5
    - 11:   3, 10, 1027,    9,  5,    13,  1,     5,  5,     3, 13,  26542, 6.3e-5
    - 12:   3, 10, 1010,   11,  4,    13,  1,     6,  5,     3, 13,  35584, 6.3e-5
    - 13:   3, 10, 1046,   11,  4,    14,  1,     7,  4,     3, 13,  42245, 6.2e-5
    - 14:   3, 10, 1000,   14,  3,    13,  1,    10,  3,     3, 13,  68088, 6.0e-5
    - 15:   3, 10, 1034,   22,  2,    14,  1,    10,  3,     3, 13, 100551, 6.1e-5
    - 16:   3, 10, 1043,   44,  1,    14,  1,    15,  2,     4, 11, 281019, 6.3e-5
    # no solution starting from log norm2 = 17

  - 5: # bits
    -ln2:   k,  N,    n, br_l,br_b, ks_l,ks_b, cb_l,cb_b, pp_l,pp_b,  cost, p_error
    - 0 :   3, 10, 1022,    5,  8,     6,  2,     1, 14,     2, 18,   4285, 6.2e-5
    - 1 :   3, 10, 1040,    2, 15,     6,  2,     3,  5,     1, 26,   5140, 6.1e-5
    - 2 :   3, 10, 1024,    3, 12,     6,  2,     2,  8,     2, 18,   5425, 6.3e-5
    - 3 :   3, 10, 1000,    4,  9,     6,  2,     2,  9,     2, 18,   6217, 6.1e-5
    - 4 :   3, 10, 1012,    5,  8,     6,  2,     2, 10,     2, 18,   7161, 6.1e-5
    - 5 :   3, 10, 1035,    6,  7,     7,  2,     2, 10,     2, 18,   8248, 6.0e-5
    - 6 :   3, 10,  998,    5,  8,     6,  2,     3,  7,     2, 18,   9966, 6.2e-5
    - 7 :   3, 10, 1024,    6,  7,     6,  2,     3,  7,     2, 18,  11418, 6.3e-5
    - 8 :   3, 10, 1079,    5,  8,     7,  2,     4,  6,     2, 18,  13664, 6.3e-5
    - 9 :   3, 10, 1032,    7,  6,     7,  2,     4,  6,     2, 18,  16486, 6.2e-5
    - 10:   3, 10, 1070,    8,  5,     7,  2,     4,  6,     3, 13,  20386, 6.3e-5
    - 11:   3, 10, 1027,    9,  5,    13,  1,     5,  5,     3, 13,  26542, 6.3e-5
    - 12:   3, 10, 1010,   11,  4,    13,  1,     6,  5,     3, 13,  35584, 6.3e-5
    - 13:   3, 10, 1046,   11,  4,    14,  1,     7,  4,     3, 13,  42245, 6.2e-5
    - 14:   3, 10, 1000,   14,  3,    13,  1,    10,  3,     3, 13,  68088, 6.0e-5
    - 15:   3, 10, 1034,   22,  2,    14,  1,    10,  3,     3, 13, 100551, 6.1e-5
    - 16:   3, 10, 1043,   44,  1,    14,  1,    15,  2,     4, 11, 281019, 6.3e-5
    # no solution starting from log norm2 = 17

  - 6: # bits
    -ln2:   k,  N,    n, br_l,br_b, ks_l,ks_b, cb_l,cb_b, pp_l,pp_b,  cost, p_error
    - 0 :   3, 10, 1034,    5,  8,     6,  2,     1, 14,     2, 18,   5243, 6.2e-5
    - 1 :   3, 10, 1047,    2, 15,     7,  2,     3,  5,     1, 26,   6209, 6.3e-5
    - 2 :   3, 10, 1038,    3, 12,     6,  2,     2,  8,     2, 18,   6528, 6.1e-5
    - 3 :   3, 10, 1003,    4,  9,     6,  2,     2,  9,     2, 18,   7435, 6.0e-5
    - 4 :   3, 10, 1019,    5,  8,     6,  2,     2,  9,     2, 18,   8595, 6.0e-5
    - 5 :   3, 10, 1056,    6,  7,     7,  2,     2, 10,     2, 18,  10015, 6.3e-5
    - 6 :   3, 10, 1001,    5,  8,     6,  2,     3,  7,     2, 18,  11851, 5.8e-5
    - 7 :   3, 10, 1029,    6,  7,     7,  2,     3,  7,     2, 18,  13670, 6.3e-5
    - 8 :   3, 10, 1008,    6,  7,     6,  2,     4,  6,     2, 18,  17190, 5.8e-5
    - 9 :   3, 10, 1050,    7,  6,     7,  2,     4,  6,     2, 18,  19773, 6.3e-5
    - 10:   3, 10, 1049,    9,  5,     7,  2,     4,  6,     3, 13,  25708, 6.2e-5
    - 11:   3, 10, 1083,    9,  5,     7,  2,     5,  5,     3, 13,  32189, 6.3e-5
    - 12:   3, 10, 1021,    9,  5,    13,  1,     7,  4,     3, 13,  42372, 6.2e-5
    - 13:   3, 10,  998,   14,  3,    13,  1,     7,  4,     3, 13,  57154, 5.9e-5
    - 14:   3, 10, 1008,   14,  3,    13,  1,    10,  3,     3, 13,  80458, 6.3e-5
    - 15:   3, 10, 1028,   22,  2,    13,  1,    10,  3,     4, 11, 122453, 6.3e-5
    - 16:   3, 10, 1011,   44,  1,    13,  1,    16,  2,     4, 11, 340653, 6.1e-5
    # no solution starting from log norm2 = 17

  - 7: # bits
    -ln2:   k,  N,    n, br_l,br_b, ks_l,ks_b, cb_l,cb_b, pp_l,pp_b,  cost, p_error
    - 0 :   3, 10, 1017,    2, 15,     6,  2,     3,  5,     1, 26,   6977, 6.1e-5
    - 1 :   3, 10, 1014,    3, 12,     6,  2,     2,  8,     2, 18,   7470, 6.0e-5
    - 2 :   3, 10, 1006,    4,  9,     6,  2,     2,  9,     2, 18,   8668, 6.2e-5
    - 3 :   3, 10, 1034,    4,  9,     6,  2,     2,  9,     2, 18,   8844, 6.1e-5
    - 4 :   3, 10, 1065,    5,  8,     7,  2,     2,  9,     2, 18,  10430, 6.1e-5
    - 5 :   3, 10, 1041,    4,  9,     6,  2,     3,  7,     2, 18,  12366, 6.3e-5
    - 6 :   3, 10, 1028,    5,  8,     6,  2,     3,  7,     2, 18,  14002, 6.2e-5
    - 7 :   3, 10, 1024,    5,  8,     6,  2,     4,  6,     2, 18,  17882, 6.0e-5
    - 8 :   3, 10, 1036,    6,  7,     7,  2,     4,  6,     2, 18,  20362, 6.1e-5
    - 9 :   3, 10, 1040,    7,  6,     7,  2,     4,  6,     3, 13,  24982, 6.2e-5
    - 10:   3, 10, 1059,    7,  6,     7,  2,     5,  5,     3, 13,  30895, 6.2e-5
    - 11:   3, 10, 1079,   11,  4,     7,  2,     5,  5,     3, 13,  42693, 6.3e-5
    - 12:   3, 10, 1002,   11,  4,    13,  1,     7,  4,     3, 13,  55241, 5.8e-5
    - 13:   3, 10, 1049,   14,  3,    14,  1,     7,  4,     3, 13,  68587, 6.2e-5
    - 14:   3, 10, 1043,   15,  3,    14,  1,    10,  3,     3, 13, 100304, 6.1e-5
    - 15:   3, 10, 1029,   22,  2,    14,  1,    15,  2,     3, 13, 198618, 6.1e-5
    - 16:   3, 10, 1046,   44,  1,    14,  1,    31,  1,     4, 11, 766730, 6.2e-5
    # no solution starting from log norm2 = 17

  - 8: # bits
    -ln2:   k,  N,    n, br_l,br_b, ks_l,ks_b, cb_l,cb_b, pp_l,pp_b,  cost, p_error
    - 0 :   3, 10, 1020,    2, 15,     6,  2,     3,  5,     1, 26,   7990, 6.0e-5
    - 1 :   3, 10, 1016,    3, 12,     6,  2,     2,  8,     2, 18,   8548, 6.1e-5
    - 2 :   3, 10, 1007,    4,  9,     6,  2,     2,  9,     2, 18,   9912, 6.0e-5
    - 3 :   3, 10, 1042,    4,  9,     6,  2,     2,  9,     2, 18,  10164, 6.1e-5
    - 4 :   3, 10, 1100,    5,  8,     7,  2,     2,  9,     2, 18,  12224, 6.3e-5
    - 5 :   3, 10, 1039,    4,  9,     7,  2,     3,  7,     2, 18,  14155, 6.0e-5
    - 6 :   3, 10, 1034,    5,  8,     6,  2,     3,  7,     2, 18,  16014, 6.1e-5
    - 7 :   3, 10, 1028,    5,  8,     6,  2,     4,  6,     2, 18,  20381, 6.3e-5
    - 8 :   3, 10, 1045,    6,  7,     7,  2,     4,  6,     2, 18,  23293, 6.1e-5
    - 9 :   3, 10, 1051,    7,  6,     7,  2,     4,  6,     3, 13,  28576, 6.2e-5
    - 10:   3, 10, 1091,    7,  6,     7,  2,     5,  5,     3, 13,  35788, 6.3e-5
    - 11:   3, 10, 1009,    8,  5,    13,  1,     7,  4,     3, 13,  50637, 6.0e-5
    - 12:   3, 10, 1005,   11,  4,    13,  1,     7,  4,     3, 13,  62680, 5.9e-5
    - 13:   3, 10, 1036,   15,  3,    14,  1,     7,  4,     3, 13,  81032, 6.2e-5
    - 14:   3, 10, 1075,   15,  3,    14,  1,    10,  3,     3, 13, 116247, 6.3e-5
    - 15:   3, 10, 1042,   22,  2,    14,  1,    15,  2,     3, 13, 226655, 6.3e-5
    - 16:   3, 10, 1045,   44,  1,    14,  1,    32,  1,     4, 11, 890577, 6.2e-5
    # no solution starting from log norm2 = 17

  - 9: # bits
    -ln2:   k,  N,    n, br_l,br_b, ks_l,ks_b, cb_l,cb_b, pp_l,pp_b,  cost, p_error
    - 0 :   3, 10, 1026,    2, 15,     6,  2,     3,  5,     1, 26,   9829, 6.2e-5
    - 1 :   3, 10, 1021,    3, 12,     6,  2,     2,  8,     2, 18,  10461, 5.9e-5
    - 2 :   3, 10, 1009,    4,  9,     6,  2,     2,  9,     2, 18,  12091, 5.8e-5
    - 3 :   3, 10, 1046,    4,  9,     7,  2,     2,  9,     2, 18,  12523, 6.1e-5
    - 4 :   3, 10, 1028,    6,  7,     6,  2,     2, 10,     2, 18,  15750, 6.1e-5
    - 5 :   3, 10, 1060,    4,  9,     7,  2,     3,  7,     2, 18,  17526, 6.3e-5
    - 6 :   3, 10, 1037,    5,  8,     7,  2,     3,  7,     2, 18,  19684, 6.0e-5
    - 7 :   3, 10, 1031,    5,  8,     7,  2,     4,  6,     2, 18,  25056, 5.9e-5
    - 8 :   3, 10, 1075,    6,  7,     7,  2,     4,  6,     2, 18,  29055, 6.3e-5
    - 9 :   3, 10, 1110,    7,  6,     7,  2,     4,  6,     3, 13,  36271, 6.3e-5
    - 10:   3, 10, 1038,    8,  5,     7,  2,     5,  5,     3, 13,  45938, 6.2e-5
    - 11:   3, 10, 1019,    8,  5,    13,  1,     7,  4,     3, 13,  62316, 6.0e-5
    - 12:   3, 10, 1012,   11,  4,    13,  1,     7,  4,     3, 13,  76949, 6.2e-5
    - 13:   3, 10, 1095,   15,  3,    15,  1,     7,  4,     3, 13, 103645, 6.3e-5
    - 14:   3, 10, 1010,   22,  2,    13,  1,    10,  3,     3, 13, 183226, 6.1e-5
    - 15:   3, 10, 1049,   22,  2,    14,  1,    15,  2,     4, 11, 290400, 6.2e-5
    - 16:   3, 10, 1082,   45,  1,    15,  1,    32,  1,     5,  9, 1171408, 6.3e-5
    # no solution starting from log norm2 = 17

  - 10: # bits
    -ln2:   k,  N,    n, br_l,br_b, ks_l,ks_b, cb_l,cb_b, pp_l,pp_b,  cost, p_error
    - 0 :   3, 10, 1063,    4,  9,     7,  2,     2,  9,     2, 18,  13011, 6.0e-5
    - 1 :   3, 10, 1116,    4,  9,     7,  2,     2,  9,     2, 18,  13493, 6.3e-5
    - 2 :   3, 10, 1081,    6,  7,     7,  2,     2, 10,     2, 18,  16975, 6.0e-5
    - 3 :   3, 10, 1124,    4,  9,    15,  1,     3,  7,     2, 18,  19644, 6.3e-5
    - 4 :   3, 10, 1100,    5,  8,     7,  2,     3,  7,     2, 18,  20992, 6.2e-5
    - 5 :   3, 10, 1092,    5,  8,     7,  2,     4,  6,     2, 18,  26558, 6.2e-5
    - 6 :   3, 10, 1117,    5,  8,     7,  2,     5,  5,     2, 18,  32788, 6.3e-5
    - 7 :   3, 10, 1091,    8,  5,     7,  2,     4,  6,     3, 13,  39681, 6.1e-5
    - 8 :   3, 10, 1103,    8,  5,     7,  2,     5,  5,     3, 13,  48658, 6.2e-5
    - 9 :   3, 10, 1100,    8,  5,     7,  2,     7,  4,     3, 13,  65820, 6.3e-5
    - 10:   3, 10, 1073,   11,  4,    14,  1,     7,  4,     3, 13,  81494, 6.1e-5
    - 11:   3, 10, 1101,   11,  4,    15,  1,    10,  3,     3, 13, 115592, 6.3e-5
    - 12:   3, 10, 1069,   22,  2,    14,  1,    10,  3,     3, 13, 194126, 6.3e-5
    - 13:   3, 10, 1145,   22,  2,    16,  1,    15,  2,     4, 11, 314411, 6.3e-5
    # no solution starting from log norm2 = 14

  - 11: # bits
    -ln2:   k,  N,    n, br_l,br_b, ks_l,ks_b, cb_l,cb_b, pp_l,pp_b,  cost, p_error
    - 0 :   3, 10, 1044,    3, 12,     7,  2,     2,  8,     2, 18,  12851, 6.1e-5
    - 1 :   3, 10, 1030,    4,  9,     6,  2,     2,  9,     2, 18,  14710, 5.9e-5
    - 2 :   3, 10, 1044,    5,  8,     6,  2,     2,  9,     2, 18,  16998, 6.2e-5
    - 3 :   3, 10, 1060,    6,  7,     7,  2,     2, 10,     2, 18,  19509, 6.2e-5
    - 4 :   3, 10, 1027,    5,  8,     6,  2,     3,  7,     2, 18,  23206, 6.3e-5
    - 5 :   3, 10, 1044,    6,  7,     7,  2,     3,  7,     2, 18,  26564, 6.0e-5
    - 6 :   3, 10, 1130,    5,  8,     8,  2,     4,  6,     2, 18,  32108, 6.3e-5
    - 7 :   3, 10, 1057,    7,  6,     7,  2,     4,  6,     2, 18,  37956, 6.1e-5
    - 8 :   3, 10, 1104,    8,  5,     7,  2,     4,  6,     3, 13,  46990, 6.3e-5
    - 9 :   3, 10, 1070,    9,  5,     7,  2,     5,  5,     3, 13,  60527, 6.2e-5
    - 10:   3, 10, 1035,    9,  5,    13,  1,     7,  4,     3, 13,  80911, 6.1e-5
    - 11:   3, 10, 1077,   11,  4,    14,  1,     7,  4,     3, 13,  96136, 6.3e-5
    - 12:   3, 10, 1026,   14,  3,    13,  1,    10,  3,     3, 13, 153600, 6.0e-5
    - 13:   3, 10, 1061,   22,  2,    14,  1,    10,  3,     3, 13, 227126, 6.2e-5
    - 14:   3, 10, 1072,   44,  1,    14,  1,    15,  2,     4, 11, 632307, 6.3e-5
    # no solution starting from log norm2 = 15

  - 12: # bits
    -ln2:   k,  N,    n, br_l,br_b, ks_l,ks_b, cb_l,cb_b, pp_l,pp_b,  cost, p_error
    - 0 :   3, 10, 1038,    4,  9,     7,  2,     2,  9,     2, 18,  16167, 6.3e-5
    - 1 :   3, 10, 1062,    4,  9,     7,  2,     2,  9,     2, 18,  16444, 6.2e-5
    - 2 :   3, 10, 1110,    5,  8,     7,  2,     2,  9,     2, 18,  19468, 6.3e-5
    - 3 :   3, 10, 1068,    4,  9,     7,  2,     3,  7,     2, 18,  22740, 6.3e-5
    - 4 :   3, 10, 1057,    5,  8,     7,  2,     3,  7,     2, 18,  25791, 6.2e-5
    - 5 :   3, 10, 1054,    5,  8,     7,  2,     4,  6,     2, 18,  32772, 6.1e-5
    - 6 :   3, 10, 1073,    6,  7,     7,  2,     4,  6,     2, 18,  37362, 6.2e-5
    - 7 :   3, 10, 1079,    7,  6,     7,  2,     4,  6,     3, 13,  45731, 6.1e-5
    - 8 :   3, 10, 1107,    7,  6,     7,  2,     5,  5,     3, 13,  56707, 6.3e-5
    - 9 :   3, 10, 1112,   11,  4,    15,  1,     5,  5,     3, 13,  78996, 6.3e-5
    - 10:   3, 10, 1037,   11,  4,    14,  1,     7,  4,     3, 13, 100706, 6.0e-5
    - 11:   3, 10, 1098,   14,  3,    15,  1,     7,  4,     3, 13, 126354, 6.3e-5
    - 12:   3, 10, 1088,   15,  3,    15,  1,    10,  3,     3, 13, 183678, 6.3e-5
    - 13:   3, 10, 1067,   22,  2,    14,  1,    15,  2,     3, 13, 361157, 6.3e-5
    - 14:   3, 10, 1093,   44,  1,    15,  1,    31,  1,     4, 11, 1401357, 6.3e-5
    # no solution starting from log norm2 = 15

  - 13: # bits
    -ln2:   k,  N,    n, br_l,br_b, ks_l,ks_b, cb_l,cb_b, pp_l,pp_b,  cost, p_error
    - 0 :   3, 10, 1039,    4,  9,     7,  2,     2,  9,     2, 18,  17089, 5.8e-5
    - 1 :   3, 10, 1065,    4,  9,     7,  2,     2,  9,     2, 18,  17404, 6.3e-5
    - 2 :   3, 10, 1135,    5,  8,     8,  2,     2,  9,     2, 18,  21079, 6.3e-5
    - 3 :   3, 10, 1073,    4,  9,     7,  2,     3,  7,     2, 18,  24190, 6.2e-5
    - 4 :   3, 10, 1060,    5,  8,     7,  2,     3,  7,     2, 18,  27394, 6.0e-5
    - 5 :   3, 10, 1056,    5,  8,     7,  2,     4,  6,     2, 18,  34862, 6.1e-5
    - 6 :   3, 10, 1079,    6,  7,     7,  2,     4,  6,     2, 18,  39853, 6.2e-5
    - 7 :   3, 10, 1086,    7,  6,     7,  2,     4,  6,     3, 13,  48829, 6.3e-5
    - 8 :   3, 10, 1108,    7,  6,    15,  1,     5,  5,     3, 13,  61687, 6.3e-5
    - 9 :   3, 10, 1059,    8,  5,     7,  2,     7,  4,     3, 13,  86592, 6.3e-5
    - 10:   3, 10, 1039,   11,  4,    14,  1,     7,  4,     3, 13, 107465, 6.0e-5
    - 11:   3, 10, 1070,   15,  3,    14,  1,     7,  4,     3, 13, 138819, 6.3e-5
    - 12:   3, 10, 1121,   15,  3,    15,  1,    10,  3,     3, 13, 200916, 6.3e-5
    - 13:   3, 10, 1077,   22,  2,    14,  1,    15,  2,     3, 13, 388973, 6.2e-5
    - 14:   3, 10, 1081,   44,  1,    15,  1,    32,  1,     4, 11, 1531151, 6.2e-5
    # no solution starting from log norm2 = 15

  - 14: # bits
    -ln2:   k,  N,    n, br_l,br_b, ks_l,ks_b, cb_l,cb_b, pp_l,pp_b,  cost, p_error
    - 0 :   3, 10, 1040,    4,  9,     7,  2,     2,  9,     2, 18,  19594, 5.7e-5
    - 1 :   3, 10, 1073,    4,  9,     7,  2,     2,  9,     2, 18,  20055, 6.3e-5
    - 2 :   3, 10, 1053,    6,  7,     7,  2,     2, 10,     2, 18,  25452, 6.2e-5
    - 3 :   3, 10, 1086,    4,  9,     7,  2,     3,  7,     2, 18,  27876, 6.2e-5
    - 4 :   3, 10, 1066,    5,  8,     7,  2,     3,  7,     2, 18,  31437, 6.0e-5
    - 5 :   3, 10, 1061,    5,  8,     7,  2,     4,  6,     2, 18,  39904, 6.0e-5
    - 6 :   3, 10, 1096,    6,  7,     7,  2,     4,  6,     2, 18,  46024, 6.2e-5
    - 7 :   3, 10, 1113,    7,  6,     7,  2,     4,  6,     3, 13,  56696, 6.3e-5
    - 8 :   3, 10, 1067,    8,  5,     7,  2,     5,  5,     3, 13,  73002, 6.2e-5
    - 9 :   3, 10, 1065,    8,  5,     7,  2,     7,  4,     3, 13,  98917, 6.2e-5
    - 10:   3, 10, 1043,   11,  4,    14,  1,     7,  4,     3, 13, 122676, 6.1e-5
    - 11:   3, 10, 1094,   15,  3,    15,  1,     7,  4,     3, 13, 161166, 6.2e-5
    - 12:   3, 10, 1077,   21,  2,    14,  1,    10,  3,     3, 13, 289665, 6.3e-5
    - 13:   3, 10, 1111,   22,  2,    15,  1,    15,  2,     3, 13, 454173, 6.3e-5
    - 14:   3, 10, 1095,   45,  1,    15,  1,    32,  1,     4, 11, 1793283, 6.3e-5
    # no solution starting from log norm2 = 15

  - 15: # bits
    -ln2:   k,  N,    n, br_l,br_b, ks_l,ks_b, cb_l,cb_b, pp_l,pp_b,  cost, p_error
    - 0 :   3, 10, 1117,    5,  8,     7,  2,     2,  9,     2, 18,  22584, 6.2e-5
    - 1 :   3, 10, 1140,    6,  7,     7,  2,     2, 10,     2, 18,  25889, 6.3e-5
    - 2 :   3, 10, 1108,    5,  8,     7,  2,     3,  7,     2, 18,  30767, 6.2e-5
    - 3 :   3, 10, 1147,    5,  8,    15,  1,     3,  7,     2, 18,  33106, 6.3e-5
    - 4 :   3, 10, 1156,    5,  8,     8,  2,     4,  6,     2, 18,  40565, 6.3e-5
    - 5 :   3, 10, 1130,    7,  6,     8,  2,     4,  6,     2, 18,  49931, 6.2e-5
    - 6 :   3, 10, 1150,    8,  5,     8,  2,     4,  6,     3, 13,  60377, 6.3e-5
    - 7 :   3, 10, 1155,    8,  5,    16,  1,     5,  5,     3, 13,  75077, 6.3e-5
    - 8 :   3, 10, 1150,    8,  5,    16,  1,     7,  4,     3, 13, 100707, 6.3e-5
    - 9 :   3, 10, 1127,   11,  4,    15,  1,     7,  4,     3, 13, 123567, 6.3e-5
    - 10:   3, 10, 1102,   14,  3,    15,  1,    10,  3,     3, 13, 201630, 6.2e-5
    - 11:   3, 10, 1120,   22,  2,    15,  1,    10,  3,     3, 13, 294647, 6.3e-5
    - 12:   3, 10, 1124,   44,  1,    15,  1,    15,  2,     4, 11, 815382, 6.2e-5
    # no solution starting from log norm2 = 13

  - 16: # bits
    -ln2:   k,  N,    n, br_l,br_b, ks_l,ks_b, cb_l,cb_b, pp_l,pp_b,  cost, p_error
    - 0 :   3, 10, 1069,    4,  9,     7,  2,     2,  9,     2, 18,  21285, 6.1e-5
    - 1 :   3, 10, 1081,    5,  8,     7,  2,     2,  9,     2, 18,  24567, 6.1e-5
    - 2 :   3, 10, 1126,    6,  7,     7,  2,     2, 10,     2, 18,  28598, 6.3e-5
    - 3 :   3, 10, 1067,    5,  8,     7,  2,     3,  7,     2, 18,  33442, 6.1e-5
    - 4 :   3, 10, 1094,    6,  7,     7,  2,     3,  7,     2, 18,  38379, 6.3e-5
    - 5 :   3, 10, 1073,    6,  7,     7,  2,     4,  6,     2, 18,  48088, 6.1e-5
    - 6 :   3, 10, 1116,    7,  6,     7,  2,     4,  6,     2, 18,  55143, 6.2e-5
    - 7 :   3, 10, 1115,    9,  5,     7,  2,     4,  6,     3, 13,  71396, 6.3e-5
    - 8 :   3, 10, 1120,    9,  5,    15,  1,     5,  5,     3, 13,  88740, 6.3e-5
    - 9 :   3, 10, 1088,    9,  5,    14,  1,     7,  4,     3, 13, 116848, 6.3e-5
    - 10:   3, 10, 1065,   14,  3,    14,  1,     7,  4,     3, 13, 158336, 6.1e-5
    - 11:   3, 10, 1076,   14,  3,    14,  1,    10,  3,     3, 13, 221747, 6.1e-5
    - 12:   3, 10, 1093,   22,  2,    15,  1,    10,  3,     4, 11, 336670, 6.2e-5
    - 13:   3, 10, 1078,   44,  1,    14,  1,    16,  2,     4, 11, 937516, 6.3e-5
    # no solution starting from log norm2 = 14
