security level: 256
target p_error: 6.3e-5
per precision and log norm2:

  - 1: # bits
    -ln2:   k,  N,    n, br_l,br_b, ks_l,ks_b, cb_l,cb_b,  cost, p_error
    - 0 :   2, 11, 1411,    4,  9,     5,  3,     1, 13,   1034, 6.0e-5
    - 1 :   2, 11, 1497,    4,  9,     5,  3,     1, 13,   1074, 6.3e-5
    - 2 :   2, 11, 1442,    6,  7,     7,  2,     1, 14,   1517, 6.2e-5
    - 3 :   2, 11, 1385,    3, 12,     7,  2,     2,  8,   1577, 6.1e-5
    - 4 :   2, 11, 1366,    4,  9,     7,  2,     2,  9,   1996, 6.0e-5
    - 5 :   2, 11, 1476,    4,  9,     8,  2,     2,  9,   2106, 6.3e-5
    - 6 :   2, 11, 1404,    6,  7,     7,  2,     2,  9,   2908, 6.2e-5
    - 7 :   2, 11, 1368,    5,  8,     7,  2,     3,  7,   3608, 5.8e-5
    - 8 :   2, 11, 1445,    4,  9,     8,  2,     4,  5,   4066, 6.3e-5
    - 9 :   2, 11, 1429,    7,  6,     7,  2,     3,  7,   5034, 6.2e-5
    - 10:   2, 11, 1382,    7,  6,     7,  2,     4,  6,   6555, 6.2e-5
    - 11:   2, 11, 1420,    8,  5,     8,  2,     4,  6,   7556, 6.3e-5
    - 12:   2, 11, 1448,    8,  5,    15,  1,     5,  5,   9612, 6.3e-5
    - 13:   2, 11, 1371,   10,  4,    14,  1,     7,  4,  15984, 6.1e-5
    - 14:   2, 11, 1413,   10,  4,    15,  1,     9,  3,  20882, 6.3e-5
    - 15:   2, 11, 1381,   14,  3,    15,  1,    10,  3,  31573, 6.1e-5
    - 16:   2, 11, 1441,   22,  2,    16,  1,    10,  3,  50187, 6.3e-5
    - 17:   2, 11, 1419,   44,  1,    15,  1,    15,  2, 147363, 6.3e-5
    # no solution starting from log norm2 = 18

  - 2: # bits
    -ln2:   k,  N,    n, br_l,br_b, ks_l,ks_b, cb_l,cb_b,  cost, p_error
    - 0 :   2, 11, 1449,    5,  8,     7,  2,     1, 14,   3335, 6.3e-5
    - 1 :   2, 11, 1367,    3, 12,     7,  2,     2,  8,   3586, 5.9e-5
    - 2 :   2, 11, 1359,    4,  9,     7,  2,     2,  9,   4553, 6.2e-5
    - 3 :   2, 11, 1383,    4,  9,     7,  2,     2,  9,   4606, 6.0e-5
    - 4 :   2, 11, 1390,    5,  8,     7,  2,     2,  9,   5617, 6.3e-5
    - 5 :   2, 11, 1400,    4,  9,     7,  2,     3,  7,   6594, 6.1e-5
    - 6 :   2, 11, 1388,    5,  8,     7,  2,     3,  7,   7987, 6.1e-5
    - 7 :   2, 11, 1428,    6,  7,     7,  2,     3,  7,   9589, 6.2e-5
    - 8 :   2, 11, 1420,    6,  7,     7,  2,     4,  6,  12405, 6.2e-5
    - 9 :   2, 11, 1441,    7,  6,    15,  1,     4,  6,  14609, 6.3e-5
    - 10:   2, 11, 1362,    8,  5,    14,  1,     5,  5,  19571, 6.1e-5
    - 11:   2, 11, 1381,   11,  4,    15,  1,     5,  5,  26645, 6.1e-5
    - 12:   2, 11, 1405,    8,  5,    15,  1,     9,  3,  34810, 6.3e-5
    - 13:   2, 11, 1469,   14,  3,    16,  1,     7,  4,  47857, 6.3e-5
    - 14:   2, 11, 1391,   14,  3,    15,  1,    14,  2,  90452, 6.3e-5
    - 15:   2, 11, 1400,   22,  2,    15,  1,    15,  2, 150689, 6.2e-5
    # no solution starting from log norm2 = 16

  - 3: # bits
    -ln2:   k,  N,    n, br_l,br_b, ks_l,ks_b, cb_l,cb_b,  cost, p_error
    - 0 :   2, 11, 1375,    3, 12,     7,  2,     2,  8,   5630, 6.0e-5
    - 1 :   2, 11, 1363,    4,  9,     7,  2,     2,  9,   7130, 5.7e-5
    - 2 :   2, 11, 1410,    4,  9,     7,  2,     2,  9,   7297, 6.3e-5
    - 3 :   2, 11, 1435,    5,  8,     7,  2,     2,  9,   8970, 6.3e-5
    - 4 :   2, 11, 1488,    4,  9,     8,  2,     3,  7,  10644, 6.3e-5
    - 5 :   2, 11, 1427,    5,  8,     7,  2,     3,  7,  12560, 6.3e-5
    - 6 :   2, 11, 1480,    5,  8,     8,  2,     4,  6,  16605, 6.3e-5
    - 7 :   2, 11, 1373,    7,  6,     7,  2,     4,  6,  21473, 6.2e-5
    - 8 :   2, 11, 1373,    8,  5,    14,  1,     4,  6,  24541, 6.0e-5
    - 9 :   2, 11, 1388,    8,  5,    14,  1,     5,  5,  30234, 6.3e-5
    - 10:   2, 11, 1419,    8,  5,    15,  1,     7,  4,  41882, 6.2e-5
    - 11:   2, 11, 1438,   11,  4,    15,  1,     7,  4,  56997, 6.3e-5
    - 12:   2, 11, 1402,   14,  3,    15,  1,     9,  3,  89689, 6.2e-5
    - 13:   2, 11, 1408,   14,  3,    15,  1,    15,  2, 147091, 6.2e-5
    - 14:   2, 11, 1391,   43,  1,    15,  1,    15,  2, 438006, 6.2e-5
    # no solution starting from log norm2 = 15

  - 4: # bits
    -ln2:   k,  N,    n, br_l,br_b, ks_l,ks_b, cb_l,cb_b,  cost, p_error
    - 0 :   2, 11, 1417,    3, 12,     7,  2,     2,  8,  11025, 6.2e-5
    - 1 :   2, 11, 1374,    4,  9,     7,  2,     2,  9,  13759, 5.9e-5
    - 2 :   2, 11, 1378,    5,  8,     7,  2,     2,  9,  16755, 6.2e-5
    - 3 :   2, 11, 1383,    4,  9,     7,  2,     3,  7,  19626, 6.1e-5
    - 4 :   2, 11, 1377,    5,  8,     7,  2,     3,  7,  23841, 5.9e-5
    - 5 :   2, 11, 1395,    6,  7,     7,  2,     3,  7,  28343, 6.3e-5
    - 6 :   2, 11, 1392,    6,  7,     7,  2,     4,  6,  36755, 6.2e-5
    - 7 :   2, 11, 1409,    7,  6,     7,  2,     4,  6,  42684, 6.2e-5
    - 8 :   2, 11, 1414,    7,  6,    15,  1,     5,  5,  53160, 6.3e-5
    - 9 :   2, 11, 1396,   10,  4,    15,  1,     5,  5,  73530, 6.3e-5
    - 10:   2, 11, 1412,   10,  4,    15,  1,     7,  4, 101654, 6.3e-5
    - 11:   2, 11, 1388,   14,  3,    15,  1,     7,  4, 138704, 6.2e-5
    - 12:   2, 11, 1431,   15,  3,    15,  1,    10,  3, 212649, 6.3e-5
    - 13:   2, 11, 1404,   21,  2,    15,  1,    15,  2, 432698, 6.2e-5
    - 14:   2, 11, 1442,   44,  1,    16,  1,    30,  1, 1800784, 6.3e-5
    # no solution starting from log norm2 = 15

  - 5: # bits
    -ln2:   k,  N,    n, br_l,br_b, ks_l,ks_b, cb_l,cb_b,  cost, p_error
    - 0 :   2, 11, 1417,    3, 12,     7,  2,     2,  8,  11025, 6.2e-5
    - 1 :   2, 11, 1374,    4,  9,     7,  2,     2,  9,  13759, 5.9e-5
    - 2 :   2, 11, 1378,    5,  8,     7,  2,     2,  9,  16755, 6.2e-5
    - 3 :   2, 11, 1383,    4,  9,     7,  2,     3,  7,  19626, 6.1e-5
    - 4 :   2, 11, 1377,    5,  8,     7,  2,     3,  7,  23841, 5.9e-5
    - 5 :   2, 11, 1395,    6,  7,     7,  2,     3,  7,  28343, 6.3e-5
    - 6 :   2, 11, 1392,    6,  7,     7,  2,     4,  6,  36755, 6.2e-5
    - 7 :   2, 11, 1409,    7,  6,     7,  2,     4,  6,  42684, 6.2e-5
    - 8 :   2, 11, 1414,    7,  6,    15,  1,     5,  5,  53160, 6.3e-5
    - 9 :   2, 11, 1396,   10,  4,    15,  1,     5,  5,  73530, 6.3e-5
    - 10:   2, 11, 1412,   10,  4,    15,  1,     7,  4, 101654, 6.3e-5
    - 11:   2, 11, 1388,   14,  3,    15,  1,     7,  4, 138704, 6.2e-5
    - 12:   2, 11, 1431,   15,  3,    15,  1,    10,  3, 212649, 6.3e-5
    - 13:   2, 11, 1404,   21,  2,    15,  1,    15,  2, 432698, 6.2e-5
    - 14:   2, 11, 1442,   44,  1,    16,  1,    30,  1, 1800784, 6.3e-5
    # no solution starting from log norm2 = 15

  - 6: # bits
    -ln2:   k,  N,    n, br_l,br_b, ks_l,ks_b, cb_l,cb_b,  cost, p_error
    - 0 :   2, 11, 1451,    3, 12,     7,  2,     2,  8,  13317, 6.3e-5
    - 1 :   2, 11, 1378,    4,  9,     7,  2,     2,  9,  16374, 6.1e-5
    - 2 :   2, 11, 1384,    5,  8,     7,  2,     2,  9,  19956, 6.1e-5
    - 3 :   2, 11, 1390,    4,  9,     7,  2,     3,  7,  23266, 6.3e-5
    - 4 :   2, 11, 1382,    5,  8,     7,  2,     3,  7,  28232, 6.1e-5
    - 5 :   2, 11, 1409,    6,  7,     7,  2,     3,  7,  33699, 6.1e-5
    - 6 :   2, 11, 1404,    6,  7,     7,  2,     4,  6,  43531, 6.1e-5
    - 7 :   2, 11, 1403,    7,  6,    15,  1,     4,  6,  50761, 6.2e-5
    - 8 :   2, 11, 1357,    8,  5,    14,  1,     5,  5,  68873, 6.2e-5
    - 9 :   2, 11, 1429,   10,  4,    15,  1,     5,  5,  87697, 6.2e-5
    - 10:   2, 11, 1387,    8,  5,    15,  1,     9,  3, 121434, 6.3e-5
    - 11:   2, 11, 1410,   14,  3,    15,  1,     7,  4, 164259, 6.3e-5
    - 12:   2, 11, 1379,   14,  3,    15,  1,    14,  2, 315886, 6.2e-5
    - 13:   2, 11, 1455,   21,  2,    16,  1,    15,  2, 516933, 6.3e-5
    - 14:   2, 11, 1471,   44,  1,    16,  1,    31,  1, 2198340, 6.3e-5
    # no solution starting from log norm2 = 15

  - 7: # bits
    -ln2:   k,  N,    n, br_l,br_b, ks_l,ks_b, cb_l,cb_b,  cost, p_error
    - 0 :   2, 11, 1359,    4,  9,     7,  2,     2,  9,  18786, 6.2e-5
    - 1 :   2, 11, 1383,    4,  9,     7,  2,     2,  9,  19009, 6.0e-5
    - 2 :   2, 11, 1390,    5,  8,     7,  2,     2,  9,  23176, 6.3e-5
    - 3 :   2, 11, 1400,    4,  9,     7,  2,     3,  7,  26968, 6.1e-5
    - 4 :   2, 11, 1388,    5,  8,     7,  2,     3,  7,  32658, 6.1e-5
    - 5 :   2, 11, 1428,    6,  7,     7,  2,     3,  7,  39212, 6.2e-5
    - 6 :   2, 11, 1420,    6,  7,     7,  2,     4,  6,  50471, 6.2e-5
    - 7 :   2, 11, 1441,    7,  6,    15,  1,     4,  6,  59425, 6.3e-5
    - 8 :   2, 11, 1362,    8,  5,    14,  1,     5,  5,  79340, 6.1e-5
    - 9 :   2, 11, 1381,   11,  4,    15,  1,     5,  5, 108014, 6.1e-5
    - 10:   2, 11, 1405,    8,  5,    15,  1,     9,  3, 140330, 6.3e-5
    - 11:   2, 11, 1469,   14,  3,    16,  1,     7,  4, 193340, 6.3e-5
    - 12:   2, 11, 1391,   14,  3,    15,  1,    14,  2, 363619, 6.3e-5
    - 13:   2, 11, 1400,   22,  2,    15,  1,    15,  2, 605565, 6.2e-5
    # no solution starting from log norm2 = 14

  - 8: # bits
    -ln2:   k,  N,    n, br_l,br_b, ks_l,ks_b, cb_l,cb_b,  cost, p_error
    - 0 :   2, 11, 1360,    4,  9,     7,  2,     2,  9,  21360, 6.1e-5
    - 1 :   2, 11, 1388,    4,  9,     7,  2,     2,  9,  21657, 6.2e-5
    - 2 :   2, 11, 1398,    5,  8,     7,  2,     2,  9,  26441, 6.2e-5
    - 3 :   2, 11, 1411,    4,  9,     7,  2,     3,  7,  30719, 6.2e-5
    - 4 :   2, 11, 1395,    5,  8,     7,  2,     3,  7,  37127, 6.1e-5
    - 5 :   2, 11, 1449,    6,  7,     8,  2,     3,  7,  44960, 6.2e-5
    - 6 :   2, 11, 1437,    6,  7,     8,  2,     4,  6,  57634, 6.3e-5
    - 7 :   2, 11, 1359,    8,  5,    14,  1,     4,  6,  73154, 6.2e-5
    - 8 :   2, 11, 1367,    8,  5,    14,  1,     5,  5,  89855, 6.2e-5
    - 9 :   2, 11, 1392,   11,  4,    15,  1,     5,  5, 122647, 6.2e-5
    - 10:   2, 11, 1438,    8,  5,    15,  1,     9,  3, 160534, 6.3e-5
    - 11:   2, 11, 1374,   14,  3,    15,  1,     9,  3, 265871, 6.1e-5
    - 12:   2, 11, 1408,   14,  3,    15,  1,    14,  2, 412687, 6.3e-5
    - 13:   2, 11, 1426,   22,  2,    15,  1,    15,  2, 689686, 6.3e-5
    # no solution starting from log norm2 = 14

  - 9: # bits
    -ln2:   k,  N,    n, br_l,br_b, ks_l,ks_b, cb_l,cb_b,  cost, p_error
    - 0 :   2, 11, 1394,    4,  9,     7,  2,     2,  9,  24330, 6.3e-5
    - 1 :   2, 11, 1407,    5,  8,     7,  2,     2,  9,  29745, 6.3e-5
    - 2 :   2, 11, 1427,    4,  9,     7,  2,     3,  7,  34589, 6.3e-5
    - 3 :   2, 11, 1403,    5,  8,     7,  2,     3,  7,  41645, 6.2e-5
    - 4 :   2, 11, 1426,    5,  8,     7,  2,     4,  6,  54165, 6.2e-5
    - 5 :   2, 11, 1450,    6,  7,    16,  1,     4,  6,  65605, 6.3e-5
    - 6 :   2, 11, 1363,    8,  5,    14,  1,     4,  6,  81783, 6.2e-5
    - 7 :   2, 11, 1373,    8,  5,    14,  1,     5,  5, 100462, 6.2e-5
    - 8 :   2, 11, 1407,   11,  4,    15,  1,     5,  5, 137660, 6.2e-5
    - 9 :   2, 11, 1395,   11,  4,    15,  1,     7,  4, 187005, 6.2e-5
    - 10:   2, 11, 1381,   14,  3,    15,  1,     9,  3, 296899, 6.3e-5
    - 11:   2, 11, 1437,   14,  3,    16,  1,    14,  2, 464843, 6.3e-5
    - 12:   2, 11, 1375,   43,  1,    15,  1,    15,  2, 1452118, 6.2e-5
    # no solution starting from log norm2 = 13

  - 10: # bits
    -ln2:   k,  N,    n, br_l,br_b, ks_l,ks_b, cb_l,cb_b,  cost, p_error
    - 0 :   2, 11, 1402,    4,  9,     7,  2,     2,  9,  27046, 6.1e-5
    - 1 :   2, 11, 1419,    5,  8,     7,  2,     2,  9,  33126, 6.2e-5
    - 2 :   2, 11, 1442,    4,  9,     8,  2,     3,  7,  38621, 6.3e-5
    - 3 :   2, 11, 1413,    5,  8,     7,  2,     3,  7,  46239, 6.3e-5
    - 4 :   2, 11, 1440,    5,  8,     8,  2,     4,  6,  60303, 6.3e-5
    - 5 :   2, 11, 1371,    7,  6,     7,  2,     4,  6,  79291, 6.2e-5
    - 6 :   2, 11, 1368,    8,  5,    14,  1,     4,  6,  90484, 6.0e-5
    - 7 :   2, 11, 1380,    8,  5,    14,  1,     5,  5, 111176, 6.2e-5
    - 8 :   2, 11, 1401,    8,  5,    15,  1,     7,  4, 153093, 6.2e-5
    - 9 :   2, 11, 1411,   11,  4,    15,  1,     7,  4, 207571, 6.2e-5
    - 10:   2, 11, 1390,   14,  3,    15,  1,     9,  3, 328392, 6.3e-5
    - 11:   2, 11, 1394,   14,  3,    15,  1,    15,  2, 537387, 6.3e-5
    - 12:   2, 11, 1382,   43,  1,    15,  1,    15,  2, 1603588, 6.3e-5
    # no solution starting from log norm2 = 13

  - 11: # bits
    -ln2:   k,  N,    n, br_l,br_b, ks_l,ks_b, cb_l,cb_b,  cost, p_error
    - 0 :   2, 11, 1410,    4,  9,     7,  2,     2,  9,  29783, 6.3e-5
    - 1 :   2, 11, 1435,    5,  8,     7,  2,     2,  9,  36614, 6.3e-5
    - 2 :   2, 11, 1488,    4,  9,     8,  2,     3,  7,  43206, 6.3e-5
    - 3 :   2, 11, 1427,    5,  8,     7,  2,     3,  7,  50969, 6.3e-5
    - 4 :   2, 11, 1448,    5,  8,    15,  1,     4,  6,  67175, 6.3e-5
    - 5 :   2, 11, 1373,    7,  6,     7,  2,     4,  6,  86836, 6.2e-5
    - 6 :   2, 11, 1373,    8,  5,    14,  1,     4,  6,  99226, 6.0e-5
    - 7 :   2, 11, 1388,    8,  5,    14,  1,     5,  5, 122012, 6.3e-5
    - 8 :   2, 11, 1419,    8,  5,    15,  1,     7,  4, 168626, 6.2e-5
    - 9 :   2, 11, 1438,   11,  4,    15,  1,     7,  4, 229482, 6.3e-5
    - 10:   2, 11, 1402,   14,  3,    15,  1,     9,  3, 360583, 6.2e-5
    - 11:   2, 11, 1408,   14,  3,    15,  1,    15,  2, 590196, 6.2e-5
    - 12:   2, 11, 1391,   43,  1,    15,  1,    15,  2, 1757381, 6.2e-5
    # no solution starting from log norm2 = 13

  - 12: # bits
    -ln2:   k,  N,    n, br_l,br_b, ks_l,ks_b, cb_l,cb_b,  cost, p_error
    - 0 :   2, 11, 1410,    4,  9,     7,  2,     2,  9,  29783, 6.3e-5
    - 1 :   2, 11, 1435,    5,  8,     7,  2,     2,  9,  36614, 6.3e-5
    - 2 :   2, 11, 1488,    4,  9,     8,  2,     3,  7,  43206, 6.3e-5
    - 3 :   2, 11, 1427,    5,  8,     7,  2,     3,  7,  50969, 6.3e-5
    - 4 :   2, 11, 1448,    5,  8,    15,  1,     4,  6,  67175, 6.3e-5
    - 5 :   2, 11, 1373,    7,  6,     7,  2,     4,  6,  86836, 6.2e-5
    - 6 :   2, 11, 1373,    8,  5,    14,  1,     4,  6,  99226, 6.0e-5
    - 7 :   2, 11, 1388,    8,  5,    14,  1,     5,  5, 122012, 6.3e-5
    - 8 :   2, 11, 1419,    8,  5,    15,  1,     7,  4, 168626, 6.2e-5
    - 9 :   2, 11, 1438,   11,  4,    15,  1,     7,  4, 229482, 6.3e-5
    - 10:   2, 11, 1402,   14,  3,    15,  1,     9,  3, 360583, 6.2e-5
    - 11:   2, 11, 1408,   14,  3,    15,  1,    15,  2, 590196, 6.2e-5
    - 12:   2, 11, 1391,   43,  1,    15,  1,    15,  2, 1757381, 6.2e-5
    # no solution starting from log norm2 = 13

  - 13: # bits
    -ln2:   k,  N,    n, br_l,br_b, ks_l,ks_b, cb_l,cb_b,  cost, p_error
    - 0 :   2, 11, 1476,    4,  9,     8,  2,     2,  9,  41181, 6.3e-5
    - 1 :   2, 11, 1371,    4,  9,     7,  2,     3,  7,  54361, 6.0e-5
    - 2 :   2, 11, 1368,    5,  8,     7,  2,     3,  7,  66106, 5.8e-5
    - 3 :   2, 11, 1445,    4,  9,     8,  2,     4,  5,  72385, 6.3e-5
    - 4 :   2, 11, 1424,    7,  6,     8,  2,     3,  7,  92284, 6.3e-5
    - 5 :   2, 11, 1382,    7,  6,     7,  2,     4,  6, 116262, 6.2e-5
    - 6 :   2, 11, 1396,    8,  5,    15,  1,     4,  6, 133873, 6.3e-5
    - 7 :   2, 11, 1448,    8,  5,    15,  1,     5,  5, 167244, 6.3e-5
    - 8 :   2, 11, 1371,   10,  4,    14,  1,     7,  4, 271373, 6.1e-5
    - 9 :   2, 11, 1413,   10,  4,    15,  1,     9,  3, 350229, 6.3e-5
    - 10:   2, 11, 1381,   14,  3,    15,  1,    10,  3, 526745, 6.1e-5
    - 11:   2, 11, 1441,   22,  2,    16,  1,    10,  3, 837658, 6.3e-5
    - 12:   2, 11, 1419,   44,  1,    15,  1,    15,  2, 2424882, 6.3e-5
    # no solution starting from log norm2 = 13

  - 14: # bits
    -ln2:   k,  N,    n, br_l,br_b, ks_l,ks_b, cb_l,cb_b,  cost, p_error
    - 0 :   2, 11, 1476,    4,  9,     8,  2,     2,  9,  41181, 6.3e-5
    - 1 :   2, 11, 1371,    4,  9,     7,  2,     3,  7,  54361, 6.0e-5
    - 2 :   2, 11, 1368,    5,  8,     7,  2,     3,  7,  66106, 5.8e-5
    - 3 :   2, 11, 1445,    4,  9,     8,  2,     4,  5,  72385, 6.3e-5
    - 4 :   2, 11, 1424,    7,  6,     8,  2,     3,  7,  92284, 6.3e-5
    - 5 :   2, 11, 1382,    7,  6,     7,  2,     4,  6, 116262, 6.2e-5
    - 6 :   2, 11, 1396,    8,  5,    15,  1,     4,  6, 133873, 6.3e-5
    - 7 :   2, 11, 1448,    8,  5,    15,  1,     5,  5, 167244, 6.3e-5
    - 8 :   2, 11, 1371,   10,  4,    14,  1,     7,  4, 271373, 6.1e-5
    - 9 :   2, 11, 1413,   10,  4,    15,  1,     9,  3, 350229, 6.3e-5
    - 10:   2, 11, 1381,   14,  3,    15,  1,    10,  3, 526745, 6.1e-5
    - 11:   2, 11, 1441,   22,  2,    16,  1,    10,  3, 837658, 6.3e-5
    - 12:   2, 11, 1419,   44,  1,    15,  1,    15,  2, 2424882, 6.3e-5
    # no solution starting from log norm2 = 13

  - 15: # bits
    -ln2:   k,  N,    n, br_l,br_b, ks_l,ks_b, cb_l,cb_b,  cost, p_error
    - 0 :   2, 11, 1476,    4,  9,     8,  2,     2,  9,  41181, 6.3e-5
    - 1 :   2, 11, 1371,    4,  9,     7,  2,     3,  7,  54361, 6.0e-5
    - 2 :   2, 11, 1368,    5,  8,     7,  2,     3,  7,  66106, 5.8e-5
    - 3 :   2, 11, 1445,    4,  9,     8,  2,     4,  5,  72385, 6.3e-5
    - 4 :   2, 11, 1424,    7,  6,     8,  2,     3,  7,  92284, 6.3e-5
    - 5 :   2, 11, 1382,    7,  6,     7,  2,     4,  6, 116262, 6.2e-5
    - 6 :   2, 11, 1396,    8,  5,    15,  1,     4,  6, 133873, 6.3e-5
    - 7 :   2, 11, 1448,    8,  5,    15,  1,     5,  5, 167244, 6.3e-5
    - 8 :   2, 11, 1371,   10,  4,    14,  1,     7,  4, 271373, 6.1e-5
    - 9 :   2, 11, 1413,   10,  4,    15,  1,     9,  3, 350229, 6.3e-5
    - 10:   2, 11, 1381,   14,  3,    15,  1,    10,  3, 526745, 6.1e-5
    - 11:   2, 11, 1441,   22,  2,    16,  1,    10,  3, 837658, 6.3e-5
    - 12:   2, 11, 1419,   44,  1,    15,  1,    15,  2, 2424882, 6.3e-5
    # no solution starting from log norm2 = 13

  - 16: # bits
    -ln2:   k,  N,    n, br_l,br_b, ks_l,ks_b, cb_l,cb_b,  cost, p_error
    - 0 :   2, 11, 1422,    3, 12,     7,  2,     3,  6,  48814, 6.2e-5
    - 1 :   2, 11, 1374,    4,  9,     7,  2,     3,  7,  60970, 5.9e-5
    - 2 :   2, 11, 1370,    5,  8,     7,  2,     3,  7,  74106, 5.9e-5
    - 3 :   2, 11, 1487,    4,  9,    16,  1,     4,  5,  84376, 6.3e-5
    - 4 :   2, 11, 1449,    7,  6,     8,  2,     3,  7, 104523, 6.3e-5
    - 5 :   2, 11, 1388,    7,  6,     7,  2,     4,  6, 130696, 6.0e-5
    - 6 :   2, 11, 1418,    8,  5,    15,  1,     4,  6, 151578, 6.3e-5
    - 7 :   2, 11, 1434,    9,  5,    15,  1,     5,  5, 208092, 6.3e-5
    - 8 :   2, 11, 1377,   10,  4,    15,  1,     7,  4, 305671, 6.2e-5
    - 9 :   2, 11, 1463,   10,  4,    16,  1,     9,  3, 401992, 6.3e-5
    - 10:   2, 11, 1392,   14,  3,    15,  1,    10,  3, 594517, 6.3e-5
    - 11:   2, 11, 1374,   21,  2,    15,  1,    15,  2, 1292606, 6.3e-5
    - 12:   2, 11, 1470,   45,  1,    16,  1,    15,  2, 2844898, 6.3e-5
    # no solution starting from log norm2 = 13
