security level: 80
target p_error: 6.3e-5
per precision and log norm2:

  - 1: # bits
    -ln2:   k,  N,    n, br_l,br_b, ks_l,ks_b, cb_l,cb_b, pp_l,pp_b,  cost, p_error
    - 0 :   1, 10,  450,    2, 13,     2,  5,     1,  8,     2, 13,     42, 9.9e-9
    - 1 :   1, 10,  450,    3, 10,     2,  5,     1, 10,     2, 13,     53, 3.0e-14
    - 2 :   1, 10,  450,    3, 10,     2,  5,     1, 10,     2, 13,     53, 2.7e-5
    - 3 :   1, 10,  450,    4,  8,     3,  4,     1, 11,     3, 10,     70, 4.5e-5
    - 4 :   2, 10,  450,    3, 12,     2,  5,     1, 13,     1, 31,     97, 1.4e-5
    - 5 :   1, 10,  450,    3, 10,     4,  3,     2,  7,     3, 10,    115, 6.1e-5
    - 6 :   1, 10,  450,    4,  8,     2,  5,     2,  7,     3, 10,    136, 2.0e-6
    - 7 :   1, 10,  450,    6,  6,     2,  5,     2,  8,     3, 10,    182, 2.5e-6
    - 8 :   2, 10,  450,    3, 12,     3,  4,     2,  8,     1, 31,    193, 4.8e-5
    - 9 :   1, 10,  450,    6,  6,     3,  4,     3,  6,     3, 10,    273, 4.2e-5
    - 10:   2, 10,  450,    5,  8,     2,  5,     2, 10,     2, 20,    313, 2.8e-9
    - 11:   2, 10,  450,    6,  7,     2,  5,     2, 10,     2, 20,    350, 4.7e-7
    - 12:   2, 10,  450,    4,  9,     3,  4,     3,  7,     2, 20,    414, 4.6e-5
    - 13:   2, 10,  450,    6,  7,     2,  5,     3,  8,     2, 20,    523, 5.7e-7
    - 14:   2, 10,  450,    7,  6,     2,  5,     3,  8,     2, 20,    579, 4.4e-6
    - 15:   2, 10,  450,    9,  5,     3,  4,     3,  8,     2, 20,    691, 3.8e-5
    - 16:   2, 10,  450,    9,  5,     3,  4,     4,  6,     2, 20,    920, 3.8e-5
    - 17:   2, 10,  450,    9,  5,     4,  3,     5,  5,     2, 20,   1150, 6.1e-5
    - 18:   2, 10,  450,    8,  5,     2,  5,     7,  4,     2, 20,   1475, 1.0e-5
    - 19:   2, 10,  450,   11,  4,     2,  5,     7,  4,     2, 20,   1863, 1.3e-5
    - 20:   2, 10,  450,   11,  4,     2,  5,    10,  3,     2, 20,   2660, 4.9e-5
    - 21:   2, 10,  450,   21,  2,     3,  4,    10,  3,     2, 20,   4507, 5.6e-5
    - 22:   2, 10,  450,   22,  2,     2,  5,    16,  2,     2, 20,   7503, 4.8e-5
    # no solution starting from log norm2 = 23

  - 2: # bits
    -ln2:   k,  N,    n, br_l,br_b, ks_l,ks_b, cb_l,cb_b, pp_l,pp_b,  cost, p_error
    - 0 :   1, 10,  450,    4,  8,     3,  4,     1, 10,     2, 13,    190, 2.9e-5
    - 1 :   1, 10,  450,    3, 10,     2,  5,     2,  7,     2, 13,    257, 3.6e-10
    - 2 :   1, 10,  450,    3, 10,     2,  5,     2,  7,     2, 13,    257, 9.6e-6
    - 3 :   1, 10,  450,    4,  8,     2,  5,     2,  7,     2, 13,    314, 8.6e-6
    - 4 :   1, 10,  450,    3, 10,     3,  4,     3,  5,     2, 13,    364, 5.7e-5
    - 5 :   2, 10,  450,    3, 12,     2,  5,     2,  8,     1, 31,    456, 5.9e-5
    - 6 :   1, 10,  450,    6,  6,     2,  5,     3,  6,     3, 10,    625, 3.3e-6
    - 7 :   2, 10,  450,    3, 12,     3,  4,     3,  6,     1, 31,    649, 6.1e-7
    - 8 :   2, 10,  450,    5,  8,     3,  4,     2, 10,     2, 20,    742, 3.8e-6
    - 9 :   2, 10,  450,    4,  9,     2,  5,     3,  7,     2, 20,    917, 5.8e-5
    - 10:   2, 10,  450,    5,  8,     3,  4,     3,  7,     2, 20,   1052, 6.7e-7
    - 11:   2, 10,  450,    7,  6,     2,  5,     3,  8,     2, 20,   1305, 1.2e-5
    - 12:   2, 10,  450,    8,  5,     3,  4,     3,  8,     2, 20,   1440, 3.3e-6
    - 13:   2, 10,  450,    7,  6,     3,  4,     4,  6,     2, 20,   1694, 1.1e-5
    - 14:   2, 10,  450,    7,  6,     3,  4,     5,  5,     2, 20,   2078, 3.3e-5
    - 15:   2, 10,  450,    7,  6,     3,  4,     7,  4,     2, 20,   2845, 9.4e-6
    - 16:   2, 10,  450,    9,  5,     7,  2,     7,  4,     2, 20,   3420, 6.0e-5
    - 17:   2, 10,  450,   14,  3,     3,  4,     7,  4,     2, 20,   4783, 3.1e-5
    - 18:   2, 10,  450,   14,  3,     3,  4,    10,  3,     2, 20,   6710, 2.3e-5
    - 19:   2, 10,  450,   22,  2,     4,  3,    11,  3,     3, 15,  11282, 5.3e-5
    - 20:   2, 10,  450,   45,  1,     5,  3,    16,  2,     2, 20,  29455, 5.8e-5
    # no solution starting from log norm2 = 21

  - 3: # bits
    -ln2:   k,  N,    n, br_l,br_b, ks_l,ks_b, cb_l,cb_b, pp_l,pp_b,  cost, p_error
    - 0 :   1, 10,  450,    3, 10,     4,  3,     2,  7,     2, 13,    417, 5.3e-5
    - 1 :   1, 10,  450,    4,  8,     4,  3,     2,  7,     2, 13,    509, 4.7e-5
    - 2 :   1, 10,  450,    4,  8,     3,  4,     3,  5,     2, 13,    695, 1.8e-6
    - 3 :   2, 10,  450,    3, 12,     4,  3,     2,  8,     1, 31,    739, 4.1e-5
    - 4 :   1, 10,  450,    6,  6,     3,  4,     3,  6,     3, 10,    982, 4.0e-5
    - 5 :   2, 10,  450,    3, 12,     5,  3,     3,  6,     1, 31,   1030, 6.0e-5
    - 6 :   2, 10,  450,    3, 12,     3,  4,     4,  5,     1, 31,   1294, 4.1e-5
    - 7 :   2, 10,  450,    4,  9,     4,  3,     3,  7,     2, 20,   1440, 4.0e-5
    - 8 :   2, 10,  451,    5,  8,     5,  3,     3,  7,     2, 20,   1655, 6.1e-5
    - 9 :   2, 10,  450,    7,  6,     3,  4,     3,  8,     2, 20,   2040, 2.1e-5
    - 10:   2, 10,  450,    6,  7,     4,  3,     4,  6,     2, 20,   2366, 1.8e-5
    - 11:   2, 10,  450,    6,  7,     4,  3,     5,  5,     2, 20,   2887, 6.0e-5
    - 12:   2, 10,  450,    8,  5,     7,  2,     5,  5,     2, 20,   3541, 4.8e-5
    - 13:   2, 10,  450,    8,  5,     3,  4,     7,  4,     2, 20,   4767, 3.4e-5
    - 14:   2, 10,  450,   11,  4,     3,  4,     7,  4,     2, 20,   6041, 4.0e-5
    - 15:   2, 10,  450,   14,  3,     7,  2,     8,  4,     2, 20,   8313, 4.1e-5
    - 16:   2, 10,  450,   15,  3,    14,  1,    11,  3,     3, 15,  12703, 6.0e-5
    - 17:   2, 10,  450,   22,  2,     4,  3,    16,  2,     2, 20,  23375, 1.8e-5
    - 18:   2, 10,  450,   44,  1,    14,  1,    32,  1,     3, 15,  88061, 6.2e-5
    # no solution starting from log norm2 = 19

  - 4: # bits
    -ln2:   k,  N,    n, br_l,br_b, ks_l,ks_b, cb_l,cb_b, pp_l,pp_b,  cost, p_error
    - 0 :   1, 10,  450,    4,  8,     3,  4,     2,  7,     2, 13,    951, 1.3e-8
    - 1 :   1, 10,  450,    4,  8,     3,  4,     2,  7,     3, 10,    999, 3.1e-5
    - 2 :   1, 10,  450,    4,  8,     3,  4,     3,  5,     2, 13,   1332, 2.2e-5
    - 3 :   1, 10,  450,    5,  7,     3,  4,     3,  6,     3, 10,   1644, 2.4e-5
    - 4 :   2, 10,  450,    3, 12,     3,  4,     3,  6,     1, 31,   1949, 4.3e-7
    - 5 :   2, 10,  450,    5,  8,     3,  4,     2, 10,     2, 20,   2227, 1.4e-6
    - 6 :   2, 10,  450,    6,  7,     3,  4,     2, 10,     2, 20,   2504, 2.2e-5
    - 7 :   2, 10,  450,    8,  5,     7,  2,     2, 11,     2, 20,   3121, 5.6e-5
    - 8 :   2, 10,  450,    6,  7,     3,  4,     3,  8,     2, 20,   3544, 2.5e-5
    - 9 :   2, 10,  450,    7,  6,     4,  3,     3,  8,     2, 20,   3948, 2.7e-5
    - 10:   2, 10,  450,    5,  8,     5,  3,     5,  5,     2, 20,   5048, 6.1e-5
    - 11:   2, 10,  450,    7,  6,     3,  4,     5,  5,     2, 20,   6234, 6.7e-6
    - 12:   2, 10,  450,    8,  5,     3,  4,     6,  5,     2, 20,   8105, 4.2e-5
    - 13:   2, 10,  450,    8,  5,     4,  3,     7,  4,     2, 20,   9383, 5.4e-5
    - 14:   2, 10,  450,   11,  4,     5,  3,     7,  4,     2, 20,  11891, 4.5e-5
    - 15:   2, 10,  450,   14,  3,     3,  4,    10,  3,     2, 20,  20130, 5.2e-6
    - 16:   2, 10,  450,   22,  2,     4,  3,    10,  3,     2, 20,  29448, 2.5e-5
    - 17:   2, 10,  450,   22,  2,     7,  2,    16,  2,     3, 15,  48676, 5.0e-5
    # no solution starting from log norm2 = 18

  - 5: # bits
    -ln2:   k,  N,    n, br_l,br_b, ks_l,ks_b, cb_l,cb_b, pp_l,pp_b,  cost, p_error
    - 0 :   1, 10,  450,    4,  8,     3,  4,     2,  7,     2, 13,    951, 1.3e-8
    - 1 :   1, 10,  450,    4,  8,     3,  4,     2,  7,     3, 10,    999, 3.1e-5
    - 2 :   1, 10,  450,    4,  8,     3,  4,     3,  5,     2, 13,   1332, 2.2e-5
    - 3 :   1, 10,  450,    5,  7,     3,  4,     3,  6,     3, 10,   1644, 2.4e-5
    - 4 :   2, 10,  450,    3, 12,     3,  4,     3,  6,     1, 31,   1949, 4.3e-7
    - 5 :   2, 10,  450,    5,  8,     3,  4,     2, 10,     2, 20,   2227, 1.4e-6
    - 6 :   2, 10,  450,    6,  7,     3,  4,     2, 10,     2, 20,   2504, 2.2e-5
    - 7 :   2, 10,  450,    8,  5,     7,  2,     2, 11,     2, 20,   3121, 5.6e-5
    - 8 :   2, 10,  450,    6,  7,     3,  4,     3,  8,     2, 20,   3544, 2.5e-5
    - 9 :   2, 10,  450,    7,  6,     4,  3,     3,  8,     2, 20,   3948, 2.7e-5
    - 10:   2, 10,  450,    5,  8,     5,  3,     5,  5,     2, 20,   5048, 6.1e-5
    - 11:   2, 10,  450,    7,  6,     3,  4,     5,  5,     2, 20,   6234, 6.7e-6
    - 12:   2, 10,  450,    8,  5,     3,  4,     6,  5,     2, 20,   8105, 4.2e-5
    - 13:   2, 10,  450,    8,  5,     4,  3,     7,  4,     2, 20,   9383, 5.4e-5
    - 14:   2, 10,  450,   11,  4,     5,  3,     7,  4,     2, 20,  11891, 4.5e-5
    - 15:   2, 10,  450,   14,  3,     3,  4,    10,  3,     2, 20,  20130, 5.2e-6
    - 16:   2, 10,  450,   22,  2,     4,  3,    10,  3,     2, 20,  29448, 2.5e-5
    - 17:   2, 10,  450,   22,  2,     7,  2,    16,  2,     3, 15,  48676, 5.0e-5
    # no solution starting from log norm2 = 18

  - 6: # bits
    -ln2:   k,  N,    n, br_l,br_b, ks_l,ks_b, cb_l,cb_b, pp_l,pp_b,  cost, p_error
    - 0 :   1, 10,  450,    4,  8,     3,  4,     2,  7,     2, 13,   1139, 6.3e-8
    - 1 :   1, 10,  450,    4,  8,     4,  3,     2,  7,     3, 10,   1204, 5.3e-5
    - 2 :   1, 10,  452,    4,  8,     3,  4,     3,  5,     2, 13,   1589, 6.2e-5
    - 3 :   1, 10,  450,    5,  7,     4,  3,     3,  6,     3, 10,   1962, 4.0e-5
    - 4 :   2, 10,  450,    3, 12,     3,  4,     3,  6,     1, 31,   2312, 1.2e-6
    - 5 :   2, 10,  450,    5,  8,     3,  4,     2, 10,     2, 20,   2654, 3.8e-6
    - 6 :   2, 10,  450,    6,  7,     3,  4,     2, 10,     2, 20,   2987, 5.6e-5
    - 7 :   2, 10,  450,    5,  8,     3,  4,     3,  7,     2, 20,   3739, 1.3e-6
    - 8 :   2, 10,  450,    6,  7,     3,  4,     3,  8,     2, 20,   4201, 6.3e-5
    - 9 :   2, 10,  450,    7,  6,     5,  3,     3,  8,     2, 20,   4701, 5.5e-5
    - 10:   2, 10,  450,    7,  6,     3,  4,     4,  6,     2, 20,   6005, 8.0e-6
    - 11:   2, 10,  450,    7,  6,     3,  4,     5,  5,     2, 20,   7348, 1.8e-5
    - 12:   2, 10,  450,    8,  5,     4,  3,     6,  5,     2, 20,   9560, 3.4e-5
    - 13:   2, 10,  450,    9,  5,     3,  4,     7,  4,     2, 20,  11991, 4.5e-5
    - 14:   2, 10,  450,   15,  3,     7,  2,     6,  5,     2, 20,  15561, 5.2e-5
    - 15:   2, 10,  450,   14,  3,     3,  4,    10,  3,     2, 20,  23624, 1.4e-5
    - 16:   2, 10,  450,   22,  2,     5,  3,    10,  3,     2, 20,  34590, 5.1e-5
    - 17:   2, 10,  450,   43,  1,     5,  3,    16,  2,     2, 20,  99237, 4.4e-5
    # no solution starting from log norm2 = 18

  - 7: # bits
    -ln2:   k,  N,    n, br_l,br_b, ks_l,ks_b, cb_l,cb_b, pp_l,pp_b,  cost, p_error
    - 0 :   1, 10,  450,    4,  8,     3,  4,     2,  7,     2, 13,   1326, 6.0e-6
    - 1 :   1, 10,  450,    3, 10,     5,  3,     3,  5,     3, 10,   1621, 5.0e-5
    - 2 :   2, 10,  450,    3, 12,     3,  4,     2,  8,     1, 31,   1922, 2.1e-5
    - 3 :   1, 10,  450,    6,  6,     3,  4,     3,  6,     3, 10,   2593, 2.1e-6
    - 4 :   2, 10,  450,    3, 12,     3,  4,     3,  6,     1, 31,   2674, 4.2e-5
    - 5 :   2, 10,  450,    5,  8,     4,  3,     2, 10,     2, 20,   3105, 2.2e-5
    - 6 :   2, 10,  450,    4,  9,     3,  4,     3,  7,     2, 20,   3786, 2.1e-5
    - 7 :   2, 10,  450,    5,  8,     3,  4,     3,  7,     2, 20,   4321, 4.4e-5
    - 8 :   2, 10,  450,    7,  6,     3,  4,     3,  8,     2, 20,   5392, 2.7e-6
    - 9 :   2, 10,  450,    8,  5,     4,  3,     3,  8,     2, 20,   5950, 2.0e-5
    - 10:   2, 10,  450,    7,  6,     4,  3,     4,  6,     2, 20,   6950, 4.9e-5
    - 11:   2, 10,  452,    7,  6,     5,  3,     5,  5,     2, 20,   8537, 6.3e-5
    - 12:   2, 10,  450,    7,  6,     4,  3,     7,  4,     2, 20,  11555, 4.3e-5
    - 13:   2, 10,  450,   10,  4,     7,  2,     7,  4,     2, 20,  15001, 4.8e-5
    - 14:   2, 10,  451,   14,  3,     5,  3,     7,  4,     2, 20,  19496, 6.2e-5
    - 15:   2, 10,  450,   14,  3,     5,  3,    10,  3,     2, 20,  27164, 5.1e-5
    - 16:   2, 10,  450,   22,  2,     4,  3,    15,  2,     2, 20,  58441, 4.1e-5
    - 17:   2, 10,  450,   44,  1,     7,  2,    16,  2,     3, 15, 119339, 4.9e-5
    # no solution starting from log norm2 = 18

  - 8: # bits
    -ln2:   k,  N,    n, br_l,br_b, ks_l,ks_b, cb_l,cb_b, pp_l,pp_b,  cost, p_error
    - 0 :   1, 10,  450,    4,  8,     3,  4,     2,  7,     2, 13,   1514, 1.4e-5
    - 1 :   1, 10,  455,    5,  7,     5,  3,     2,  8,     4,  8,   1977, 6.3e-5
    - 2 :   2, 10,  450,    3, 12,     3,  4,     2,  8,     1, 31,   2191, 3.8e-5
    - 3 :   1, 10,  450,    6,  6,     3,  4,     3,  6,     3, 10,   2947, 5.2e-6
    - 4 :   2, 10,  452,    3, 12,     3,  4,     3,  6,     1, 31,   3048, 6.0e-5
    - 5 :   2, 10,  450,    5,  8,     4,  3,     2, 10,     2, 20,   3536, 4.9e-5
    - 6 :   2, 10,  450,    4,  9,     3,  4,     3,  7,     2, 20,   4295, 3.7e-5
    - 7 :   2, 10,  452,    5,  8,     3,  4,     3,  7,     2, 20,   4920, 6.3e-5
    - 8 :   2, 10,  450,    7,  6,     3,  4,     3,  8,     2, 20,   6122, 4.9e-6
    - 9 :   2, 10,  450,    8,  5,     4,  3,     3,  8,     2, 20,   6757, 4.5e-5
    - 10:   2, 10,  451,    7,  6,     5,  3,     4,  6,     2, 20,   7915, 6.1e-5
    - 11:   2, 10,  450,    8,  5,     4,  3,     5,  5,     2, 20,  10543, 2.0e-5
    - 12:   2, 10,  450,    7,  6,     5,  3,     7,  4,     2, 20,  13082, 5.6e-5
    - 13:   2, 10,  450,   11,  4,     3,  4,     7,  4,     2, 20,  18123, 9.3e-6
    - 14:   2, 10,  450,   15,  3,     5,  3,     7,  4,     2, 20,  23270, 5.7e-5
    - 15:   2, 10,  450,   14,  3,    14,  1,    10,  3,     2, 20,  30904, 6.1e-5
    - 16:   2, 10,  450,   22,  2,     5,  3,    15,  2,     2, 20,  65933, 5.3e-5
    - 17:   2, 10,  450,   45,  1,     7,  2,    17,  2,     3, 15, 145595, 5.7e-5
    # no solution starting from log norm2 = 18

  - 9: # bits
    -ln2:   k,  N,    n, br_l,br_b, ks_l,ks_b, cb_l,cb_b, pp_l,pp_b,  cost, p_error
    - 0 :   1, 10,  450,    4,  8,     3,  4,     2,  7,     2, 13,   1831, 5.5e-5
    - 1 :   1, 10,  450,    4,  8,     3,  4,     3,  5,     2, 13,   2529, 9.3e-7
    - 2 :   2, 10,  456,    3, 12,     3,  4,     2,  8,     1, 31,   2681, 5.8e-5
    - 3 :   1, 10,  450,    6,  6,     3,  4,     3,  6,     3, 10,   3575, 2.2e-5
    - 4 :   2, 10,  450,    3, 12,     4,  3,     3,  6,     1, 31,   3719, 5.6e-5
    - 5 :   2, 10,  450,    5,  8,    14,  1,     2, 10,     2, 20,   4601, 6.0e-5
    - 6 :   2, 10,  450,    4,  9,     4,  3,     3,  7,     2, 20,   5250, 2.2e-5
    - 7 :   2, 10,  450,    5,  8,     4,  3,     3,  7,     2, 20,   5988, 5.9e-5
    - 8 :   2, 10,  450,    7,  6,     3,  4,     3,  8,     2, 20,   7433, 1.4e-5
    - 9 :   2, 10,  450,    8,  5,     7,  2,     3,  8,     2, 20,   8298, 6.1e-5
    - 10:   2, 10,  450,    8,  5,     4,  3,     4,  6,     2, 20,  10516, 4.3e-5
    - 11:   2, 10,  450,    8,  5,     5,  3,     5,  5,     2, 20,  12862, 4.5e-5
    - 12:   2, 10,  450,    8,  5,     3,  4,     7,  4,     2, 20,  17425, 2.2e-5
    - 13:   2, 10,  450,   11,  4,     3,  4,     7,  4,     2, 20,  22076, 2.6e-5
    - 14:   2, 10,  450,   14,  3,     5,  3,     8,  4,     2, 20,  30323, 3.9e-5
    - 15:   2, 10,  450,   15,  3,    14,  1,    10,  3,     2, 20,  39831, 5.7e-5
    - 16:   2, 10,  450,   22,  2,     3,  4,    16,  2,     2, 20,  85534, 5.7e-5
    - 17:   2, 10,  450,   44,  1,     7,  2,    32,  1,     3, 15, 322385, 3.6e-5
    # no solution starting from log norm2 = 18

  - 10: # bits
    -ln2:   k,  N,    n, br_l,br_b, ks_l,ks_b, cb_l,cb_b, pp_l,pp_b,  cost, p_error
    - 0 :   2, 10,  450,    3, 12,     5,  3,     2,  8,     1, 31,   2795, 2.9e-5
    - 1 :   1, 10,  450,    6,  6,     4,  3,     3,  6,     3, 10,   3673, 1.4e-5
    - 2 :   2, 10,  450,    3, 12,     5,  3,     3,  6,     1, 31,   3829, 5.1e-5
    - 3 :   2, 10,  456,    5,  8,     5,  3,     2, 10,     2, 20,   4476, 6.3e-5
    - 4 :   2, 10,  450,    4,  9,     5,  3,     3,  7,     2, 20,   5378, 2.8e-5
    - 5 :   2, 10,  450,    5,  8,     5,  3,     3,  7,     2, 20,   6135, 5.3e-5
    - 6 :   2, 10,  450,    7,  6,     4,  3,     3,  8,     2, 20,   7615, 3.4e-5
    - 7 :   2, 10,  450,    8,  5,     7,  2,     3,  8,     2, 20,   8472, 2.4e-5
    - 8 :   2, 10,  450,    7,  6,     7,  2,     4,  6,     2, 20,   9826, 5.2e-5
    - 9 :   2, 10,  467,    7,  6,    16,  1,     5,  5,     2, 20,  12601, 6.3e-5
    - 10:   2, 10,  450,    7,  6,     7,  2,     7,  4,     2, 20,  16158, 4.6e-5
    - 11:   2, 10,  450,   11,  4,     4,  3,     7,  4,     2, 20,  22333, 4.8e-5
    - 12:   2, 10,  459,   14,  3,    15,  1,     7,  4,     2, 20,  27882, 6.3e-5
    - 13:   2, 10,  450,   14,  3,    14,  1,    10,  3,     2, 20,  37970, 6.3e-5
    - 14:   2, 10,  450,   22,  2,     7,  2,    15,  2,     2, 20,  80938, 4.4e-5
    - 15:   2, 10,  453,   45,  1,    15,  1,    16,  2,     3, 15, 169740, 6.3e-5
    # no solution starting from log norm2 = 16

  - 11: # bits
    -ln2:   k,  N,    n, br_l,br_b, ks_l,ks_b, cb_l,cb_b, pp_l,pp_b,  cost, p_error
    - 0 :   1, 10,  450,    4,  8,     3,  4,     3,  5,     2, 13,   3031, 3.6e-5
    - 1 :   1, 10,  450,    5,  7,     3,  4,     3,  6,     3, 10,   3736, 3.8e-5
    - 2 :   2, 10,  450,    3, 12,     3,  4,     3,  6,     1, 31,   4413, 7.8e-6
    - 3 :   2, 10,  450,    5,  8,     3,  4,     2, 10,     2, 20,   5107, 1.5e-5
    - 4 :   2, 10,  450,    3, 12,     5,  3,     4,  5,     1, 31,   5713, 4.9e-5
    - 5 :   2, 10,  450,    5,  8,     3,  4,     3,  7,     2, 20,   7121, 8.0e-6
    - 6 :   2, 10,  450,    6,  7,     4,  3,     3,  8,     2, 20,   8046, 1.2e-5
    - 7 :   2, 10,  450,    7,  6,     4,  3,     3,  8,     2, 20,   8932, 4.3e-5
    - 8 :   2, 10,  450,    6,  7,    14,  1,     4,  6,     2, 20,  10688, 5.9e-5
    - 9 :   2, 10,  450,    7,  6,     3,  4,     5,  5,     2, 20,  13882, 3.9e-5
    - 10:   2, 10,  450,    8,  5,     4,  3,     6,  5,     2, 20,  18021, 2.0e-5
    - 11:   2, 10,  450,    8,  5,     5,  3,     7,  4,     2, 20,  20794, 3.8e-5
    - 12:   2, 10,  450,   11,  4,     5,  3,     7,  4,     2, 20,  26331, 4.7e-5
    - 13:   2, 10,  450,   11,  4,    14,  1,    10,  3,     2, 20,  37043, 6.3e-5
    - 14:   2, 10,  450,   22,  2,     4,  3,    10,  3,     2, 20,  64876, 4.0e-5
    - 15:   2, 10,  450,   22,  2,    14,  1,    16,  2,     2, 20, 101825, 6.1e-5
    # no solution starting from log norm2 = 16

  - 12: # bits
    -ln2:   k,  N,    n, br_l,br_b, ks_l,ks_b, cb_l,cb_b, pp_l,pp_b,  cost, p_error
    - 0 :   1, 10,  450,    4,  8,     5,  3,     3,  5,     3, 10,   3494, 5.6e-5
    - 1 :   2, 10,  466,    4,  9,     7,  2,     2,  9,     1, 31,   4460, 6.3e-5
    - 2 :   2, 10,  450,    3, 12,     4,  3,     3,  6,     1, 31,   4819, 2.7e-5
    - 3 :   2, 10,  450,    5,  8,     4,  3,     2, 10,     2, 20,   5577, 6.1e-5
    - 4 :   2, 10,  450,    4,  9,     4,  3,     3,  7,     2, 20,   6787, 1.4e-5
    - 5 :   2, 10,  450,    5,  8,     4,  3,     3,  7,     2, 20,   7747, 2.8e-5
    - 6 :   2, 10,  452,    7,  6,     3,  4,     3,  8,     2, 20,   9658, 5.9e-5
    - 7 :   2, 10,  450,    8,  5,     4,  3,     3,  8,     2, 20,  10626, 5.7e-5
    - 8 :   2, 10,  450,    7,  6,     5,  3,     4,  6,     2, 20,  12395, 4.0e-5
    - 9 :   2, 10,  450,    7,  6,     7,  2,     5,  5,     2, 20,  15167, 2.7e-5
    - 10:   2, 10,  450,    7,  6,     5,  3,     7,  4,     2, 20,  20455, 3.6e-5
    - 11:   2, 10,  450,    9,  5,    14,  1,     7,  4,     2, 20,  24823, 6.3e-5
    - 12:   2, 10,  450,   14,  3,     7,  2,     7,  4,     2, 20,  34493, 2.6e-5
    - 13:   2, 10,  450,   14,  3,     7,  2,    10,  3,     2, 20,  47980, 2.1e-5
    - 14:   2, 10,  450,   22,  2,     7,  2,    11,  3,     3, 15,  80389, 5.7e-5
    - 15:   2, 10,  450,   45,  1,    14,  1,    16,  2,     2, 20, 209136, 5.4e-5
    # no solution starting from log norm2 = 16

  - 13: # bits
    -ln2:   k,  N,    n, br_l,br_b, ks_l,ks_b, cb_l,cb_b, pp_l,pp_b,  cost, p_error
    - 0 :   2, 10,  450,    3, 12,     4,  3,     2,  8,     1, 31,   3699, 2.0e-5
    - 1 :   1, 10,  450,    6,  6,     3,  4,     3,  6,     3, 10,   4915, 1.9e-5
    - 2 :   2, 10,  450,    3, 12,     4,  3,     3,  6,     1, 31,   5110, 3.7e-5
    - 3 :   2, 10,  450,    5,  8,     5,  3,     2, 10,     2, 20,   5940, 3.0e-5
    - 4 :   2, 10,  450,    4,  9,     4,  3,     3,  7,     2, 20,   7206, 2.0e-5
    - 5 :   2, 10,  450,    5,  8,     4,  3,     3,  7,     2, 20,   8221, 3.8e-5
    - 6 :   2, 10,  450,    7,  6,     4,  3,     3,  8,     2, 20,  10251, 3.4e-6
    - 7 :   2, 10,  450,    8,  5,     5,  3,     3,  8,     2, 20,  11311, 2.8e-5
    - 8 :   2, 10,  450,    7,  6,     5,  3,     4,  6,     2, 20,  13175, 5.9e-5
    - 9 :   2, 10,  450,    7,  6,     7,  2,     5,  5,     2, 20,  16142, 4.4e-5
    - 10:   2, 10,  450,    7,  6,     5,  3,     7,  4,     2, 20,  21812, 5.3e-5
    - 11:   2, 10,  450,   10,  4,     7,  2,     7,  4,     2, 20,  28268, 5.3e-5
    - 12:   2, 10,  450,   14,  3,     7,  2,     7,  4,     2, 20,  36758, 4.2e-5
    - 13:   2, 10,  450,   14,  3,     7,  2,    10,  3,     2, 20,  51209, 3.3e-5
    - 14:   2, 10,  457,   23,  2,    15,  1,    11,  3,     3, 15,  90617, 6.3e-5
    - 15:   2, 10,  450,   44,  1,     7,  2,    16,  2,     3, 15, 224304, 5.4e-5
    # no solution starting from log norm2 = 16

  - 14: # bits
    -ln2:   k,  N,    n, br_l,br_b, ks_l,ks_b, cb_l,cb_b, pp_l,pp_b,  cost, p_error
    - 0 :   2, 10,  450,    3, 12,     4,  3,     2,  8,     1, 31,   4254, 3.5e-5
    - 1 :   1, 10,  450,    6,  6,     3,  4,     3,  6,     3, 10,   5633, 3.4e-5
    - 2 :   2, 10,  451,    3, 12,     4,  3,     3,  6,     1, 31,   5867, 6.1e-5
    - 3 :   2, 10,  450,    5,  8,     5,  3,     2, 10,     2, 20,   6819, 6.1e-5
    - 4 :   2, 10,  450,    4,  9,     4,  3,     3,  7,     2, 20,   8245, 3.5e-5
    - 5 :   2, 10,  452,    5,  8,     4,  3,     3,  7,     2, 20,   9438, 5.9e-5
    - 6 :   2, 10,  450,    7,  6,     4,  3,     3,  8,     2, 20,  11733, 5.8e-6
    - 7 :   2, 10,  450,    8,  5,     5,  3,     3,  8,     2, 20,  12947, 5.7e-5
    - 8 :   2, 10,  450,    7,  6,     7,  2,     4,  6,     2, 20,  15153, 4.3e-5
    - 9 :   2, 10,  450,    8,  5,     5,  3,     5,  5,     2, 20,  20108, 2.9e-5
    - 10:   2, 10,  450,    7,  6,     7,  2,     7,  4,     2, 20,  24953, 3.8e-5
    - 11:   2, 10,  450,   11,  4,     4,  3,     7,  4,     2, 20,  34471, 1.0e-5
    - 12:   2, 10,  450,   15,  3,     7,  2,     7,  4,     2, 20,  44296, 3.9e-5
    - 13:   2, 10,  450,   14,  3,    14,  1,    10,  3,     2, 20,  58625, 6.1e-5
    - 14:   2, 10,  450,   22,  2,     7,  2,    15,  2,     2, 20, 125007, 3.6e-5
    - 15:   2, 10,  456,   45,  1,    15,  1,    16,  2,     3, 15, 263694, 6.3e-5
    # no solution starting from log norm2 = 16

  - 15: # bits
    -ln2:   k,  N,    n, br_l,br_b, ks_l,ks_b, cb_l,cb_b, pp_l,pp_b,  cost, p_error
    - 0 :   1, 10,  453,    5,  7,     7,  2,     3,  6,     3, 10,   4794, 6.3e-5
    - 1 :   2, 10,  451,    3, 12,     5,  3,     3,  6,     1, 31,   5617, 5.5e-5
    - 2 :   2, 10,  453,    5,  8,     5,  3,     2, 10,     2, 20,   6526, 6.1e-5
    - 3 :   2, 10,  450,    6,  7,     7,  2,     2, 10,     2, 20,   7404, 5.4e-5
    - 4 :   2, 10,  451,    5,  8,     5,  3,     3,  7,     2, 20,   8990, 5.6e-5
    - 5 :   2, 10,  450,    6,  7,     7,  2,     3,  8,     2, 20,  10181, 5.9e-5
    - 6 :   2, 10,  470,    5,  8,     8,  2,     4,  6,     2, 20,  11983, 6.3e-5
    - 7 :   2, 10,  450,    7,  6,     7,  2,     4,  6,     2, 20,  14361, 1.3e-5
    - 8 :   2, 10,  450,    7,  6,     7,  2,     5,  5,     2, 20,  17433, 2.3e-5
    - 9 :   2, 10,  457,    8,  5,     7,  2,     6,  5,     2, 20,  22776, 6.1e-5
    - 10:   2, 10,  450,    9,  5,     7,  2,     7,  4,     2, 20,  28155, 4.6e-5
    - 11:   2, 10,  450,   14,  3,     7,  2,     7,  4,     2, 20,  39598, 2.3e-5
    - 12:   2, 10,  450,   14,  3,     7,  2,    10,  3,     2, 20,  55016, 2.0e-5
    - 13:   2, 10,  463,   22,  2,    15,  1,    10,  3,     2, 20,  82919, 6.3e-5
    - 14:   2, 10,  459,   43,  1,    15,  1,    16,  2,     2, 20, 234043, 6.2e-5
    # no solution starting from log norm2 = 15

  - 16: # bits
    -ln2:   k,  N,    n, br_l,br_b, ks_l,ks_b, cb_l,cb_b, pp_l,pp_b,  cost, p_error
    - 0 :   2, 10,  454,    3, 12,     7,  2,     2,  8,     1, 31,   4738, 6.2e-5
    - 1 :   1, 10,  450,    6,  6,     7,  2,     3,  6,     3, 10,   6109, 4.2e-5
    - 2 :   2, 10,  450,    5,  8,     4,  3,     2, 10,     2, 20,   7214, 2.1e-5
    - 3 :   2, 10,  452,    3, 12,     5,  3,     4,  5,     1, 31,   8027, 5.8e-5
    - 4 :   2, 10,  454,    4,  9,     7,  2,     3,  7,     2, 20,   8996, 6.3e-5
    - 5 :   2, 10,  450,    6,  7,     5,  3,     3,  8,     2, 20,  11304, 1.7e-5
    - 6 :   2, 10,  450,    7,  6,     5,  3,     3,  8,     2, 20,  12541, 4.2e-5
    - 7 :   2, 10,  450,    6,  7,     7,  2,     4,  6,     2, 20,  14545, 3.6e-5
    - 8 :   2, 10,  450,    9,  5,     7,  2,     4,  6,     2, 20,  19252, 6.3e-5
    - 9 :   2, 10,  452,    9,  5,    15,  1,     5,  5,     2, 20,  23904, 6.2e-5
    - 10:   2, 10,  450,    8,  5,     5,  3,     7,  4,     2, 20,  28961, 6.3e-5
    - 11:   2, 10,  450,   11,  4,     7,  2,     7,  4,     2, 20,  36767, 1.4e-5
    - 12:   2, 10,  450,   11,  4,     7,  2,    10,  3,     2, 20,  51145, 3.8e-5
    - 13:   2, 10,  450,   21,  2,    14,  1,    10,  3,     2, 20,  87150, 6.0e-5
    - 14:   2, 10,  450,   22,  2,     7,  2,    16,  2,     2, 20, 141012, 3.7e-5
    # no solution starting from log norm2 = 15
