security level: 192
target p_error: 6.3e-5
per precision and log norm2:

  - 1: # bits
    -ln2:   k,  N,    n, br_l,br_b, ks_l,ks_b, cb_l,cb_b, pp_l,pp_b,  cost, p_error
    - 0 :   3, 10,  939,    2, 15,     3,  3,     1, 10,     1, 26,    239, 6.0e-5
    - 1 :   3, 10,  898,    2, 15,     5,  2,     1, 10,     1, 26,    242, 6.1e-5
    - 2 :   3, 10,  964,    3, 12,     4,  3,     1, 11,     1, 26,    305, 6.3e-5
    - 3 :   3, 10,  898,    3, 12,     5,  2,     1, 12,     2, 18,    367, 6.1e-5
    - 4 :   3, 10,  897,    4,  9,     5,  2,     1, 14,     2, 18,    419, 6.0e-5
    - 5 :   3, 10,  903,    5,  8,     5,  2,     1, 14,     2, 18,    474, 6.1e-5
    - 6 :   3, 10,  927,    7,  6,     6,  2,     1, 15,     2, 18,    597, 6.2e-5
    - 7 :   3, 10,  904,    3, 12,     5,  2,     2,  8,     2, 18,    710, 6.0e-5
    - 8 :   3, 10,  889,    4,  9,     5,  2,     2,  9,     2, 18,    807, 6.2e-5
    - 9 :   3, 10,  941,    4,  9,     6,  2,     2,  9,     2, 18,    843, 6.1e-5
    - 10:   3, 10,  912,    6,  7,     5,  2,     2, 10,     2, 18,   1035, 5.9e-5
    - 11:   3, 10,  961,    4,  9,     6,  2,     3,  7,     2, 18,   1266, 6.3e-5
    - 12:   3, 10,  928,    5,  8,     6,  2,     3,  7,     2, 18,   1400, 6.0e-5
    - 13:   3, 10,  917,    5,  8,     6,  2,     4,  6,     2, 18,   1841, 6.1e-5
    - 14:   3, 10,  891,    7,  6,    11,  1,     4,  6,     2, 18,   2249, 6.1e-5
    - 15:   3, 10,  901,    8,  5,    11,  1,     4,  6,     3, 13,   2767, 6.3e-5
    - 16:   3, 10,  913,    8,  5,    11,  1,     5,  5,     3, 13,   3476, 6.1e-5
    - 17:   3, 10,  905,    8,  5,    11,  1,     7,  4,     3, 13,   4814, 6.1e-5
    - 18:   3, 10,  898,   11,  4,    11,  1,     7,  4,     3, 13,   5893, 6.0e-5
    - 19:   3, 10,  924,   11,  4,    12,  1,    10,  3,     3, 13,   8580, 6.2e-5
    - 20:   3, 10,  896,   22,  2,    11,  1,    10,  3,     3, 13,  14156, 6.1e-5
    - 21:   3, 10,  967,   22,  2,    12,  1,    15,  2,     4, 11,  23714, 6.3e-5
    # no solution starting from log norm2 = 22

  - 2: # bits
    -ln2:   k,  N,    n, br_l,br_b, ks_l,ks_b, cb_l,cb_b, pp_l,pp_b,  cost, p_error
    - 0 :   3, 10,  945,    3, 12,     6,  2,     1, 12,     2, 18,    975, 5.6e-5
    - 1 :   3, 10,  986,    3, 12,     6,  2,     1, 12,     2, 18,   1005, 6.0e-5
    - 2 :   3, 10,  962,    2, 15,     6,  2,     2,  7,     1, 26,   1127, 6.2e-5
    - 3 :   3, 10, 1018,    5,  8,     6,  2,     1, 14,     2, 18,   1386, 6.2e-5
    - 4 :   3, 10,  947,    3, 12,     6,  2,     2,  8,     2, 18,   1679, 5.7e-5
    - 5 :   3, 10, 1032,    3, 12,     6,  2,     2,  8,     2, 18,   1778, 6.3e-5
    - 6 :   3, 10,  958,    4,  9,     6,  2,     2,  9,     2, 18,   1973, 6.0e-5
    - 7 :   3, 10,  982,    5,  8,     6,  2,     2, 10,     2, 18,   2295, 6.1e-5
    - 8 :   3, 10,  961,    4,  9,     6,  2,     3,  7,     2, 18,   2799, 6.0e-5
    - 9 :   3, 10,  955,    5,  8,     6,  2,     3,  7,     2, 18,   3178, 6.1e-5
    - 10:   3, 10, 1025,    6,  7,     7,  2,     3,  7,     2, 18,   3780, 6.2e-5
    - 11:   3, 10,  964,    6,  7,     6,  2,     4,  6,     2, 18,   4645, 6.3e-5
    - 12:   3, 10,  959,    6,  7,    12,  1,     5,  5,     2, 18,   5739, 6.3e-5
    - 13:   3, 10,  960,    7,  6,    12,  1,     5,  5,     3, 13,   7083, 6.3e-5
    - 14:   3, 10,  974,   11,  4,    12,  1,     5,  5,     3, 13,   9666, 6.1e-5
    - 15:   3, 10, 1018,   10,  4,    13,  1,     7,  4,     3, 13,  12787, 6.3e-5
    - 16:   3, 10,  964,   14,  3,    12,  1,     7,  4,     3, 13,  15647, 6.3e-5
    - 17:   3, 10,  989,   14,  3,    13,  1,    10,  3,     3, 13,  22406, 6.3e-5
    - 18:   3, 10,  955,   22,  2,    12,  1,    15,  2,     3, 13,  46059, 5.9e-5
    - 19:   3, 10,  997,   44,  1,    13,  1,    16,  2,     4, 11,  95616, 6.3e-5
    # no solution starting from log norm2 = 20

  - 3: # bits
    -ln2:   k,  N,    n, br_l,br_b, ks_l,ks_b, cb_l,cb_b, pp_l,pp_b,  cost, p_error
    - 0 :   3, 10, 1078,    2, 15,     7,  2,     2,  7,     1, 26,   1947, 6.2e-5
    - 1 :   3, 10, 1030,    2, 15,     6,  2,     3,  5,     1, 26,   2573, 6.0e-5
    - 2 :   3, 10, 1023,    3, 12,     6,  2,     2,  8,     2, 18,   2764, 6.2e-5
    - 3 :   3, 10, 1010,    4,  9,     6,  2,     2,  9,     2, 18,   3213, 5.7e-5
    - 4 :   3, 10, 1055,    4,  9,     7,  2,     2,  9,     2, 18,   3336, 6.3e-5
    - 5 :   3, 10, 1025,    6,  7,     7,  2,     2, 10,     2, 18,   4227, 6.3e-5
    - 6 :   3, 10, 1082,    4,  9,     7,  2,     3,  7,     2, 18,   4732, 6.3e-5
    - 7 :   3, 10, 1043,    5,  8,     7,  2,     3,  7,     2, 18,   5281, 6.1e-5
    - 8 :   3, 10, 1035,    5,  8,     7,  2,     4,  6,     2, 18,   6726, 6.2e-5
    - 9 :   3, 10, 1102,    6,  7,    15,  1,     4,  6,     2, 18,   8109, 6.3e-5
    - 10:   3, 10, 1018,    8,  5,    13,  1,     4,  6,     3, 13,  10122, 6.2e-5
    - 11:   3, 10, 1029,    8,  5,    13,  1,     5,  5,     3, 13,  12431, 6.2e-5
    - 12:   3, 10, 1025,    8,  5,    13,  1,     7,  4,     3, 13,  16841, 6.2e-5
    - 13:   3, 10, 1017,   11,  4,    13,  1,     7,  4,     3, 13,  20856, 6.0e-5
    - 14:   3, 10, 1043,   11,  4,    14,  1,    10,  3,     3, 13,  29692, 6.3e-5
    - 15:   3, 10, 1014,   22,  2,    13,  1,    10,  3,     3, 13,  49943, 6.1e-5
    - 16:   3, 10, 1075,   22,  2,    14,  1,    15,  2,     4, 11,  80542, 6.3e-5
    # no solution starting from log norm2 = 17

  - 4: # bits
    -ln2:   k,  N,    n, br_l,br_b, ks_l,ks_b, cb_l,cb_b, pp_l,pp_b,  cost, p_error
    - 0 :   3, 10, 1022,    5,  8,     6,  2,     1, 14,     2, 18,   4171, 6.2e-5
    - 1 :   3, 10, 1040,    2, 15,     6,  2,     3,  5,     1, 26,   5018, 6.1e-5
    - 2 :   3, 10, 1024,    3, 12,     6,  2,     2,  8,     2, 18,   5308, 6.3e-5
    - 3 :   3, 10, 1000,    4,  9,     6,  2,     2,  9,     2, 18,   6103, 6.1e-5
    - 4 :   3, 10, 1012,    5,  8,     6,  2,     2, 10,     2, 18,   7045, 6.1e-5
    - 5 :   3, 10, 1035,    6,  7,     7,  2,     2, 10,     2, 18,   8111, 6.0e-5
    - 6 :   3, 10,  998,    5,  8,     6,  2,     3,  7,     2, 18,   9848, 6.2e-5
    - 7 :   3, 10, 1024,    6,  7,     6,  2,     3,  7,     2, 18,  11297, 6.3e-5
    - 8 :   3, 10, 1079,    5,  8,     7,  2,     4,  6,     2, 18,  13515, 6.3e-5
    - 9 :   3, 10, 1032,    7,  6,     7,  2,     4,  6,     2, 18,  16343, 6.2e-5
    - 10:   3, 10, 1051,    8,  5,    14,  1,     4,  6,     3, 13,  20231, 6.3e-5
    - 11:   3, 10, 1027,    9,  5,    13,  1,     5,  5,     3, 13,  26288, 6.3e-5
    - 12:   3, 10, 1010,   11,  4,    13,  1,     6,  5,     3, 13,  35330, 6.3e-5
    - 13:   3, 10, 1046,   11,  4,    14,  1,     7,  4,     3, 13,  41962, 6.2e-5
    - 14:   3, 10, 1000,   14,  3,    13,  1,    10,  3,     3, 13,  67824, 6.0e-5
    - 15:   3, 10, 1034,   22,  2,    14,  1,    10,  3,     3, 13, 100260, 6.1e-5
    - 16:   3, 10, 1043,   44,  1,    14,  1,    15,  2,     4, 11, 280710, 6.3e-5
    # no solution starting from log norm2 = 17

  - 5: # bits
    -ln2:   k,  N,    n, br_l,br_b, ks_l,ks_b, cb_l,cb_b, pp_l,pp_b,  cost, p_error
    - 0 :   3, 10, 1022,    5,  8,     6,  2,     1, 14,     2, 18,   4171, 6.2e-5
    - 1 :   3, 10, 1040,    2, 15,     6,  2,     3,  5,     1, 26,   5018, 6.1e-5
    - 2 :   3, 10, 1024,    3, 12,     6,  2,     2,  8,     2, 18,   5308, 6.3e-5
    - 3 :   3, 10, 1000,    4,  9,     6,  2,     2,  9,     2, 18,   6103, 6.1e-5
    - 4 :   3, 10, 1012,    5,  8,     6,  2,     2, 10,     2, 18,   7045, 6.1e-5
    - 5 :   3, 10, 1035,    6,  7,     7,  2,     2, 10,     2, 18,   8111, 6.0e-5
    - 6 :   3, 10,  998,    5,  8,     6,  2,     3,  7,     2, 18,   9848, 6.2e-5
    - 7 :   3, 10, 1024,    6,  7,     6,  2,     3,  7,     2, 18,  11297, 6.3e-5
    - 8 :   3, 10, 1079,    5,  8,     7,  2,     4,  6,     2, 18,  13515, 6.3e-5
    - 9 :   3, 10, 1032,    7,  6,     7,  2,     4,  6,     2, 18,  16343, 6.2e-5
    - 10:   3, 10, 1051,    8,  5,    14,  1,     4,  6,     3, 13,  20231, 6.3e-5
    - 11:   3, 10, 1027,    9,  5,    13,  1,     5,  5,     3, 13,  26288, 6.3e-5
    - 12:   3, 10, 1010,   11,  4,    13,  1,     6,  5,     3, 13,  35330, 6.3e-5
    - 13:   3, 10, 1046,   11,  4,    14,  1,     7,  4,     3, 13,  41962, 6.2e-5
    - 14:   3, 10, 1000,   14,  3,    13,  1,    10,  3,     3, 13,  67824, 6.0e-5
    - 15:   3, 10, 1034,   22,  2,    14,  1,    10,  3,     3, 13, 100260, 6.1e-5
    - 16:   3, 10, 1043,   44,  1,    14,  1,    15,  2,     4, 11, 280710, 6.3e-5
    # no solution starting from log norm2 = 17

  - 6: # bits
    -ln2:   k,  N,    n, br_l,br_b, ks_l,ks_b, cb_l,cb_b, pp_l,pp_b,  cost, p_error
    - 0 :   3, 10, 1034,    5,  8,     6,  2,     1, 14,     2, 18,   5086, 6.2e-5
    - 1 :   3, 10, 1047,    2, 15,     7,  2,     3,  5,     1, 26,   6010, 6.3e-5
    - 2 :   3, 10, 1038,    3, 12,     6,  2,     2,  8,     2, 18,   6363, 6.1e-5
    - 3 :   3, 10, 1003,    4,  9,     6,  2,     2,  9,     2, 18,   7274, 6.0e-5
    - 4 :   3, 10, 1019,    5,  8,     6,  2,     2,  9,     2, 18,   8433, 6.0e-5
    - 5 :   3, 10, 1056,    6,  7,     7,  2,     2, 10,     2, 18,   9823, 6.3e-5
    - 6 :   3, 10, 1001,    5,  8,     6,  2,     3,  7,     2, 18,  11683, 5.8e-5
    - 7 :   3, 10, 1029,    6,  7,     7,  2,     3,  7,     2, 18,  13475, 6.3e-5
    - 8 :   3, 10, 1008,    6,  7,     6,  2,     4,  6,     2, 18,  17014, 5.8e-5
    - 9 :   3, 10, 1050,    7,  6,     7,  2,     4,  6,     2, 18,  19567, 6.3e-5
    - 10:   3, 10, 1033,    9,  5,    13,  1,     4,  6,     3, 13,  25461, 6.2e-5
    - 11:   3, 10, 1062,    9,  5,    14,  1,     5,  5,     3, 13,  31803, 6.3e-5
    - 12:   3, 10, 1021,    9,  5,    13,  1,     7,  4,     3, 13,  42006, 6.2e-5
    - 13:   3, 10,  998,   14,  3,    13,  1,     7,  4,     3, 13,  56795, 5.9e-5
    - 14:   3, 10, 1008,   14,  3,    13,  1,    10,  3,     3, 13,  80075, 6.3e-5
    - 15:   3, 10, 1028,   22,  2,    13,  1,    10,  3,     4, 11, 122064, 6.3e-5
    - 16:   3, 10, 1011,   44,  1,    13,  1,    16,  2,     4, 11, 340227, 6.1e-5
    # no solution starting from log norm2 = 17

  - 7: # bits
    -ln2:   k,  N,    n, br_l,br_b, ks_l,ks_b, cb_l,cb_b, pp_l,pp_b,  cost, p_error
    - 0 :   3, 10, 1017,    2, 15,     6,  2,     3,  5,     1, 26,   6744, 6.1e-5
    - 1 :   3, 10, 1014,    3, 12,     6,  2,     2,  8,     2, 18,   7252, 6.0e-5
    - 2 :   3, 10, 1006,    4,  9,     6,  2,     2,  9,     2, 18,   8451, 6.2e-5
    - 3 :   3, 10, 1034,    4,  9,     6,  2,     2,  9,     2, 18,   8622, 6.1e-5
    - 4 :   3, 10, 1065,    5,  8,     7,  2,     2,  9,     2, 18,  10172, 6.1e-5
    - 5 :   3, 10, 1032,    4,  9,     7,  2,     3,  7,     2, 18,  12102, 6.0e-5
    - 6 :   3, 10, 1023,    5,  8,     7,  2,     3,  7,     2, 18,  13765, 5.8e-5
    - 7 :   3, 10, 1020,    5,  8,     7,  2,     4,  6,     2, 18,  17631, 5.7e-5
    - 8 :   3, 10, 1036,    6,  7,     7,  2,     4,  6,     2, 18,  20081, 6.1e-5
    - 9 :   3, 10, 1040,    7,  6,     7,  2,     4,  6,     3, 13,  24700, 6.2e-5
    - 10:   3, 10, 1043,    7,  6,    13,  1,     5,  5,     3, 13,  30557, 6.3e-5
    - 11:   3, 10, 1062,   11,  4,    14,  1,     5,  5,     3, 13,  42206, 6.2e-5
    - 12:   3, 10, 1002,   11,  4,    13,  1,     7,  4,     3, 13,  54747, 5.8e-5
    - 13:   3, 10, 1049,   14,  3,    14,  1,     7,  4,     3, 13,  68044, 6.2e-5
    - 14:   3, 10, 1043,   15,  3,    14,  1,    10,  3,     3, 13,  99720, 6.1e-5
    - 15:   3, 10, 1029,   22,  2,    14,  1,    15,  2,     3, 13, 197968, 6.1e-5
    - 16:   3, 10, 1046,   44,  1,    14,  1,    31,  1,     4, 11, 765841, 6.2e-5
    # no solution starting from log norm2 = 17

  - 8: # bits
    -ln2:   k,  N,    n, br_l,br_b, ks_l,ks_b, cb_l,cb_b, pp_l,pp_b,  cost, p_error
    - 0 :   3, 10, 1020,    2, 15,     6,  2,     3,  5,     1, 26,   7665, 6.0e-5
    - 1 :   3, 10, 1016,    3, 12,     6,  2,     2,  8,     2, 18,   8253, 6.1e-5
    - 2 :   3, 10, 1007,    4,  9,     6,  2,     2,  9,     2, 18,   9619, 6.0e-5
    - 3 :   3, 10, 1032,    4,  9,     7,  2,     2,  9,     2, 18,   9848, 6.1e-5
    - 4 :   3, 10, 1100,    5,  8,     7,  2,     2,  9,     2, 18,  11872, 6.3e-5
    - 5 :   3, 10, 1039,    4,  9,     7,  2,     3,  7,     2, 18,  13789, 6.0e-5
    - 6 :   3, 10, 1027,    5,  8,     7,  2,     3,  7,     2, 18,  15661, 5.9e-5
    - 7 :   3, 10, 1023,    5,  8,     7,  2,     4,  6,     2, 18,  20006, 5.9e-5
    - 8 :   3, 10, 1045,    6,  7,     7,  2,     4,  6,     2, 18,  22897, 6.1e-5
    - 9 :   3, 10, 1051,    7,  6,     7,  2,     4,  6,     3, 13,  28178, 6.2e-5
    - 10:   3, 10, 1068,    7,  6,    14,  1,     5,  5,     3, 13,  35205, 6.3e-5
    - 11:   3, 10, 1009,    8,  5,    13,  1,     7,  4,     3, 13,  49947, 6.0e-5
    - 12:   3, 10, 1005,   11,  4,    13,  1,     7,  4,     3, 13,  61993, 5.9e-5
    - 13:   3, 10, 1036,   15,  3,    14,  1,     7,  4,     3, 13,  80294, 6.2e-5
    - 14:   3, 10, 1075,   15,  3,    14,  1,    10,  3,     3, 13, 115401, 6.3e-5
    - 15:   3, 10, 1042,   22,  2,    14,  1,    15,  2,     3, 13, 225679, 6.3e-5
    - 16:   3, 10, 1045,   44,  1,    14,  1,    32,  1,     4, 11, 889099, 6.2e-5
    # no solution starting from log norm2 = 17

  - 9: # bits
    -ln2:   k,  N,    n, br_l,br_b, ks_l,ks_b, cb_l,cb_b, pp_l,pp_b,  cost, p_error
    - 0 :   3, 10, 1026,    2, 15,     6,  2,     3,  5,     1, 26,   9355, 6.2e-5
    - 1 :   3, 10, 1021,    3, 12,     6,  2,     2,  8,     2, 18,  10047, 5.9e-5
    - 2 :   3, 10, 1009,    4,  9,     6,  2,     2,  9,     2, 18,  11680, 5.8e-5
    - 3 :   3, 10, 1046,    4,  9,     7,  2,     2,  9,     2, 18,  12060, 6.1e-5
    - 4 :   3, 10, 1022,    6,  7,     7,  2,     2, 10,     2, 18,  15329, 6.3e-5
    - 5 :   3, 10, 1060,    4,  9,     7,  2,     3,  7,     2, 18,  17000, 6.3e-5
    - 6 :   3, 10, 1037,    5,  8,     7,  2,     3,  7,     2, 18,  19165, 6.0e-5
    - 7 :   3, 10, 1031,    5,  8,     7,  2,     4,  6,     2, 18,  24478, 5.9e-5
    - 8 :   3, 10, 1075,    6,  7,     7,  2,     4,  6,     2, 18,  28465, 6.3e-5
    - 9 :   3, 10, 1081,    7,  6,    14,  1,     4,  6,     3, 13,  35476, 6.3e-5
    - 10:   3, 10, 1022,    8,  5,    13,  1,     5,  5,     3, 13,  45180, 6.1e-5
    - 11:   3, 10, 1019,    8,  5,    13,  1,     7,  4,     3, 13,  61313, 6.0e-5
    - 12:   3, 10, 1012,   11,  4,    13,  1,     7,  4,     3, 13,  75949, 6.2e-5
    - 13:   3, 10, 1095,   15,  3,    15,  1,     7,  4,     3, 13, 102511, 6.3e-5
    - 14:   3, 10, 1010,   22,  2,    13,  1,    10,  3,     3, 13, 182049, 6.1e-5
    - 15:   3, 10, 1049,   22,  2,    14,  1,    15,  2,     4, 11, 288863, 6.2e-5
    - 16:   3, 10, 1082,   45,  1,    15,  1,    32,  1,     5,  9, 1168799, 6.3e-5
    # no solution starting from log norm2 = 17

  - 10: # bits
    -ln2:   k,  N,    n, br_l,br_b, ks_l,ks_b, cb_l,cb_b, pp_l,pp_b,  cost, p_error
    - 0 :   3, 10, 1063,    4,  9,     7,  2,     2,  9,     2, 18,  12499, 6.0e-5
    - 1 :   3, 10, 1116,    4,  9,     7,  2,     2,  9,     2, 18,  12964, 6.3e-5
    - 2 :   3, 10, 1081,    6,  7,     7,  2,     2, 10,     2, 18,  16457, 6.0e-5
    - 3 :   3, 10, 1124,    4,  9,    15,  1,     3,  7,     2, 18,  18631, 6.3e-5
    - 4 :   3, 10, 1100,    5,  8,     7,  2,     3,  7,     2, 18,  20409, 6.2e-5
    - 5 :   3, 10, 1092,    5,  8,     7,  2,     4,  6,     2, 18,  25918, 6.2e-5
    - 6 :   3, 10, 1117,    5,  8,     7,  2,     5,  5,     2, 18,  32081, 6.3e-5
    - 7 :   3, 10, 1073,    8,  5,    14,  1,     4,  6,     3, 13,  39040, 6.3e-5
    - 8 :   3, 10, 1084,    8,  5,    14,  1,     5,  5,     3, 13,  47824, 6.3e-5
    - 9 :   3, 10, 1081,    8,  5,    14,  1,     7,  4,     3, 13,  64653, 6.3e-5
    - 10:   3, 10, 1073,   11,  4,    14,  1,     7,  4,     3, 13,  80330, 6.1e-5
    - 11:   3, 10, 1101,   11,  4,    15,  1,    10,  3,     3, 13, 114180, 6.3e-5
    - 12:   3, 10, 1069,   22,  2,    14,  1,    10,  3,     3, 13, 192787, 6.3e-5
    - 13:   3, 10, 1145,   22,  2,    16,  1,    15,  2,     4, 11, 312617, 6.3e-5
    # no solution starting from log norm2 = 14

  - 11: # bits
    -ln2:   k,  N,    n, br_l,br_b, ks_l,ks_b, cb_l,cb_b, pp_l,pp_b,  cost, p_error
    - 0 :   3, 10, 1044,    3, 12,     7,  2,     2,  8,     2, 18,  12303, 6.1e-5
    - 1 :   3, 10, 1030,    4,  9,     6,  2,     2,  9,     2, 18,  14222, 5.9e-5
    - 2 :   3, 10, 1034,    5,  8,     7,  2,     2,  9,     2, 18,  16462, 6.0e-5
    - 3 :   3, 10, 1060,    6,  7,     7,  2,     2, 10,     2, 18,  18955, 6.2e-5
    - 4 :   3, 10, 1022,    5,  8,     7,  2,     3,  7,     2, 18,  22654, 6.1e-5
    - 5 :   3, 10, 1044,    6,  7,     7,  2,     3,  7,     2, 18,  25956, 6.0e-5
    - 6 :   3, 10, 1092,    5,  8,    15,  1,     4,  6,     2, 18,  31131, 6.3e-5
    - 7 :   3, 10, 1057,    7,  6,     7,  2,     4,  6,     2, 18,  37285, 6.1e-5
    - 8 :   3, 10, 1082,    8,  5,    14,  1,     4,  6,     3, 13,  46180, 6.3e-5
    - 9 :   3, 10, 1052,    9,  5,    14,  1,     5,  5,     3, 13,  59584, 6.3e-5
    - 10:   3, 10, 1033,    9,  5,    14,  1,     7,  4,     3, 13,  79704, 6.3e-5
    - 11:   3, 10, 1077,   11,  4,    14,  1,     7,  4,     3, 13,  94881, 6.3e-5
    - 12:   3, 10, 1025,   14,  3,    14,  1,    10,  3,     3, 13, 152215, 6.3e-5
    - 13:   3, 10, 1061,   22,  2,    14,  1,    10,  3,     3, 13, 225704, 6.2e-5
    - 14:   3, 10, 1072,   44,  1,    14,  1,    15,  2,     4, 11, 630580, 6.3e-5
    # no solution starting from log norm2 = 15

  - 12: # bits
    -ln2:   k,  N,    n, br_l,br_b, ks_l,ks_b, cb_l,cb_b, pp_l,pp_b,  cost, p_error
    - 0 :   3, 10, 1038,    4,  9,     7,  2,     2,  9,     2, 18,  15578, 6.3e-5
    - 1 :   3, 10, 1062,    4,  9,     7,  2,     2,  9,     2, 18,  15845, 6.2e-5
    - 2 :   3, 10, 1110,    5,  8,     7,  2,     2,  9,     2, 18,  18850, 6.3e-5
    - 3 :   3, 10, 1068,    4,  9,     7,  2,     3,  7,     2, 18,  22079, 6.3e-5
    - 4 :   3, 10, 1057,    5,  8,     7,  2,     3,  7,     2, 18,  25135, 6.2e-5
    - 5 :   3, 10, 1054,    5,  8,     7,  2,     4,  6,     2, 18,  32059, 6.1e-5
    - 6 :   3, 10, 1073,    6,  7,     7,  2,     4,  6,     2, 18,  36640, 6.2e-5
    - 7 :   3, 10, 1079,    7,  6,     7,  2,     4,  6,     3, 13,  45007, 6.1e-5
    - 8 :   3, 10, 1086,    7,  6,    14,  1,     5,  5,     3, 13,  55763, 6.3e-5
    - 9 :   3, 10, 1112,   11,  4,    15,  1,     5,  5,     3, 13,  77677, 6.3e-5
    - 10:   3, 10, 1037,   11,  4,    14,  1,     7,  4,     3, 13,  99395, 6.0e-5
    - 11:   3, 10, 1098,   14,  3,    15,  1,     7,  4,     3, 13, 124929, 6.3e-5
    - 12:   3, 10, 1088,   15,  3,    15,  1,    10,  3,     3, 13, 182083, 6.3e-5
    - 13:   3, 10, 1067,   22,  2,    14,  1,    15,  2,     3, 13, 359346, 6.3e-5
    - 14:   3, 10, 1093,   44,  1,    15,  1,    31,  1,     4, 11, 1398511, 6.3e-5
    # no solution starting from log norm2 = 15

  - 13: # bits
    -ln2:   k,  N,    n, br_l,br_b, ks_l,ks_b, cb_l,cb_b, pp_l,pp_b,  cost, p_error
    - 0 :   3, 10, 1039,    4,  9,     7,  2,     2,  9,     2, 18,  16500, 5.8e-5
    - 1 :   3, 10, 1065,    4,  9,     7,  2,     2,  9,     2, 18,  16804, 6.3e-5
    - 2 :   3, 10, 1135,    5,  8,     8,  2,     2,  9,     2, 18,  20384, 6.3e-5
    - 3 :   3, 10, 1073,    4,  9,     7,  2,     3,  7,     2, 18,  23527, 6.2e-5
    - 4 :   3, 10, 1060,    5,  8,     7,  2,     3,  7,     2, 18,  26737, 6.0e-5
    - 5 :   3, 10, 1056,    5,  8,     7,  2,     4,  6,     2, 18,  34148, 6.1e-5
    - 6 :   3, 10, 1079,    6,  7,     7,  2,     4,  6,     2, 18,  39128, 6.2e-5
    - 7 :   3, 10, 1086,    7,  6,     7,  2,     4,  6,     3, 13,  48102, 6.3e-5
    - 8 :   3, 10, 1108,    7,  6,    15,  1,     5,  5,     3, 13,  60371, 6.3e-5
    - 9 :   3, 10, 1043,    8,  5,    14,  1,     7,  4,     3, 13,  85389, 6.1e-5
    - 10:   3, 10, 1039,   11,  4,    14,  1,     7,  4,     3, 13, 106152, 6.0e-5
    - 11:   3, 10, 1070,   15,  3,    14,  1,     7,  4,     3, 13, 137481, 6.3e-5
    - 12:   3, 10, 1121,   15,  3,    15,  1,    10,  3,     3, 13, 199292, 6.3e-5
    - 13:   3, 10, 1077,   22,  2,    14,  1,    15,  2,     3, 13, 387155, 6.2e-5
    - 14:   3, 10, 1081,   44,  1,    15,  1,    32,  1,     4, 11, 1528257, 6.2e-5
    # no solution starting from log norm2 = 15

  - 14: # bits
    -ln2:   k,  N,    n, br_l,br_b, ks_l,ks_b, cb_l,cb_b, pp_l,pp_b,  cost, p_error
    - 0 :   3, 10, 1040,    4,  9,     7,  2,     2,  9,     2, 18,  18920, 5.7e-5
    - 1 :   3, 10, 1073,    4,  9,     7,  2,     2,  9,     2, 18,  19364, 6.3e-5
    - 2 :   3, 10, 1053,    6,  7,     7,  2,     2, 10,     2, 18,  24771, 6.2e-5
    - 3 :   3, 10, 1086,    4,  9,     7,  2,     3,  7,     2, 18,  27119, 6.2e-5
    - 4 :   3, 10, 1066,    5,  8,     7,  2,     3,  7,     2, 18,  30690, 6.0e-5
    - 5 :   3, 10, 1061,    5,  8,     7,  2,     4,  6,     2, 18,  39100, 6.0e-5
    - 6 :   3, 10, 1096,    6,  7,     7,  2,     4,  6,     2, 18,  45203, 6.2e-5
    - 7 :   3, 10, 1091,    7,  6,    14,  1,     4,  6,     3, 13,  55816, 6.3e-5
    - 8 :   3, 10, 1050,    8,  5,    14,  1,     5,  5,     3, 13,  72013, 6.3e-5
    - 9 :   3, 10, 1048,    8,  5,    14,  1,     7,  4,     3, 13,  97514, 6.3e-5
    - 10:   3, 10, 1043,   11,  4,    14,  1,     7,  4,     3, 13, 121189, 6.1e-5
    - 11:   3, 10, 1094,   15,  3,    15,  1,     7,  4,     3, 13, 159552, 6.2e-5
    - 12:   3, 10, 1077,   21,  2,    14,  1,    10,  3,     3, 13, 287966, 6.3e-5
    - 13:   3, 10, 1111,   22,  2,    15,  1,    15,  2,     3, 13, 452065, 6.3e-5
    - 14:   3, 10, 1095,   45,  1,    15,  1,    32,  1,     4, 11, 1790184, 6.3e-5
    # no solution starting from log norm2 = 15

  - 15: # bits
    -ln2:   k,  N,    n, br_l,br_b, ks_l,ks_b, cb_l,cb_b, pp_l,pp_b,  cost, p_error
    - 0 :   3, 10, 1117,    5,  8,     7,  2,     2,  9,     2, 18,  21871, 6.2e-5
    - 1 :   3, 10, 1132,    6,  7,     8,  2,     2, 10,     2, 18,  25127, 6.3e-5
    - 2 :   3, 10, 1108,    5,  8,     7,  2,     3,  7,     2, 18,  30000, 6.2e-5
    - 3 :   3, 10, 1147,    5,  8,    15,  1,     3,  7,     2, 18,  31673, 6.3e-5
    - 4 :   3, 10, 1156,    5,  8,     8,  2,     4,  6,     2, 18,  39633, 6.3e-5
    - 5 :   3, 10, 1109,    7,  6,    15,  1,     4,  6,     2, 18,  49003, 6.3e-5
    - 6 :   3, 10, 1127,    8,  5,    15,  1,     4,  6,     3, 13,  59277, 6.3e-5
    - 7 :   3, 10, 1155,    8,  5,    16,  1,     5,  5,     3, 13,  73435, 6.3e-5
    - 8 :   3, 10, 1150,    8,  5,    16,  1,     7,  4,     3, 13,  98953, 6.3e-5
    - 9 :   3, 10, 1127,   11,  4,    15,  1,     7,  4,     3, 13, 121918, 6.3e-5
    - 10:   3, 10, 1102,   14,  3,    15,  1,    10,  3,     3, 13, 199829, 6.2e-5
    - 11:   3, 10, 1120,   22,  2,    15,  1,    10,  3,     3, 13, 292828, 6.3e-5
    - 12:   3, 10, 1124,   44,  1,    15,  1,    15,  2,     4, 11, 813261, 6.2e-5
    # no solution starting from log norm2 = 13

  - 16: # bits
    -ln2:   k,  N,    n, br_l,br_b, ks_l,ks_b, cb_l,cb_b, pp_l,pp_b,  cost, p_error
    - 0 :   3, 10, 1069,    4,  9,     7,  2,     2,  9,     2, 18,  20552, 6.1e-5
    - 1 :   3, 10, 1081,    5,  8,     7,  2,     2,  9,     2, 18,  23828, 6.1e-5
    - 2 :   3, 10, 1126,    6,  7,     7,  2,     2, 10,     2, 18,  27834, 6.3e-5
    - 3 :   3, 10, 1067,    5,  8,     7,  2,     3,  7,     2, 18,  32651, 6.1e-5
    - 4 :   3, 10, 1094,    6,  7,     7,  2,     3,  7,     2, 18,  37573, 6.3e-5
    - 5 :   3, 10, 1073,    6,  7,     7,  2,     4,  6,     2, 18,  47234, 6.1e-5
    - 6 :   3, 10, 1116,    7,  6,     7,  2,     4,  6,     2, 18,  54266, 6.2e-5
    - 7 :   3, 10, 1093,    9,  5,    15,  1,     4,  6,     3, 13,  70361, 6.3e-5
    - 8 :   3, 10, 1120,    9,  5,    15,  1,     5,  5,     3, 13,  87118, 6.3e-5
    - 9 :   3, 10, 1088,    9,  5,    14,  1,     7,  4,     3, 13, 115227, 6.3e-5
    - 10:   3, 10, 1065,   14,  3,    14,  1,     7,  4,     3, 13, 156740, 6.1e-5
    - 11:   3, 10, 1075,   14,  3,    15,  1,    10,  3,     3, 13, 219906, 6.3e-5
    - 12:   3, 10, 1093,   22,  2,    15,  1,    10,  3,     4, 11, 334782, 6.2e-5
    - 13:   3, 10, 1078,   44,  1,    14,  1,    16,  2,     4, 11, 935371, 6.3e-5
    # no solution starting from log norm2 = 14
