security level: 144
target p_error: 6.3e-5
per precision and log norm2:

  - 1: # bits
    -ln2:   k,  N,    n, br_l,br_b, ks_l,ks_b, cb_l,cb_b, pp_l,pp_b,  cost, p_error
    - 0 :   2, 10,  635,    2, 15,     5,  2,     1,  9,     1, 23,    109, 5.6e-5
    - 1 :   2, 10,  665,    2, 15,     3,  3,     1, 10,     2, 15,    131, 6.2e-5
    - 2 :   2, 10,  727,    2, 15,     4,  3,     1, 10,     2, 15,    142, 6.2e-5
    - 3 :   2, 10,  632,    3, 11,     5,  2,     1, 12,     2, 15,    158, 5.6e-5
    - 4 :   2, 10,  669,    4,  9,     5,  2,     1, 13,     2, 15,    192, 6.2e-5
    - 5 :   2, 10,  658,    5,  8,     5,  2,     1, 14,     3, 11,    241, 5.9e-5
    - 6 :   2, 10,  623,    3, 11,     5,  2,     2,  8,     2, 15,    302, 5.9e-5
    - 7 :   2, 10,  640,    3, 11,     5,  2,     2,  8,     2, 15,    307, 5.9e-5
    - 8 :   2, 10,  726,    4,  9,     6,  2,     2,  8,     2, 15,    398, 6.3e-5
    - 9 :   2, 10,  637,    5,  8,     5,  2,     2,  9,     3, 11,    459, 5.9e-5
    - 10:   2, 10,  631,    4,  9,     5,  2,     3,  7,     3, 11,    600, 6.2e-5
    - 11:   2, 10,  654,    8,  5,     5,  2,     2, 10,     4,  9,    676, 6.1e-5
    - 12:   2, 10,  666,    6,  7,     6,  2,     3,  7,     3, 11,    788, 6.2e-5
    - 13:   2, 10,  645,    8,  5,    11,  1,     3,  8,     4,  9,   1013, 5.9e-5
    - 14:   2, 10,  642,    7,  6,    11,  1,     4,  6,     4,  9,   1232, 6.1e-5
    - 15:   2, 10,  638,   10,  4,    11,  1,     4,  6,     4,  9,   1541, 6.1e-5
    - 16:   2, 10,  650,   10,  4,    11,  1,     5,  5,     4,  9,   1946, 6.3e-5
    - 17:   2, 10,  663,   10,  4,    12,  1,     7,  4,     4,  9,   2757, 6.3e-5
    - 18:   2, 10,  644,   14,  3,    11,  1,     7,  4,     6,  7,   3771, 6.3e-5
    - 19:   3, 10,  665,   15,  3,    12,  1,     7,  4,     2, 20,   5348, 6.2e-5
    - 20:   3, 10,  672,   15,  3,    12,  1,    10,  3,     2, 20,   7685, 6.3e-5
    - 21:   3, 10,  663,   22,  2,    12,  1,    15,  2,     2, 20,  15458, 6.3e-5
    - 22:   3, 10,  684,   44,  1,    12,  1,    32,  1,     2, 20,  62035, 6.2e-5
    # no solution starting from log norm2 = 23

  - 2: # bits
    -ln2:   k,  N,    n, br_l,br_b, ks_l,ks_b, cb_l,cb_b, pp_l,pp_b,  cost, p_error
    - 0 :   2, 10,  681,    3, 11,     5,  2,     1, 12,     2, 15,    440, 5.6e-5
    - 1 :   2, 10,  699,    3, 11,     6,  2,     1, 12,     2, 15,    454, 6.2e-5
    - 2 :   2, 10,  691,    4,  9,     6,  2,     1, 13,     3, 11,    583, 6.1e-5
    - 3 :   2, 10,  667,    3, 11,     6,  2,     2,  8,     2, 15,    741, 6.0e-5
    - 4 :   2, 10,  674,    3, 11,     6,  2,     2,  8,     2, 15,    747, 5.5e-5
    - 5 :   2, 10,  735,    3, 11,     6,  2,     2,  8,     3, 11,    893, 6.2e-5
    - 6 :   2, 10,  688,    4,  9,     6,  2,     2,  9,     3, 11,    996, 6.2e-5
    - 7 :   2, 10,  742,    5,  8,     6,  2,     2,  9,     3, 11,   1204, 6.3e-5
    - 8 :   2, 10,  702,    4,  9,     6,  2,     3,  7,     3, 11,   1430, 6.0e-5
    - 9 :   2, 10,  729,    5,  8,    13,  1,     3,  7,     3, 11,   1718, 6.3e-5
    - 10:   2, 10,  694,    7,  6,     6,  2,     3,  7,     4,  9,   2161, 6.1e-5
    - 11:   2, 10,  667,    7,  6,    11,  1,     4,  6,     4,  9,   2744, 6.0e-5
    - 12:   2, 10,  679,    8,  5,    12,  1,     4,  6,     4,  9,   3035, 6.2e-5
    - 13:   2, 10,  691,    8,  5,    12,  1,     5,  5,     4,  9,   3766, 6.1e-5
    - 14:   2, 10,  728,    8,  5,    13,  1,     7,  4,     4,  9,   5356, 6.3e-5
    - 15:   2, 10,  686,   10,  4,    12,  1,     9,  3,     4,  9,   7562, 5.8e-5
    - 16:   2, 10,  706,   14,  3,    13,  1,     9,  3,     6,  7,  10803, 6.3e-5
    - 17:   3, 10,  691,   14,  3,    12,  1,    10,  3,     2, 20,  15510, 5.7e-5
    - 18:   3, 10,  714,   22,  2,    13,  1,    10,  3,     2, 20,  22967, 6.1e-5
    - 19:   3, 10,  700,   44,  1,    12,  1,    16,  2,     2, 20,  65263, 6.1e-5
    # no solution starting from log norm2 = 20

  - 3: # bits
    -ln2:   k,  N,    n, br_l,br_b, ks_l,ks_b, cb_l,cb_b, pp_l,pp_b,  cost, p_error
    - 0 :   2, 10,  743,    2, 15,     6,  2,     2,  7,     2, 15,   1020, 5.9e-5
    - 1 :   2, 10,  716,    3, 11,     6,  2,     2,  8,     2, 15,   1228, 6.0e-5
    - 2 :   2, 10,  731,    3, 11,     6,  2,     2,  8,     2, 15,   1248, 6.0e-5
    - 3 :   2, 10,  768,    4,  9,     7,  2,     2,  8,     2, 15,   1558, 6.2e-5
    - 4 :   2, 10,  741,    3, 11,     6,  2,     3,  6,     2, 15,   1751, 6.2e-5
    - 5 :   2, 10,  744,    3, 11,     6,  2,     4,  5,     2, 15,   2247, 6.2e-5
    - 6 :   2, 10,  729,    5,  8,     6,  2,     3,  7,     3, 11,   2604, 5.9e-5
    - 7 :   2, 10,  750,    6,  7,     7,  2,     3,  7,     3, 11,   3007, 6.2e-5
    - 8 :   2, 10,  742,    6,  7,    13,  1,     4,  6,     3, 11,   3870, 6.2e-5
    - 9 :   2, 10,  732,    7,  6,    13,  1,     4,  6,     4,  9,   4538, 6.0e-5
    - 10:   2, 10,  780,    8,  5,    14,  1,     4,  6,     5,  8,   5505, 6.3e-5
    - 11:   2, 10,  735,   10,  4,    13,  1,     5,  5,     4,  9,   7082, 6.1e-5
    - 12:   2, 10,  745,   10,  4,    13,  1,     7,  4,     4,  9,   9714, 6.1e-5
    - 13:   2, 10,  759,   10,  4,    14,  1,     9,  3,     5,  8,  13108, 6.2e-5
    - 14:   3, 10,  778,   14,  3,    14,  1,     7,  4,     2, 20,  18669, 6.3e-5
    - 15:   3, 10,  759,   15,  3,    14,  1,    10,  3,     2, 20,  26906, 6.1e-5
    - 16:   3, 10,  749,   22,  2,    14,  1,    15,  2,     2, 20,  53569, 6.2e-5
    - 17:   3, 10,  765,   44,  1,    14,  1,    32,  1,     2, 20, 210543, 6.3e-5
    # no solution starting from log norm2 = 18

  - 4: # bits
    -ln2:   k,  N,    n, br_l,br_b, ks_l,ks_b, cb_l,cb_b, pp_l,pp_b,  cost, p_error
    - 0 :   2, 10,  714,    3, 11,     6,  2,     2,  8,     2, 15,   2341, 6.1e-5
    - 1 :   2, 10,  720,    3, 11,     6,  2,     2,  8,     2, 15,   2356, 6.2e-5
    - 2 :   2, 10,  775,    3, 11,     7,  2,     2,  8,     2, 15,   2510, 6.2e-5
    - 3 :   2, 10,  734,    4,  9,     6,  2,     2,  9,     3, 11,   3130, 5.8e-5
    - 4 :   2, 10,  758,    5,  8,     7,  2,     2,  9,     3, 11,   3689, 6.2e-5
    - 5 :   2, 10,  746,    4,  9,     6,  2,     3,  7,     3, 11,   4479, 6.0e-5
    - 6 :   2, 10,  761,    5,  8,     7,  2,     3,  7,     3, 11,   5216, 6.3e-5
    - 7 :   2, 10,  778,    7,  6,     7,  2,     3,  7,     3, 11,   6644, 6.2e-5
    - 8 :   2, 10,  749,    7,  6,    13,  1,     4,  6,     3, 11,   8419, 6.3e-5
    - 9 :   2, 10,  722,    8,  5,    13,  1,     4,  6,     4,  9,   9554, 5.7e-5
    - 10:   2, 10,  729,    8,  5,    13,  1,     5,  5,     4,  9,  11777, 6.3e-5
    - 11:   2, 10,  747,    8,  5,    13,  1,     7,  4,     4,  9,  16381, 6.2e-5
    - 12:   2, 10,  766,   11,  4,    14,  1,     7,  4,     6,  7,  22972, 6.2e-5
    - 13:   3, 10,  767,   11,  4,    14,  1,     7,  4,     2, 20,  30167, 6.2e-5
    - 14:   3, 10,  734,   14,  3,    13,  1,    10,  3,     2, 20,  48913, 5.8e-5
    - 15:   3, 10,  749,   22,  2,    13,  1,    10,  3,     2, 20,  71855, 6.2e-5
    - 16:   3, 10,  740,   44,  1,    13,  1,    16,  2,     2, 20, 206212, 6.3e-5
    # no solution starting from log norm2 = 17

  - 5: # bits
    -ln2:   k,  N,    n, br_l,br_b, ks_l,ks_b, cb_l,cb_b, pp_l,pp_b,  cost, p_error
    - 0 :   2, 10,  714,    3, 11,     6,  2,     2,  8,     2, 15,   2341, 6.1e-5
    - 1 :   2, 10,  720,    3, 11,     6,  2,     2,  8,     2, 15,   2356, 6.2e-5
    - 2 :   2, 10,  775,    3, 11,     7,  2,     2,  8,     2, 15,   2510, 6.2e-5
    - 3 :   2, 10,  734,    4,  9,     6,  2,     2,  9,     3, 11,   3130, 5.8e-5
    - 4 :   2, 10,  758,    5,  8,     7,  2,     2,  9,     3, 11,   3689, 6.2e-5
    - 5 :   2, 10,  746,    4,  9,     6,  2,     3,  7,     3, 11,   4479, 6.0e-5
    - 6 :   2, 10,  761,    5,  8,     7,  2,     3,  7,     3, 11,   5216, 6.3e-5
    - 7 :   2, 10,  778,    7,  6,     7,  2,     3,  7,     3, 11,   6644, 6.2e-5
    - 8 :   2, 10,  749,    7,  6,    13,  1,     4,  6,     3, 11,   8419, 6.3e-5
    - 9 :   2, 10,  722,    8,  5,    13,  1,     4,  6,     4,  9,   9554, 5.7e-5
    - 10:   2, 10,  729,    8,  5,    13,  1,     5,  5,     4,  9,  11777, 6.3e-5
    - 11:   2, 10,  747,    8,  5,    13,  1,     7,  4,     4,  9,  16381, 6.2e-5
    - 12:   2, 10,  766,   11,  4,    14,  1,     7,  4,     6,  7,  22972, 6.2e-5
    - 13:   3, 10,  767,   11,  4,    14,  1,     7,  4,     2, 20,  30167, 6.2e-5
    - 14:   3, 10,  734,   14,  3,    13,  1,    10,  3,     2, 20,  48913, 5.8e-5
    - 15:   3, 10,  749,   22,  2,    13,  1,    10,  3,     2, 20,  71855, 6.2e-5
    - 16:   3, 10,  740,   44,  1,    13,  1,    16,  2,     2, 20, 206212, 6.3e-5
    # no solution starting from log norm2 = 17

  - 6: # bits
    -ln2:   k,  N,    n, br_l,br_b, ks_l,ks_b, cb_l,cb_b, pp_l,pp_b,  cost, p_error
    - 0 :   2, 10,  715,    3, 11,     6,  2,     2,  8,     2, 15,   2790, 5.3e-5
    - 1 :   2, 10,  722,    3, 11,     6,  2,     2,  8,     2, 15,   2811, 5.7e-5
    - 2 :   2, 10,  783,    3, 11,     7,  2,     2,  8,     3, 11,   3349, 6.3e-5
    - 3 :   2, 10,  740,    4,  9,     6,  2,     2,  9,     3, 11,   3747, 5.9e-5
    - 4 :   2, 10,  788,    5,  8,     7,  2,     2,  9,     3, 11,   4527, 6.3e-5
    - 5 :   2, 10,  752,    4,  9,     7,  2,     3,  7,     3, 11,   5350, 6.3e-5
    - 6 :   2, 10,  795,    5,  8,    15,  1,     3,  7,     3, 11,   6559, 6.3e-5
    - 7 :   2, 10,  742,    7,  6,     7,  2,     3,  7,     4,  9,   8086, 6.2e-5
    - 8 :   2, 10,  714,    7,  6,    13,  1,     4,  6,     4,  9,  10244, 6.2e-5
    - 9 :   2, 10,  727,    8,  5,    13,  1,     4,  6,     4,  9,  11336, 6.3e-5
    - 10:   2, 10,  740,    8,  5,    13,  1,     5,  5,     4,  9,  14030, 6.0e-5
    - 11:   2, 10,  793,    8,  5,    15,  1,     7,  4,     4,  9,  20185, 6.3e-5
    - 12:   2, 10,  733,   10,  4,    13,  1,     9,  3,     4,  9,  28047, 6.2e-5
    - 13:   2, 10,  754,   14,  3,    14,  1,     9,  3,     6,  7,  40012, 6.2e-5
    - 14:   3, 10,  739,   14,  3,    13,  1,    10,  3,     2, 20,  57704, 6.3e-5
    - 15:   3, 10,  764,   22,  2,    14,  1,    10,  3,     2, 20,  85847, 6.2e-5
    - 16:   3, 10,  749,   44,  1,    14,  1,    16,  2,     2, 20, 244322, 6.2e-5
    # no solution starting from log norm2 = 17

  - 7: # bits
    -ln2:   k,  N,    n, br_l,br_b, ks_l,ks_b, cb_l,cb_b, pp_l,pp_b,  cost, p_error
    - 0 :   2, 10,  715,    3, 11,     6,  2,     2,  8,     2, 15,   3236, 5.7e-5
    - 1 :   2, 10,  724,    3, 11,     6,  2,     2,  8,     2, 15,   3267, 5.4e-5
    - 2 :   2, 10,  741,    4,  9,     6,  2,     2,  8,     2, 15,   3964, 5.9e-5
    - 3 :   2, 10,  747,    4,  9,     6,  2,     2,  9,     3, 11,   4374, 6.2e-5
    - 4 :   2, 10,  745,    4,  9,     7,  2,     3,  6,     2, 15,   5560, 6.0e-5
    - 5 :   2, 10,  769,    4,  9,     7,  2,     3,  7,     3, 11,   6278, 6.2e-5
    - 6 :   2, 10,  734,    6,  7,     6,  2,     3,  7,     3, 11,   7794, 5.8e-5
    - 7 :   2, 10,  750,    7,  6,     7,  2,     3,  7,     4,  9,   9419, 6.1e-5
    - 8 :   2, 10,  717,    7,  6,    13,  1,     4,  6,     4,  9,  11842, 5.9e-5
    - 9 :   2, 10,  735,    8,  5,    13,  1,     4,  6,     4,  9,  13177, 6.0e-5
    - 10:   2, 10,  757,    8,  5,    13,  1,     5,  5,     4,  9,  16431, 6.3e-5
    - 11:   2, 10,  779,    8,  5,    14,  1,     7,  4,     5,  8,  24197, 6.3e-5
    - 12:   2, 10,  744,   10,  4,    13,  1,     9,  3,     4,  9,  32572, 6.1e-5
    - 13:   3, 10,  739,   14,  3,    13,  1,     7,  4,     2, 20,  47447, 6.1e-5
    - 14:   3, 10,  746,   14,  3,    14,  1,    10,  3,     2, 20,  66774, 6.3e-5
    - 15:   3, 10,  782,   22,  2,    14,  1,    10,  3,     3, 15, 106360, 6.3e-5
    - 16:   3, 10,  762,   44,  1,    14,  1,    16,  2,     2, 20, 284607, 6.2e-5
    # no solution starting from log norm2 = 17

  - 8: # bits
    -ln2:   k,  N,    n, br_l,br_b, ks_l,ks_b, cb_l,cb_b, pp_l,pp_b,  cost, p_error
    - 0 :   2, 10,  715,    3, 11,     6,  2,     2,  8,     2, 15,   3682, 6.1e-5
    - 1 :   2, 10,  725,    3, 11,     6,  2,     2,  8,     2, 15,   3722, 6.1e-5
    - 2 :   2, 10,  747,    4,  9,     6,  2,     2,  8,     2, 15,   4544, 6.1e-5
    - 3 :   2, 10,  751,    4,  9,     7,  2,     2,  9,     3, 11,   5022, 6.1e-5
    - 4 :   2, 10,  752,    4,  9,     7,  2,     3,  6,     2, 15,   6357, 6.2e-5
    - 5 :   2, 10,  724,    5,  8,     6,  2,     3,  7,     3, 11,   7771, 5.7e-5
    - 6 :   2, 10,  738,    6,  7,     6,  2,     3,  7,     3, 11,   8883, 5.9e-5
    - 7 :   2, 10,  761,    7,  6,     7,  2,     3,  7,     4,  9,  10804, 6.1e-5
    - 8 :   2, 10,  720,    7,  6,    13,  1,     4,  6,     4,  9,  13450, 6.0e-5
    - 9 :   2, 10,  745,    8,  5,    13,  1,     4,  6,     4,  9,  15080, 6.3e-5
    - 10:   2, 10,  754,    8,  5,    13,  1,     5,  5,     5,  8,  19612, 6.2e-5
    - 11:   2, 10,  726,   10,  4,    13,  1,     7,  4,     4,  9,  28554, 5.8e-5
    - 12:   2, 10,  760,   10,  4,    14,  1,     9,  3,     4,  9,  37417, 6.3e-5
    - 13:   3, 10,  745,   14,  3,    13,  1,     7,  4,     2, 20,  53979, 6.1e-5
    - 14:   3, 10,  756,   14,  3,    14,  1,    10,  3,     2, 20,  76199, 6.0e-5
    - 15:   3, 10,  793,   23,  2,    15,  1,    11,  3,     3, 15, 137835, 6.3e-5
    - 16:   3, 10,  772,   45,  1,    14,  1,    16,  2,     2, 20, 331656, 6.2e-5
    # no solution starting from log norm2 = 17

  - 9: # bits
    -ln2:   k,  N,    n, br_l,br_b, ks_l,ks_b, cb_l,cb_b, pp_l,pp_b,  cost, p_error
    - 0 :   2, 10,  790,    4,  9,     7,  2,     2,  9,     3, 11,   5847, 6.2e-5
    - 1 :   2, 10,  807,    5,  8,     7,  2,     2,  9,     3, 11,   6835, 6.1e-5
    - 2 :   2, 10,  798,    4,  9,     7,  2,     3,  7,     3, 11,   8180, 6.1e-5
    - 3 :   2, 10,  810,    5,  8,     7,  2,     3,  7,     3, 11,   9499, 6.1e-5
    - 4 :   2, 10,  815,    7,  6,     7,  2,     3,  7,     3, 11,  12018, 6.2e-5
    - 5 :   2, 10,  808,    7,  6,     7,  2,     4,  6,     3, 11,  15236, 6.3e-5
    - 6 :   2, 10,  779,    8,  5,    14,  1,     4,  6,     4,  9,  17468, 5.9e-5
    - 7 :   2, 10,  784,    8,  5,    14,  1,     5,  5,     4,  9,  21343, 6.1e-5
    - 8 :   2, 10,  834,   10,  4,    15,  1,     5,  5,     5,  8,  27530, 6.3e-5
    - 9 :   2, 10,  820,   10,  4,    15,  1,     7,  4,     6,  7,  38510, 6.3e-5
    - 10:   3, 10,  812,   11,  4,    15,  1,     7,  4,     2, 20,  53800, 6.2e-5
    - 11:   3, 10,  792,   14,  3,    15,  1,    10,  3,     2, 20,  88284, 6.2e-5
    - 12:   3, 10,  802,   22,  2,    15,  1,    10,  3,     2, 20, 129442, 6.1e-5
    - 13:   3, 10,  841,   22,  2,    16,  1,    16,  2,     3, 15, 222481, 6.3e-5
    # no solution starting from log norm2 = 14

  - 10: # bits
    -ln2:   k,  N,    n, br_l,br_b, ks_l,ks_b, cb_l,cb_b, pp_l,pp_b,  cost, p_error
    - 0 :   2, 10,  792,    4,  9,     7,  2,     2,  9,     3, 11,   6490, 6.3e-5
    - 1 :   2, 10,  814,    5,  8,     7,  2,     2,  9,     3, 11,   7628, 6.2e-5
    - 2 :   2, 10,  802,    4,  9,     7,  2,     3,  7,     3, 11,   9078, 6.1e-5
    - 3 :   2, 10,  818,    5,  8,     7,  2,     3,  7,     3, 11,  10587, 6.3e-5
    - 4 :   2, 10,  824,    7,  6,     8,  2,     3,  7,     3, 11,  13454, 6.3e-5
    - 5 :   2, 10,  799,    7,  6,    15,  1,     4,  6,     3, 11,  16960, 6.3e-5
    - 6 :   2, 10,  781,    8,  5,    14,  1,     4,  6,     4,  9,  19338, 6.1e-5
    - 7 :   2, 10,  788,    8,  5,    14,  1,     5,  5,     4,  9,  23655, 6.0e-5
    - 8 :   2, 10,  800,    8,  5,    15,  1,     7,  4,     4,  9,  32428, 6.3e-5
    - 9 :   2, 10,  814,   11,  4,    15,  1,     7,  4,     6,  7,  45078, 6.3e-5
    - 10:   3, 10,  821,   11,  4,    15,  1,     7,  4,     2, 20,  59883, 6.3e-5
    - 11:   3, 10,  794,   14,  3,    15,  1,    10,  3,     2, 20,  97523, 6.3e-5
    - 12:   3, 10,  806,   22,  2,    15,  1,    10,  3,     2, 20, 143339, 6.3e-5
    - 13:   3, 10,  814,   43,  1,    15,  1,    16,  2,     2, 20, 409984, 6.3e-5
    # no solution starting from log norm2 = 14

  - 11: # bits
    -ln2:   k,  N,    n, br_l,br_b, ks_l,ks_b, cb_l,cb_b, pp_l,pp_b,  cost, p_error
    - 0 :   2, 10,  795,    4,  9,     7,  2,     2,  9,     3, 11,   7143, 6.0e-5
    - 1 :   2, 10,  824,    5,  8,     7,  2,     2,  9,     3, 11,   8456, 6.3e-5
    - 2 :   2, 10,  806,    4,  9,     7,  2,     3,  7,     3, 11,   9983, 6.3e-5
    - 3 :   2, 10,  829,    5,  8,     8,  2,     3,  7,     3, 11,  11763, 6.2e-5
    - 4 :   2, 10,  821,    7,  6,    15,  1,     3,  7,     3, 11,  14975, 6.3e-5
    - 5 :   2, 10,  808,    7,  6,    15,  1,     4,  6,     3, 11,  18741, 6.2e-5
    - 6 :   2, 10,  783,    8,  5,    14,  1,     4,  6,     4,  9,  21215, 6.3e-5
    - 7 :   2, 10,  792,    8,  5,    14,  1,     5,  5,     4,  9,  25985, 6.1e-5
    - 8 :   2, 10,  810,    8,  5,    15,  1,     7,  4,     4,  9,  35797, 6.2e-5
    - 9 :   2, 10,  787,   10,  4,    14,  1,     9,  3,     4,  9,  51641, 6.2e-5
    - 10:   3, 10,  839,   11,  4,    16,  1,     7,  4,     2, 20,  66709, 6.3e-5
    - 11:   3, 10,  797,   14,  3,    15,  1,    10,  3,     2, 20, 106913, 6.1e-5
    - 12:   3, 10,  812,   22,  2,    15,  1,    10,  3,     2, 20, 157700, 6.3e-5
    - 13:   3, 10,  803,   44,  1,    15,  1,    16,  2,     2, 20, 451604, 6.3e-5
    # no solution starting from log norm2 = 14

  - 12: # bits
    -ln2:   k,  N,    n, br_l,br_b, ks_l,ks_b, cb_l,cb_b, pp_l,pp_b,  cost, p_error
    - 0 :   2, 10,  803,    4,  9,     7,  2,     2,  9,     3, 11,   8959, 6.3e-5
    - 1 :   2, 10,  802,    4,  9,     7,  2,     3,  6,     2, 15,  11314, 6.1e-5
    - 2 :   2, 10,  828,    4,  9,     8,  2,     3,  7,     3, 11,  12740, 6.2e-5
    - 3 :   2, 10,  804,    4,  9,     7,  2,     4,  5,     3, 11,  15869, 6.1e-5
    - 4 :   2, 10,  808,    7,  6,     7,  2,     3,  7,     4,  9,  19112, 6.1e-5
    - 5 :   2, 10,  791,    7,  6,     7,  2,     4,  6,     4,  9,  24034, 6.3e-5
    - 6 :   2, 10,  793,    8,  5,    14,  1,     4,  6,     4,  9,  26715, 6.3e-5
    - 7 :   2, 10,  809,    8,  5,    15,  1,     5,  5,     4,  9,  33001, 6.2e-5
    - 8 :   2, 10,  829,    8,  5,    15,  1,     7,  4,     5,  8,  48009, 6.3e-5
    - 9 :   2, 10,  799,   10,  4,    15,  1,     9,  3,     4,  9,  65301, 6.1e-5
    - 10:   2, 10,  833,   14,  3,    16,  1,     9,  3,     6,  7,  94013, 6.3e-5
    - 11:   3, 10,  806,   14,  3,    15,  1,    10,  3,     2, 20, 134740, 6.3e-5
    - 12:   3, 10,  837,   22,  2,    16,  1,    10,  3,     3, 15, 213135, 6.3e-5
    - 13:   3, 10,  820,   44,  1,    15,  1,    16,  2,     2, 20, 575197, 6.3e-5
    # no solution starting from log norm2 = 14

  - 13: # bits
    -ln2:   k,  N,    n, br_l,br_b, ks_l,ks_b, cb_l,cb_b, pp_l,pp_b,  cost, p_error
    - 0 :   2, 10,  807,    4,  9,     7,  2,     2,  9,     3, 11,   9636, 6.2e-5
    - 1 :   2, 10,  805,    4,  9,     7,  2,     3,  6,     2, 15,  12150, 6.2e-5
    - 2 :   2, 10,  848,    4,  9,     8,  2,     3,  7,     3, 11,  13881, 6.3e-5
    - 3 :   2, 10,  808,    4,  9,     7,  2,     4,  5,     3, 11,  17033, 6.1e-5
    - 4 :   2, 10,  812,    7,  6,     7,  2,     3,  7,     4,  9,  20536, 6.3e-5
    - 5 :   2, 10,  779,    7,  6,    14,  1,     4,  6,     4,  9,  25751, 6.2e-5
    - 6 :   2, 10,  796,    8,  5,    15,  1,     4,  6,     4,  9,  28710, 6.3e-5
    - 7 :   2, 10,  820,    8,  5,    15,  1,     5,  5,     4,  9,  35657, 6.3e-5
    - 8 :   2, 10,  783,   10,  4,    14,  1,     7,  4,     4,  9,  54421, 6.2e-5
    - 9 :   2, 10,  804,   10,  4,    15,  1,     9,  3,     4,  9,  70104, 6.3e-5
    - 10:   3, 10,  802,   14,  3,    15,  1,     7,  4,     2, 20, 103154, 6.1e-5
    - 11:   3, 10,  810,   14,  3,    15,  1,    10,  3,     2, 20, 144516, 6.3e-5
    - 12:   3, 10,  836,   22,  2,    16,  1,    11,  3,     3, 15, 248700, 6.3e-5
    - 13:   3, 10,  830,   44,  1,    15,  1,    16,  2,     2, 20, 621169, 6.3e-5
    # no solution starting from log norm2 = 14

  - 14: # bits
    -ln2:   k,  N,    n, br_l,br_b, ks_l,ks_b, cb_l,cb_b, pp_l,pp_b,  cost, p_error
    - 0 :   2, 10,  807,    4,  9,     7,  2,     2,  9,     3, 11,   9636, 6.2e-5
    - 1 :   2, 10,  805,    4,  9,     7,  2,     3,  6,     2, 15,  12150, 6.2e-5
    - 2 :   2, 10,  848,    4,  9,     8,  2,     3,  7,     3, 11,  13881, 6.3e-5
    - 3 :   2, 10,  808,    4,  9,     7,  2,     4,  5,     3, 11,  17033, 6.1e-5
    - 4 :   2, 10,  812,    7,  6,     7,  2,     3,  7,     4,  9,  20536, 6.3e-5
    - 5 :   2, 10,  779,    7,  6,    14,  1,     4,  6,     4,  9,  25751, 6.2e-5
    - 6 :   2, 10,  796,    8,  5,    15,  1,     4,  6,     4,  9,  28710, 6.3e-5
    - 7 :   2, 10,  820,    8,  5,    15,  1,     5,  5,     4,  9,  35657, 6.3e-5
    - 8 :   2, 10,  783,   10,  4,    14,  1,     7,  4,     4,  9,  54421, 6.2e-5
    - 9 :   2, 10,  804,   10,  4,    15,  1,     9,  3,     4,  9,  70104, 6.3e-5
    - 10:   3, 10,  802,   14,  3,    15,  1,     7,  4,     2, 20, 103154, 6.1e-5
    - 11:   3, 10,  810,   14,  3,    15,  1,    10,  3,     2, 20, 144516, 6.3e-5
    - 12:   3, 10,  836,   22,  2,    16,  1,    11,  3,     3, 15, 248700, 6.3e-5
    - 13:   3, 10,  830,   44,  1,    15,  1,    16,  2,     2, 20, 621169, 6.3e-5
    # no solution starting from log norm2 = 14

  - 15: # bits
    -ln2:   k,  N,    n, br_l,br_b, ks_l,ks_b, cb_l,cb_b, pp_l,pp_b,  cost, p_error
    - 0 :   2, 10,  807,    4,  9,     7,  2,     2,  9,     3, 11,   9636, 6.2e-5
    - 1 :   2, 10,  805,    4,  9,     7,  2,     3,  6,     2, 15,  12150, 6.2e-5
    - 2 :   2, 10,  848,    4,  9,     8,  2,     3,  7,     3, 11,  13881, 6.3e-5
    - 3 :   2, 10,  808,    4,  9,     7,  2,     4,  5,     3, 11,  17033, 6.1e-5
    - 4 :   2, 10,  812,    7,  6,     7,  2,     3,  7,     4,  9,  20536, 6.3e-5
    - 5 :   2, 10,  779,    7,  6,    14,  1,     4,  6,     4,  9,  25751, 6.2e-5
    - 6 :   2, 10,  796,    8,  5,    15,  1,     4,  6,     4,  9,  28710, 6.3e-5
    - 7 :   2, 10,  820,    8,  5,    15,  1,     5,  5,     4,  9,  35657, 6.3e-5
    - 8 :   2, 10,  783,   10,  4,    14,  1,     7,  4,     4,  9,  54421, 6.2e-5
    - 9 :   2, 10,  804,   10,  4,    15,  1,     9,  3,     4,  9,  70104, 6.3e-5
    - 10:   3, 10,  802,   14,  3,    15,  1,     7,  4,     2, 20, 103154, 6.1e-5
    - 11:   3, 10,  810,   14,  3,    15,  1,    10,  3,     2, 20, 144516, 6.3e-5
    - 12:   3, 10,  836,   22,  2,    16,  1,    11,  3,     3, 15, 248700, 6.3e-5
    - 13:   3, 10,  830,   44,  1,    15,  1,    16,  2,     2, 20, 621169, 6.3e-5
    # no solution starting from log norm2 = 14

  - 16: # bits
    -ln2:   k,  N,    n, br_l,br_b, ks_l,ks_b, cb_l,cb_b, pp_l,pp_b,  cost, p_error
    - 0 :   2, 10,  817,    4,  9,     7,  2,     2,  9,     3, 11,  10873, 6.2e-5
    - 1 :   2, 10,  813,    4,  9,     7,  2,     3,  6,     2, 15,  13713, 6.2e-5
    - 2 :   2, 10,  786,    5,  8,     7,  2,     3,  7,     3, 11,  16801, 5.9e-5
    - 3 :   2, 10,  798,    6,  7,     7,  2,     3,  7,     3, 11,  19191, 6.0e-5
    - 4 :   2, 10,  823,    7,  6,     8,  2,     3,  7,     4,  9,  23286, 6.3e-5
    - 5 :   2, 10,  782,    7,  6,    14,  1,     4,  6,     4,  9,  28948, 6.3e-5
    - 6 :   2, 10,  807,    8,  5,    15,  1,     4,  6,     4,  9,  32521, 6.2e-5
    - 7 :   2, 10,  818,    8,  5,    15,  1,     5,  5,     5,  8,  42074, 6.3e-5
    - 8 :   2, 10,  787,   10,  4,    14,  1,     7,  4,     4,  9,  61330, 6.3e-5
    - 9 :   2, 10,  822,   10,  4,    15,  1,     9,  3,     4,  9,  80138, 6.3e-5
    - 10:   3, 10,  808,   14,  3,    15,  1,     7,  4,     2, 20, 116473, 6.1e-5
    - 11:   3, 10,  822,   14,  3,    15,  1,    10,  3,     2, 20, 164307, 6.2e-5
    - 12:   3, 10,  798,   22,  2,    15,  1,    15,  2,     2, 20, 341152, 6.0e-5
    - 13:   3, 10,  834,   44,  1,    16,  1,    16,  2,     3, 15, 721813, 6.3e-5
    # no solution starting from log norm2 = 14
