security level: 176
target p_error: 6.3e-5
per precision and log norm2:

  - 1: # bits
    -ln2:   k,  N,    n, br_l,br_b, ks_l,ks_b, cb_l,cb_b,  cost, p_error
    - 0 :   1, 11,  995,    3,  9,     7,  2,     2,  6,    543, 6.3e-5
    - 1 :   3, 10,  988,    2, 15,     7,  2,     2,  7,    645, 6.2e-5
    - 2 :   3, 10, 1011,    6,  7,     7,  2,     1, 15,    872, 6.3e-5
    - 3 :   3, 10,  973,    3, 12,     7,  2,     2,  8,    898, 6.3e-5
    - 4 :   3, 10,  965,    4,  9,     7,  2,     2,  9,   1151, 6.1e-5
    - 5 :   3, 10,  997,    4,  9,     7,  2,     2,  9,   1170, 6.2e-5
    - 6 :   3, 10,  972,    6,  7,     7,  2,     2, 10,   1671, 6.2e-5
    - 7 :   3, 10, 1000,    4,  9,     8,  2,     3,  7,   1744, 6.3e-5
    - 8 :   3, 10,  987,    5,  8,     7,  2,     3,  7,   2116, 6.1e-5
    - 9 :   3, 10,  980,    5,  8,     7,  2,     4,  6,   2798, 6.3e-5
    - 10:   3, 10,  990,    6,  7,     7,  2,     4,  6,   3332, 6.3e-5
    - 11:   3, 10,  996,    7,  6,    15,  1,     4,  6,   3910, 6.3e-5
    - 12:   3, 10,  970,    8,  5,    15,  1,     5,  5,   5449, 6.2e-5
    - 13:   3, 10,  967,    8,  5,    15,  1,     7,  4,   7584, 6.3e-5
    - 14:   3, 10,  963,   11,  4,    15,  1,     7,  4,  10267, 6.1e-5
    - 15:   3, 10,  990,   15,  3,    15,  1,     7,  4,  14041, 6.2e-5
    - 16:   3, 10, 1025,   15,  3,    16,  1,    10,  3,  20352, 6.3e-5
    - 17:   3, 10,  984,   22,  2,    15,  1,    15,  2,  43522, 6.3e-5
    - 18:   3, 10, 1008,   44,  1,    16,  1,    32,  1, 186073, 6.3e-5
    # no solution starting from log norm2 = 19

  - 2: # bits
    -ln2:   k,  N,    n, br_l,br_b, ks_l,ks_b, cb_l,cb_b,  cost, p_error
    - 0 :   3, 10,  995,    5,  8,     7,  2,     1, 14,   1805, 6.3e-5
    - 1 :   3, 10,  965,    3, 12,     7,  2,     2,  8,   2000, 6.3e-5
    - 2 :   3, 10, 1001,    3, 12,     7,  2,     2,  8,   2042, 6.3e-5
    - 3 :   3, 10,  972,    4,  9,     7,  2,     2,  9,   2581, 6.3e-5
    - 4 :   3, 10, 1015,    3, 12,     8,  2,     3,  6,   2947, 6.3e-5
    - 5 :   3, 10,  974,    4,  9,     7,  2,     3,  7,   3701, 6.2e-5
    - 6 :   3, 10,  970,    5,  8,     7,  2,     3,  7,   4523, 6.1e-5
    - 7 :   3, 10,  993,    6,  7,     7,  2,     3,  7,   5418, 6.2e-5
    - 8 :   3, 10,  971,    6,  7,     7,  2,     4,  6,   6987, 6.1e-5
    - 9 :   3, 10,  977,    7,  6,     7,  2,     4,  6,   8100, 6.3e-5
    - 10:   3, 10,  965,    7,  6,    14,  1,     5,  5,  10013, 6.3e-5
    - 11:   3, 10, 1016,    9,  5,    16,  1,     5,  5,  13050, 6.3e-5
    - 12:   3, 10,  981,    9,  5,    15,  1,     7,  4,  17644, 6.3e-5
    - 13:   3, 10,  963,   14,  3,    15,  1,     7,  4,  26761, 6.3e-5
    - 14:   3, 10,  970,   14,  3,    15,  1,    10,  3,  37930, 6.2e-5
    - 15:   3, 10,  987,   22,  2,    15,  1,    10,  3,  59482, 6.2e-5
    - 16:   3, 10, 1001,   22,  2,    16,  1,    31,  1, 182459, 6.3e-5
    # no solution starting from log norm2 = 17

  - 3: # bits
    -ln2:   k,  N,    n, br_l,br_b, ks_l,ks_b, cb_l,cb_b,  cost, p_error
    - 0 :   3, 10,  969,    3, 12,     7,  2,     2,  8,   3113, 6.2e-5
    - 1 :   3, 10,  963,    4,  9,     7,  2,     2,  9,   3985, 6.2e-5
    - 2 :   3, 10,  982,    4,  9,     7,  2,     2,  9,   4030, 6.2e-5
    - 3 :   3, 10, 1000,    5,  8,     8,  2,     2, 10,   4990, 6.3e-5
    - 4 :   3, 10,  986,    4,  9,     7,  2,     3,  7,   5724, 6.2e-5
    - 5 :   3, 10,  977,    5,  8,     7,  2,     3,  7,   6974, 6.2e-5
    - 6 :   3, 10, 1016,    6,  7,    16,  1,     3,  7,   8587, 6.3e-5
    - 7 :   3, 10,  979,    6,  7,     7,  2,     4,  6,  10717, 6.2e-5
    - 8 :   3, 10,  972,    7,  6,    15,  1,     4,  6,  12476, 6.2e-5
    - 9 :   3, 10,  983,    7,  6,    15,  1,     5,  5,  15398, 6.3e-5
    - 10:   3, 10,  998,    7,  6,    15,  1,     7,  4,  21258, 6.3e-5
    - 11:   3, 10,  978,    8,  5,    15,  1,     9,  3,  30337, 6.2e-5
    - 12:   3, 10,  983,   14,  3,    15,  1,     7,  4,  40960, 6.2e-5
    - 13:   3, 10, 1013,   14,  3,    16,  1,    10,  3,  58530, 6.3e-5
    - 14:   3, 10,  968,   22,  2,    15,  1,    15,  2, 132182, 6.2e-5
    - 15:   3, 10, 1020,   45,  1,    16,  1,    16,  2, 292557, 6.3e-5
    # no solution starting from log norm2 = 16

  - 4: # bits
    -ln2:   k,  N,    n, br_l,br_b, ks_l,ks_b, cb_l,cb_b,  cost, p_error
    - 0 :   3, 10,  984,    3, 12,     7,  2,     2,  8,   6067, 6.3e-5
    - 1 :   3, 10,  968,    4,  9,     7,  2,     2,  9,   7726, 6.3e-5
    - 2 :   3, 10,  993,    3, 12,     7,  2,     3,  6,   8700, 6.3e-5
    - 3 :   3, 10,  969,    4,  9,     7,  2,     3,  7,  11073, 6.3e-5
    - 4 :   3, 10, 1008,    7,  6,     8,  2,     2, 10,  13189, 6.3e-5
    - 5 :   3, 10, 1015,    5,  8,     8,  2,     3,  7,  13933, 6.3e-5
    - 6 :   3, 10,  998,    5,  8,     8,  2,     4,  6,  17983, 6.3e-5
    - 7 :   3, 10, 1008,    6,  7,    15,  1,     4,  6,  21648, 6.3e-5
    - 8 :   3, 10,  987,    8,  5,    15,  1,     4,  6,  27994, 6.2e-5
    - 9 :   3, 10, 1011,    8,  5,    15,  1,     5,  5,  34901, 6.3e-5
    - 10:   3, 10,  998,    8,  5,    15,  1,     7,  4,  47721, 6.3e-5
    - 11:   3, 10,  981,   11,  4,    15,  1,     7,  4,  64157, 6.3e-5
    - 12:   3, 10,  961,   14,  3,    15,  1,    10,  3, 113296, 6.1e-5
    - 13:   3, 10,  987,   14,  3,    15,  1,    15,  2, 170546, 6.3e-5
    - 14:   3, 10, 1014,   22,  2,    16,  1,    16,  2, 286448, 6.3e-5
    # no solution starting from log norm2 = 15

  - 5: # bits
    -ln2:   k,  N,    n, br_l,br_b, ks_l,ks_b, cb_l,cb_b,  cost, p_error
    - 0 :   3, 10,  984,    3, 12,     7,  2,     2,  8,   6067, 6.3e-5
    - 1 :   3, 10,  968,    4,  9,     7,  2,     2,  9,   7726, 6.3e-5
    - 2 :   3, 10,  993,    3, 12,     7,  2,     3,  6,   8700, 6.3e-5
    - 3 :   3, 10,  969,    4,  9,     7,  2,     3,  7,  11073, 6.3e-5
    - 4 :   3, 10, 1008,    7,  6,     8,  2,     2, 10,  13189, 6.3e-5
    - 5 :   3, 10, 1015,    5,  8,     8,  2,     3,  7,  13933, 6.3e-5
    - 6 :   3, 10,  998,    5,  8,     8,  2,     4,  6,  17983, 6.3e-5
    - 7 :   3, 10, 1008,    6,  7,    15,  1,     4,  6,  21648, 6.3e-5
    - 8 :   3, 10,  987,    8,  5,    15,  1,     4,  6,  27994, 6.2e-5
    - 9 :   3, 10, 1011,    8,  5,    15,  1,     5,  5,  34901, 6.3e-5
    - 10:   3, 10,  998,    8,  5,    15,  1,     7,  4,  47721, 6.3e-5
    - 11:   3, 10,  981,   11,  4,    15,  1,     7,  4,  64157, 6.3e-5
    - 12:   3, 10,  961,   14,  3,    15,  1,    10,  3, 113296, 6.1e-5
    - 13:   3, 10,  987,   14,  3,    15,  1,    15,  2, 170546, 6.3e-5
    - 14:   3, 10, 1014,   22,  2,    16,  1,    16,  2, 286448, 6.3e-5
    # no solution starting from log norm2 = 15

  - 6: # bits
    -ln2:   k,  N,    n, br_l,br_b, ks_l,ks_b, cb_l,cb_b,  cost, p_error
    - 0 :   3, 10,  991,    3, 12,     7,  2,     2,  8,   7215, 6.3e-5
    - 1 :   3, 10,  970,    4,  9,     7,  2,     2,  9,   9158, 6.3e-5
    - 2 :   3, 10, 1007,    3, 12,     7,  2,     3,  6,  10339, 6.3e-5
    - 3 :   3, 10,  972,    4,  9,     7,  2,     3,  7,  13074, 6.1e-5
    - 4 :   3, 10,  968,    5,  8,     7,  2,     3,  7,  15976, 6.2e-5
    - 5 :   3, 10,  986,    6,  7,     7,  2,     3,  7,  19090, 6.2e-5
    - 6 :   3, 10, 1016,    5,  8,     8,  2,     4,  6,  21347, 6.3e-5
    - 7 :   3, 10,  974,    7,  6,     7,  2,     4,  6,  28528, 6.3e-5
    - 8 :   3, 10, 1013,    8,  5,    16,  1,     4,  6,  33395, 6.3e-5
    - 9 :   3, 10,  990,    9,  5,    15,  1,     5,  5,  45328, 6.3e-5
    - 10:   3, 10,  973,    9,  5,    15,  1,     7,  4,  61788, 6.2e-5
    - 11:   3, 10, 1000,   11,  4,    15,  1,     7,  4,  75891, 6.3e-5
    - 12:   3, 10,  965,   14,  3,    15,  1,    10,  3, 132851, 6.2e-5
    - 13:   3, 10, 1018,   14,  3,    16,  1,    15,  2, 202375, 6.3e-5
    - 14:   3, 10, 1003,   44,  1,    16,  1,    15,  2, 620041, 6.3e-5
    # no solution starting from log norm2 = 15

  - 7: # bits
    -ln2:   k,  N,    n, br_l,br_b, ks_l,ks_b, cb_l,cb_b,  cost, p_error
    - 0 :   3, 10, 1001,    3, 12,     7,  2,     2,  8,   8388, 6.3e-5
    - 1 :   3, 10,  972,    4,  9,     7,  2,     2,  9,  10594, 6.3e-5
    - 2 :   3, 10, 1015,    3, 12,     8,  2,     3,  6,  12012, 6.3e-5
    - 3 :   3, 10,  974,    4,  9,     7,  2,     3,  7,  15074, 6.2e-5
    - 4 :   3, 10,  970,    5,  8,     7,  2,     3,  7,  18418, 6.1e-5
    - 5 :   3, 10,  993,    6,  7,     7,  2,     3,  7,  22066, 6.2e-5
    - 6 :   3, 10,  971,    6,  7,     7,  2,     4,  6,  28331, 6.1e-5
    - 7 :   3, 10,  977,    7,  6,     7,  2,     4,  6,  32844, 6.3e-5
    - 8 :   3, 10,  965,    7,  6,    14,  1,     5,  5,  40490, 6.3e-5
    - 9 :   3, 10, 1016,    9,  5,    16,  1,     5,  5,  52779, 6.3e-5
    - 10:   3, 10,  981,    9,  5,    15,  1,     7,  4,  71137, 6.3e-5
    - 11:   3, 10,  963,   14,  3,    15,  1,     7,  4, 107878, 6.3e-5
    - 12:   3, 10,  970,   14,  3,    15,  1,    10,  3, 152557, 6.2e-5
    - 13:   3, 10,  987,   22,  2,    15,  1,    10,  3, 239245, 6.2e-5
    - 14:   3, 10, 1001,   22,  2,    16,  1,    31,  1, 731171, 6.3e-5
    # no solution starting from log norm2 = 15

  - 8: # bits
    -ln2:   k,  N,    n, br_l,br_b, ks_l,ks_b, cb_l,cb_b,  cost, p_error
    - 0 :   3, 10, 1006,    3, 12,     8,  2,     2,  8,   9600, 6.3e-5
    - 1 :   3, 10,  974,    4,  9,     7,  2,     2,  9,  12034, 6.3e-5
    - 2 :   3, 10, 1023,    3, 12,    16,  1,     3,  6,  14090, 6.3e-5
    - 3 :   3, 10,  977,    4,  9,     7,  2,     3,  7,  17089, 6.1e-5
    - 4 :   3, 10,  971,    5,  8,     7,  2,     3,  7,  20854, 6.3e-5
    - 5 :   3, 10,  997,    6,  7,     8,  2,     3,  7,  25077, 6.2e-5
    - 6 :   3, 10,  972,    6,  7,     7,  2,     4,  6,  32033, 6.3e-5
    - 7 :   3, 10,  981,    7,  6,     7,  2,     4,  6,  37193, 6.2e-5
    - 8 :   3, 10,  967,    7,  6,    15,  1,     5,  5,  45814, 6.3e-5
    - 9 :   3, 10,  972,    7,  6,    15,  1,     7,  4,  62941, 6.3e-5
    - 10:   3, 10,  994,    9,  5,    15,  1,     7,  4,  80761, 6.3e-5
    - 11:   3, 10,  967,   14,  3,    15,  1,     7,  4, 121915, 6.2e-5
    - 12:   3, 10,  976,   14,  3,    15,  1,    10,  3, 172443, 6.2e-5
    - 13:   3, 10, 1004,   22,  2,    16,  1,    10,  3, 271884, 6.3e-5
    - 14:   3, 10,  981,   44,  1,    15,  1,    16,  2, 842917, 6.3e-5
    # no solution starting from log norm2 = 15

  - 9: # bits
    -ln2:   k,  N,    n, br_l,br_b, ks_l,ks_b, cb_l,cb_b,  cost, p_error
    - 0 :   3, 10,  977,    4,  9,     7,  2,     2,  9,  13484, 6.1e-5
    - 1 :   3, 10,  991,    5,  8,     7,  2,     2, 10,  16604, 6.3e-5
    - 2 :   3, 10,  979,    4,  9,     7,  2,     3,  7,  19099, 6.3e-5
    - 3 :   3, 10,  973,    5,  8,     7,  2,     3,  7,  23306, 6.2e-5
    - 4 :   3, 10, 1005,    6,  7,     8,  2,     3,  7,  28115, 6.3e-5
    - 5 :   3, 10,  974,    6,  7,     7,  2,     4,  6,  35758, 6.3e-5
    - 6 :   3, 10,  985,    7,  6,     7,  2,     4,  6,  41561, 6.2e-5
    - 7 :   3, 10,  972,    7,  6,    15,  1,     5,  5,  51184, 6.2e-5
    - 8 :   3, 10,  978,    7,  6,    15,  1,     7,  4,  70296, 6.3e-5
    - 9 :   3, 10, 1024,    9,  5,    16,  1,     7,  4,  91327, 6.3e-5
    - 10:   3, 10,  971,   14,  3,    15,  1,     7,  4, 136009, 6.3e-5
    - 11:   3, 10,  983,   14,  3,    15,  1,    10,  3, 192537, 6.3e-5
    - 12:   3, 10, 1022,   23,  2,    16,  1,    11,  3, 349515, 6.3e-5
    - 13:   3, 10,  992,   44,  1,    15,  1,    16,  2, 942256, 6.3e-5
    # no solution starting from log norm2 = 14

  - 10: # bits
    -ln2:   k,  N,    n, br_l,br_b, ks_l,ks_b, cb_l,cb_b,  cost, p_error
    - 0 :   3, 10,  979,    4,  9,     7,  2,     2,  9,  14932, 6.3e-5
    - 1 :   3, 10,  998,    5,  8,     7,  2,     2, 10,  18438, 6.3e-5
    - 2 :   3, 10,  982,    4,  9,     7,  2,     3,  7,  21126, 6.3e-5
    - 3 :   3, 10,  975,    5,  8,     7,  2,     3,  7,  25763, 6.2e-5
    - 4 :   3, 10, 1018,    6,  7,     8,  2,     3,  7,  31263, 6.3e-5
    - 5 :   3, 10,  977,    6,  7,     7,  2,     4,  6,  39512, 6.1e-5
    - 6 :   3, 10,  968,    7,  6,    15,  1,     4,  6,  45942, 6.3e-5
    - 7 :   3, 10,  977,    7,  6,    15,  1,     5,  5,  56582, 6.2e-5
    - 8 :   3, 10,  986,    7,  6,    15,  1,     7,  4,  77775, 6.3e-5
    - 9 :   3, 10,  973,    8,  5,    15,  1,     9,  3, 111291, 6.2e-5
    - 10:   3, 10,  976,   14,  3,    15,  1,     7,  4, 150234, 6.3e-5
    - 11:   3, 10,  994,   14,  3,    15,  1,    10,  3, 213177, 6.3e-5
    - 12:   3, 10, 1002,   21,  2,    16,  1,    15,  2, 471418, 6.3e-5
    - 13:   3, 10, 1011,   44,  1,    16,  1,    16,  2, 1046509, 6.3e-5
    # no solution starting from log norm2 = 14

  - 11: # bits
    -ln2:   k,  N,    n, br_l,br_b, ks_l,ks_b, cb_l,cb_b,  cost, p_error
    - 0 :   3, 10,  982,    4,  9,     7,  2,     2,  9,  16392, 6.2e-5
    - 1 :   3, 10, 1000,    5,  8,     8,  2,     2, 10,  20299, 6.3e-5
    - 2 :   3, 10,  986,    4,  9,     7,  2,     3,  7,  23173, 6.2e-5
    - 3 :   3, 10,  977,    5,  8,     7,  2,     3,  7,  28225, 6.2e-5
    - 4 :   3, 10, 1016,    6,  7,    16,  1,     3,  7,  34750, 6.3e-5
    - 5 :   3, 10,  979,    6,  7,     7,  2,     4,  6,  43255, 6.2e-5
    - 6 :   3, 10,  972,    7,  6,    15,  1,     4,  6,  50346, 6.2e-5
    - 7 :   3, 10,  983,    7,  6,    15,  1,     5,  5,  62040, 6.3e-5
    - 8 :   3, 10,  998,    7,  6,    15,  1,     7,  4,  85486, 6.3e-5
    - 9 :   3, 10,  978,    8,  5,    15,  1,     9,  3, 121849, 6.2e-5
    - 10:   3, 10,  983,   14,  3,    15,  1,     7,  4, 164690, 6.2e-5
    - 11:   3, 10, 1013,   14,  3,    16,  1,    10,  3, 234998, 6.3e-5
    - 12:   3, 10,  968,   22,  2,    15,  1,    15,  2, 530019, 6.2e-5
    - 13:   3, 10, 1020,   45,  1,    16,  1,    16,  2, 1172964, 6.3e-5
    # no solution starting from log norm2 = 14

  - 12: # bits
    -ln2:   k,  N,    n, br_l,br_b, ks_l,ks_b, cb_l,cb_b,  cost, p_error
    - 0 :   3, 10,  982,    4,  9,     7,  2,     2,  9,  16392, 6.2e-5
    - 1 :   3, 10, 1000,    5,  8,     8,  2,     2, 10,  20299, 6.3e-5
    - 2 :   3, 10,  986,    4,  9,     7,  2,     3,  7,  23173, 6.2e-5
    - 3 :   3, 10,  977,    5,  8,     7,  2,     3,  7,  28225, 6.2e-5
    - 4 :   3, 10, 1016,    6,  7,    16,  1,     3,  7,  34750, 6.3e-5
    - 5 :   3, 10,  979,    6,  7,     7,  2,     4,  6,  43255, 6.2e-5
    - 6 :   3, 10,  972,    7,  6,    15,  1,     4,  6,  50346, 6.2e-5
    - 7 :   3, 10,  983,    7,  6,    15,  1,     5,  5,  62040, 6.3e-5
    - 8 :   3, 10,  998,    7,  6,    15,  1,     7,  4,  85486, 6.3e-5
    - 9 :   3, 10,  978,    8,  5,    15,  1,     9,  3, 121849, 6.2e-5
    - 10:   3, 10,  983,   14,  3,    15,  1,     7,  4, 164690, 6.2e-5
    - 11:   3, 10, 1013,   14,  3,    16,  1,    10,  3, 234998, 6.3e-5
    - 12:   3, 10,  968,   22,  2,    15,  1,    15,  2, 530019, 6.2e-5
    - 13:   3, 10, 1020,   45,  1,    16,  1,    16,  2, 1172964, 6.3e-5
    # no solution starting from log norm2 = 14

  - 13: # bits
    -ln2:   k,  N,    n, br_l,br_b, ks_l,ks_b, cb_l,cb_b,  cost, p_error
    - 0 :   3, 10,  997,    4,  9,     7,  2,     2,  9,  22054, 6.2e-5
    - 1 :   3, 10,  966,    4,  9,     7,  2,     3,  7,  30557, 6.0e-5
    - 2 :   3, 10, 1000,    4,  9,     8,  2,     3,  7,  31239, 6.3e-5
    - 3 :   3, 10,  987,    5,  8,     7,  2,     3,  7,  37848, 6.1e-5
    - 4 :   3, 10,  980,    5,  8,     7,  2,     4,  6,  48737, 6.3e-5
    - 5 :   3, 10,  990,    6,  7,     7,  2,     4,  6,  58018, 6.3e-5
    - 6 :   3, 10,  996,    7,  6,    15,  1,     4,  6,  67996, 6.3e-5
    - 7 :   3, 10,  970,    8,  5,    15,  1,     5,  5,  93161, 6.2e-5
    - 8 :   3, 10,  967,    8,  5,    15,  1,     7,  4, 127301, 6.3e-5
    - 9 :   3, 10,  963,   11,  4,    15,  1,     7,  4, 172236, 6.1e-5
    - 10:   3, 10,  990,   15,  3,    15,  1,     7,  4, 235619, 6.2e-5
    - 11:   3, 10, 1025,   15,  3,    16,  1,    10,  3, 337002, 6.3e-5
    - 12:   3, 10,  984,   22,  2,    15,  1,    15,  2, 712109, 6.3e-5
    - 13:   3, 10, 1008,   44,  1,    16,  1,    32,  1, 3008925, 6.3e-5
    # no solution starting from log norm2 = 14

  - 14: # bits
    -ln2:   k,  N,    n, br_l,br_b, ks_l,ks_b, cb_l,cb_b,  cost, p_error
    - 0 :   3, 10,  997,    4,  9,     7,  2,     2,  9,  22054, 6.2e-5
    - 1 :   3, 10,  966,    4,  9,     7,  2,     3,  7,  30557, 6.0e-5
    - 2 :   3, 10, 1000,    4,  9,     8,  2,     3,  7,  31239, 6.3e-5
    - 3 :   3, 10,  987,    5,  8,     7,  2,     3,  7,  37848, 6.1e-5
    - 4 :   3, 10,  980,    5,  8,     7,  2,     4,  6,  48737, 6.3e-5
    - 5 :   3, 10,  990,    6,  7,     7,  2,     4,  6,  58018, 6.3e-5
    - 6 :   3, 10,  996,    7,  6,    15,  1,     4,  6,  67996, 6.3e-5
    - 7 :   3, 10,  970,    8,  5,    15,  1,     5,  5,  93161, 6.2e-5
    - 8 :   3, 10,  967,    8,  5,    15,  1,     7,  4, 127301, 6.3e-5
    - 9 :   3, 10,  963,   11,  4,    15,  1,     7,  4, 172236, 6.1e-5
    - 10:   3, 10,  990,   15,  3,    15,  1,     7,  4, 235619, 6.2e-5
    - 11:   3, 10, 1025,   15,  3,    16,  1,    10,  3, 337002, 6.3e-5
    - 12:   3, 10,  984,   22,  2,    15,  1,    15,  2, 712109, 6.3e-5
    - 13:   3, 10, 1008,   44,  1,    16,  1,    32,  1, 3008925, 6.3e-5
    # no solution starting from log norm2 = 14

  - 15: # bits
    -ln2:   k,  N,    n, br_l,br_b, ks_l,ks_b, cb_l,cb_b,  cost, p_error
    - 0 :   3, 10,  997,    4,  9,     7,  2,     2,  9,  22054, 6.2e-5
    - 1 :   3, 10,  966,    4,  9,     7,  2,     3,  7,  30557, 6.0e-5
    - 2 :   3, 10, 1000,    4,  9,     8,  2,     3,  7,  31239, 6.3e-5
    - 3 :   3, 10,  987,    5,  8,     7,  2,     3,  7,  37848, 6.1e-5
    - 4 :   3, 10,  980,    5,  8,     7,  2,     4,  6,  48737, 6.3e-5
    - 5 :   3, 10,  990,    6,  7,     7,  2,     4,  6,  58018, 6.3e-5
    - 6 :   3, 10,  996,    7,  6,    15,  1,     4,  6,  67996, 6.3e-5
    - 7 :   3, 10,  970,    8,  5,    15,  1,     5,  5,  93161, 6.2e-5
    - 8 :   3, 10,  967,    8,  5,    15,  1,     7,  4, 127301, 6.3e-5
    - 9 :   3, 10,  963,   11,  4,    15,  1,     7,  4, 172236, 6.1e-5
    - 10:   3, 10,  990,   15,  3,    15,  1,     7,  4, 235619, 6.2e-5
    - 11:   3, 10, 1025,   15,  3,    16,  1,    10,  3, 337002, 6.3e-5
    - 12:   3, 10,  984,   22,  2,    15,  1,    15,  2, 712109, 6.3e-5
    - 13:   3, 10, 1008,   44,  1,    16,  1,    32,  1, 3008925, 6.3e-5
    # no solution starting from log norm2 = 14

  - 16: # bits
    -ln2:   k,  N,    n, br_l,br_b, ks_l,ks_b, cb_l,cb_b,  cost, p_error
    - 0 :   3, 10, 1001,    4,  9,     8,  2,     2,  9,  24850, 6.3e-5
    - 1 :   3, 10,  966,    4,  9,     7,  2,     3,  7,  34262, 6.3e-5
    - 2 :   3, 10, 1014,    4,  9,     8,  2,     3,  7,  35297, 6.3e-5
    - 3 :   3, 10,  993,    5,  8,     7,  2,     3,  7,  42572, 6.2e-5
    - 4 :   3, 10,  985,    5,  8,     7,  2,     4,  6,  54837, 6.2e-5
    - 5 :   3, 10,  994,    6,  7,     8,  2,     4,  6,  65342, 6.3e-5
    - 6 :   3, 10,  992,    6,  7,    15,  1,     5,  5,  80843, 6.3e-5
    - 7 :   3, 10,  976,    8,  5,    15,  1,     5,  5, 104914, 6.2e-5
    - 8 :   3, 10,  972,    8,  5,    15,  1,     7,  4, 143371, 6.3e-5
    - 9 :   3, 10,  966,   11,  4,    15,  1,     7,  4, 193767, 6.3e-5
    - 10:   3, 10, 1011,   15,  3,    16,  1,     7,  4, 267487, 6.3e-5
    - 11:   3, 10,  969,   14,  3,    15,  1,    15,  2, 510733, 6.2e-5
    - 12:   3, 10,  999,   22,  2,    15,  1,    15,  2, 806229, 6.3e-5
    - 13:   3, 10, 1023,   45,  1,    16,  1,    33,  1, 3591577, 6.3e-5
    # no solution starting from log norm2 = 14
