security level: 192
target p_error: 6.3e-5
per precision and log norm2:

  - 1: # bits
    -ln2:   k,  N,    n, br_l,br_b, ks_l,ks_b, cb_l,cb_b, pp_l,pp_b,  cost, p_error
    - 0 :   3, 10,  860,    2, 15,     5,  2,     1,  9,     1, 23,    235, 6.3e-5
    - 1 :   3, 10,  854,    2, 15,     5,  2,     1, 11,     2, 15,    306, 6.3e-5
    - 2 :   3, 10,  845,    3, 12,     5,  2,     1, 12,     2, 15,    353, 6.2e-5
    - 3 :   3, 10,  861,    3, 12,     5,  2,     1, 12,     2, 15,    357, 6.0e-5
    - 4 :   3, 10,  894,    4,  9,     5,  2,     1, 13,     2, 15,    418, 6.3e-5
    - 5 :   3, 10,  863,    5,  8,     5,  2,     1, 14,     3, 12,    531, 6.1e-5
    - 6 :   3, 10,  932,    6,  7,     6,  2,     1, 15,     3, 12,    616, 6.3e-5
    - 7 :   3, 10,  869,    3, 12,     5,  2,     2,  8,     2, 15,    694, 5.9e-5
    - 8 :   3, 10,  923,    4,  9,     6,  2,     2,  9,     2, 15,    833, 6.2e-5
    - 9 :   3, 10,  898,    4,  9,     6,  2,     2,  9,     3, 12,    962, 6.0e-5
    - 10:   3, 10,  862,    6,  7,     5,  2,     2, 10,     3, 12,   1138, 5.9e-5
    - 11:   3, 10,  884,    7,  6,     6,  2,     2, 10,     3, 12,   1264, 6.0e-5
    - 12:   3, 10,  882,    5,  8,     6,  2,     3,  7,     3, 12,   1568, 6.2e-5
    - 13:   3, 10,  879,    7,  6,     6,  2,     3,  8,     3, 12,   1874, 6.0e-5
    - 14:   3, 10,  870,    6,  7,    11,  1,     4,  6,     3, 12,   2294, 6.1e-5
    - 15:   3, 10,  871,    8,  5,    11,  1,     4,  6,     3, 12,   2704, 6.2e-5
    - 16:   3, 10,  890,    8,  5,    11,  1,     5,  5,     3, 12,   3416, 6.3e-5
    - 17:   3, 10,  886,    8,  5,    11,  1,     7,  4,     3, 12,   4745, 6.2e-5
    - 18:   3, 10,  856,   11,  4,    11,  1,     7,  4,     5,  8,   6697, 5.9e-5
    - 19:   3, 10,  945,   15,  3,    13,  1,     7,  4,     6,  7,   9197, 6.3e-5
    - 20:   3, 10,  848,   22,  2,    11,  1,    10,  3,     5,  8,  14954, 6.1e-5
    - 21:   3, 10,  921,   22,  2,    12,  1,    15,  2,     5,  8,  23872, 6.3e-5
    # no solution starting from log norm2 = 22

  - 2: # bits
    -ln2:   k,  N,    n, br_l,br_b, ks_l,ks_b, cb_l,cb_b, pp_l,pp_b,  cost, p_error
    - 0 :   3, 10,  907,    3, 12,     6,  2,     1, 12,     2, 15,    947, 6.2e-5
    - 1 :   3, 10,  954,    3, 12,     6,  2,     1, 12,     2, 15,    981, 6.2e-5
    - 2 :   3, 10,  943,    4,  9,     6,  2,     1, 13,     3, 12,   1283, 6.2e-5
    - 3 :   3, 10,  968,    5,  8,     6,  2,     1, 14,     3, 12,   1476, 6.3e-5
    - 4 :   3, 10,  910,    3, 12,     6,  2,     2,  8,     2, 15,   1636, 5.8e-5
    - 5 :   3, 10, 1030,    3, 12,    14,  1,     2,  8,     2, 15,   1873, 6.3e-5
    - 6 :   3, 10,  919,    4,  9,     6,  2,     2,  9,     3, 12,   2204, 6.2e-5
    - 7 :   3, 10,  935,    5,  8,     6,  2,     2, 10,     3, 12,   2501, 5.9e-5
    - 8 :   3, 10,  971,    6,  7,     6,  2,     2, 10,     3, 12,   2849, 6.3e-5
    - 9 :   3, 10,  916,    5,  8,     6,  2,     3,  7,     3, 12,   3516, 5.6e-5
    - 10:   3, 10,  962,    6,  7,     6,  2,     3,  7,     3, 12,   4022, 6.3e-5
    - 11:   3, 10,  954,    8,  5,     6,  2,     3,  8,     3, 12,   4782, 6.2e-5
    - 12:   3, 10,  915,    7,  6,    12,  1,     4,  6,     3, 12,   5591, 6.3e-5
    - 13:   3, 10,  927,    7,  6,    12,  1,     5,  5,     3, 12,   6914, 6.1e-5
    - 14:   3, 10,  942,    7,  6,    12,  1,     7,  4,     3, 12,   9563, 6.2e-5
    - 15:   3, 10,  921,   11,  4,    12,  1,     7,  4,     3, 12,  12656, 5.9e-5
    - 16:   3, 10,  921,   14,  3,    12,  1,     7,  4,     5,  8,  17101, 5.9e-5
    - 17:   3, 10,  936,   14,  3,    13,  1,    10,  3,     5,  8,  24319, 6.3e-5
    - 18:   3, 10,  990,   23,  2,    14,  1,    11,  3,     6,  7,  41340, 6.3e-5
    - 19:   3, 10,  961,   44,  1,    13,  1,    16,  2,     5,  8,  94802, 6.2e-5
    # no solution starting from log norm2 = 20

  - 3: # bits
    -ln2:   k,  N,    n, br_l,br_b, ks_l,ks_b, cb_l,cb_b, pp_l,pp_b,  cost, p_error
    - 0 :   3, 10, 1001,    2, 15,     7,  2,     2,  7,     2, 15,   2271, 6.2e-5
    - 1 :   3, 10,  968,    3, 12,     6,  2,     2,  8,     2, 15,   2662, 6.0e-5
    - 2 :   3, 10,  989,    3, 12,     6,  2,     2,  8,     2, 15,   2701, 6.0e-5
    - 3 :   3, 10, 1024,    4,  9,     7,  2,     2,  9,     2, 15,   3264, 6.3e-5
    - 4 :   3, 10, 1014,    4,  9,     7,  2,     2,  9,     3, 12,   3672, 6.2e-5
    - 5 :   3, 10,  984,    6,  7,     6,  2,     2, 10,     3, 12,   4507, 6.2e-5
    - 6 :   3, 10, 1001,    7,  6,     7,  2,     2, 10,     3, 12,   5050, 5.9e-5
    - 7 :   3, 10, 1000,    5,  8,     7,  2,     3,  7,     3, 12,   5765, 6.0e-5
    - 8 :   3, 10,  999,    7,  6,     7,  2,     3,  8,     3, 12,   7049, 6.0e-5
    - 9 :   3, 10, 1007,    6,  7,     7,  2,     4,  6,     3, 12,   8282, 6.2e-5
    - 10:   3, 10,  988,    8,  5,    13,  1,     4,  6,     3, 12,   9900, 6.1e-5
    - 11:   3, 10, 1002,    8,  5,    14,  1,     5,  5,     3, 12,  12208, 6.3e-5
    - 12:   3, 10, 1003,    8,  5,    14,  1,     7,  4,     3, 12,  16594, 6.2e-5
    - 13:   3, 10,  976,   11,  4,    13,  1,     7,  4,     5,  8,  23224, 6.2e-5
    - 14:   3, 10, 1053,   15,  3,    15,  1,     7,  4,     5,  8,  30173, 6.3e-5
    - 15:   3, 10, 1008,   21,  2,    14,  1,    10,  3,     5,  8,  52136, 6.3e-5
    - 16:   3, 10, 1031,   22,  2,    14,  1,    15,  2,     5,  8,  81018, 6.3e-5
    # no solution starting from log norm2 = 17

  - 4: # bits
    -ln2:   k,  N,    n, br_l,br_b, ks_l,ks_b, cb_l,cb_b, pp_l,pp_b,  cost, p_error
    - 0 :   3, 10, 1012,    5,  8,     7,  2,     1, 14,     3, 12,   4607, 6.1e-5
    - 1 :   3, 10,  974,    3, 12,     6,  2,     2,  8,     2, 15,   5133, 5.9e-5
    - 2 :   3, 10, 1038,    3, 12,     7,  2,     2,  8,     2, 15,   5393, 6.2e-5
    - 3 :   3, 10,  984,    4,  9,     6,  2,     2,  9,     3, 12,   6897, 6.0e-5
    - 4 :   3, 10,  993,    5,  8,     7,  2,     2, 10,     3, 12,   7844, 6.0e-5
    - 5 :   3, 10, 1016,    6,  7,     7,  2,     2, 10,     3, 12,   8859, 6.1e-5
    - 6 :   3, 10, 1054,    8,  5,     7,  2,     2, 10,     3, 12,  10946, 6.3e-5
    - 7 :   3, 10, 1008,    6,  7,     7,  2,     3,  7,     3, 12,  12493, 6.3e-5
    - 8 :   3, 10, 1006,    8,  5,     7,  2,     3,  8,     3, 12,  14952, 6.1e-5
    - 9 :   3, 10,  973,    7,  6,    13,  1,     4,  6,     3, 12,  17541, 6.1e-5
    - 10:   3, 10,  982,    7,  6,    13,  1,     5,  5,     3, 12,  21623, 6.2e-5
    - 11:   3, 10,  993,    7,  6,    13,  1,     7,  4,     3, 12,  29788, 6.3e-5
    - 12:   3, 10,  976,   11,  4,    13,  1,     7,  4,     3, 12,  39727, 6.3e-5
    - 13:   3, 10,  977,   14,  3,    13,  1,     7,  4,     5,  8,  53538, 6.2e-5
    - 14:   3, 10,  990,   14,  3,    13,  1,    10,  3,     5,  8,  75919, 6.3e-5
    - 15:   3, 10, 1051,   22,  2,    15,  1,    10,  3,     5,  8, 110376, 6.3e-5
    - 16:   3, 10, 1005,   44,  1,    14,  1,    16,  2,     5,  8, 295879, 6.1e-5
    # no solution starting from log norm2 = 17

  - 5: # bits
    -ln2:   k,  N,    n, br_l,br_b, ks_l,ks_b, cb_l,cb_b, pp_l,pp_b,  cost, p_error
    - 0 :   3, 10, 1012,    5,  8,     7,  2,     1, 14,     3, 12,   4607, 6.1e-5
    - 1 :   3, 10,  974,    3, 12,     6,  2,     2,  8,     2, 15,   5133, 5.9e-5
    - 2 :   3, 10, 1038,    3, 12,     7,  2,     2,  8,     2, 15,   5393, 6.2e-5
    - 3 :   3, 10,  984,    4,  9,     6,  2,     2,  9,     3, 12,   6897, 6.0e-5
    - 4 :   3, 10,  993,    5,  8,     7,  2,     2, 10,     3, 12,   7844, 6.0e-5
    - 5 :   3, 10, 1016,    6,  7,     7,  2,     2, 10,     3, 12,   8859, 6.1e-5
    - 6 :   3, 10, 1054,    8,  5,     7,  2,     2, 10,     3, 12,  10946, 6.3e-5
    - 7 :   3, 10, 1008,    6,  7,     7,  2,     3,  7,     3, 12,  12493, 6.3e-5
    - 8 :   3, 10, 1006,    8,  5,     7,  2,     3,  8,     3, 12,  14952, 6.1e-5
    - 9 :   3, 10,  973,    7,  6,    13,  1,     4,  6,     3, 12,  17541, 6.1e-5
    - 10:   3, 10,  982,    7,  6,    13,  1,     5,  5,     3, 12,  21623, 6.2e-5
    - 11:   3, 10,  993,    7,  6,    13,  1,     7,  4,     3, 12,  29788, 6.3e-5
    - 12:   3, 10,  976,   11,  4,    13,  1,     7,  4,     3, 12,  39727, 6.3e-5
    - 13:   3, 10,  977,   14,  3,    13,  1,     7,  4,     5,  8,  53538, 6.2e-5
    - 14:   3, 10,  990,   14,  3,    13,  1,    10,  3,     5,  8,  75919, 6.3e-5
    - 15:   3, 10, 1051,   22,  2,    15,  1,    10,  3,     5,  8, 110376, 6.3e-5
    - 16:   3, 10, 1005,   44,  1,    14,  1,    16,  2,     5,  8, 295879, 6.1e-5
    # no solution starting from log norm2 = 17

  - 6: # bits
    -ln2:   k,  N,    n, br_l,br_b, ks_l,ks_b, cb_l,cb_b, pp_l,pp_b,  cost, p_error
    - 0 :   3, 10, 1035,    5,  8,     7,  2,     1, 14,     3, 12,   5636, 6.2e-5
    - 1 :   3, 10,  976,    3, 12,     6,  2,     2,  8,     2, 15,   6103, 6.0e-5
    - 2 :   3, 10,  993,    4,  9,     6,  2,     2,  9,     2, 15,   7222, 6.0e-5
    - 3 :   3, 10,  989,    4,  9,     6,  2,     2,  9,     3, 12,   8209, 6.1e-5
    - 4 :   3, 10, 1002,    5,  8,     7,  2,     2, 10,     3, 12,   9375, 6.0e-5
    - 5 :   3, 10, 1050,    6,  7,     7,  2,     2, 10,     3, 12,  10787, 6.3e-5
    - 6 :   3, 10,  984,    5,  8,     6,  2,     3,  7,     3, 12,  13049, 5.8e-5
    - 7 :   3, 10, 1028,    6,  7,     7,  2,     3,  7,     3, 12,  14978, 6.2e-5
    - 8 :   3, 10, 1024,    8,  5,     7,  2,     3,  8,     3, 12,  17937, 6.2e-5
    - 9 :   3, 10,  997,    7,  6,     7,  2,     4,  6,     3, 12,  20800, 6.3e-5
    - 10:   3, 10,  995,    7,  6,    13,  1,     5,  5,     3, 12,  25686, 6.1e-5
    - 11:   3, 10, 1014,    7,  6,    14,  1,     7,  4,     3, 12,  35535, 6.3e-5
    - 12:   3, 10,  985,   11,  4,    13,  1,     7,  4,     3, 12,  47017, 6.3e-5
    - 13:   3, 10,  987,   14,  3,    13,  1,     7,  4,     5,  8,  63345, 6.2e-5
    - 14:   3, 10, 1008,   14,  3,    14,  1,    10,  3,     5,  8,  90201, 6.2e-5
    - 15:   3, 10,  973,   22,  2,    13,  1,    15,  2,     5,  8, 179632, 6.0e-5
    - 16:   3, 10, 1023,   45,  1,    14,  1,    16,  2,     5,  8, 358945, 6.3e-5
    # no solution starting from log norm2 = 17

  - 7: # bits
    -ln2:   k,  N,    n, br_l,br_b, ks_l,ks_b, cb_l,cb_b, pp_l,pp_b,  cost, p_error
    - 0 :   3, 10,  966,    3, 12,     6,  2,     2,  8,     2, 15,   7018, 6.3e-5
    - 1 :   3, 10,  978,    3, 12,     6,  2,     2,  8,     2, 15,   7077, 6.2e-5
    - 2 :   3, 10,  992,    4,  9,     7,  2,     2,  9,     2, 15,   8412, 6.1e-5
    - 3 :   3, 10,  995,    4,  9,     6,  2,     2,  9,     3, 12,   9536, 6.1e-5
    - 4 :   3, 10, 1014,    5,  8,     7,  2,     2, 10,     3, 12,  10948, 6.1e-5
    - 5 :   3, 10,  988,    7,  6,     6,  2,     2, 10,     3, 12,  13141, 6.2e-5
    - 6 :   3, 10,  983,    5,  8,     7,  2,     3,  7,     3, 12,  15091, 6.1e-5
    - 7 :   3, 10, 1079,    6,  7,     7,  2,     3,  7,     3, 12,  17891, 6.3e-5
    - 8 :   3, 10, 1045,    8,  5,    14,  1,     3,  8,     3, 12,  21386, 6.3e-5
    - 9 :   3, 10,  990,    7,  6,    13,  1,     4,  6,     3, 12,  24124, 6.3e-5
    - 10:   3, 10, 1012,    7,  6,    14,  1,     5,  5,     3, 12,  29953, 6.2e-5
    - 11:   3, 10,  973,    8,  5,    13,  1,     7,  4,     3, 12,  43080, 6.1e-5
    - 12:   3, 10,  996,   11,  4,    14,  1,     7,  4,     3, 12,  54538, 6.3e-5
    - 13:   3, 10,  999,   14,  3,    14,  1,     7,  4,     5,  8,  73446, 6.3e-5
    - 14:   3, 10,  992,   15,  3,    14,  1,    10,  3,     5,  8, 107216, 6.1e-5
    - 15:   3, 10,  979,   22,  2,    13,  1,    15,  2,     5,  8, 206852, 6.2e-5
    - 16:   3, 10, 1009,   44,  1,    14,  1,    31,  1,     5,  8, 759146, 6.2e-5
    # no solution starting from log norm2 = 17

  - 8: # bits
    -ln2:   k,  N,    n, br_l,br_b, ks_l,ks_b, cb_l,cb_b, pp_l,pp_b,  cost, p_error
    - 0 :   3, 10,  967,    3, 12,     6,  2,     2,  8,     2, 15,   7980, 5.8e-5
    - 1 :   3, 10,  981,    3, 12,     6,  2,     2,  8,     2, 15,   8058, 5.8e-5
    - 2 :   3, 10,  998,    4,  9,     7,  2,     2,  9,     2, 15,   9609, 6.0e-5
    - 3 :   3, 10,  993,    4,  9,     7,  2,     2,  9,     3, 12,  10870, 6.2e-5
    - 4 :   3, 10, 1033,    5,  8,     7,  2,     2, 10,     3, 12,  12604, 6.3e-5
    - 5 :   3, 10,  987,    7,  6,     7,  2,     2, 10,     3, 12,  14992, 6.1e-5
    - 6 :   3, 10,  987,    5,  8,     7,  2,     3,  7,     3, 12,  17147, 5.8e-5
    - 7 :   3, 10,  986,    7,  6,     7,  2,     3,  8,     3, 12,  20949, 6.0e-5
    - 8 :   3, 10,  990,    6,  7,     7,  2,     4,  6,     3, 12,  24558, 6.1e-5
    - 9 :   3, 10, 1020,    7,  6,     7,  2,     4,  6,     3, 12,  27577, 6.2e-5
    - 10:   3, 10, 1063,    7,  6,    15,  1,     5,  5,     3, 12,  35142, 6.3e-5
    - 11:   3, 10,  979,    8,  5,    13,  1,     7,  4,     3, 12,  48868, 6.0e-5
    - 12:   3, 10, 1013,   11,  4,    14,  1,     7,  4,     3, 12,  62431, 6.2e-5
    - 13:   3, 10, 1020,   14,  3,    14,  1,     7,  4,     5,  8,  84217, 6.3e-5
    - 14:   3, 10, 1006,   15,  3,    14,  1,    10,  3,     5,  8, 122210, 6.2e-5
    - 15:   3, 10,  987,   22,  2,    13,  1,    15,  2,     5,  8, 234706, 6.2e-5
    - 16:   3, 10, 1007,   44,  1,    14,  1,    32,  1,     5,  8, 880534, 6.3e-5
    # no solution starting from log norm2 = 17

  - 9: # bits
    -ln2:   k,  N,    n, br_l,br_b, ks_l,ks_b, cb_l,cb_b, pp_l,pp_b,  cost, p_error
    - 0 :   3, 10, 1090,    4,  9,     7,  2,     2,  9,     3, 12,  12936, 6.3e-5
    - 1 :   3, 10, 1125,    5,  8,     8,  2,     2,  9,     3, 12,  15059, 6.3e-5
    - 2 :   3, 10, 1083,    7,  6,     7,  2,     2, 10,     3, 12,  18021, 6.3e-5
    - 3 :   3, 10, 1083,    5,  8,     7,  2,     3,  7,     3, 12,  20396, 6.2e-5
    - 4 :   3, 10, 1083,    7,  6,     7,  2,     3,  8,     3, 12,  25092, 6.3e-5
    - 5 :   3, 10, 1088,    6,  7,     7,  2,     4,  6,     3, 12,  29275, 6.2e-5
    - 6 :   3, 10, 1086,    7,  6,    15,  1,     4,  6,     3, 12,  32737, 6.3e-5
    - 7 :   3, 10, 1127,    7,  6,    16,  1,     5,  5,     3, 12,  40982, 6.3e-5
    - 8 :   3, 10, 1069,    8,  5,    15,  1,     7,  4,     3, 12,  58205, 6.2e-5
    - 9 :   3, 10, 1091,   11,  4,    15,  1,     7,  4,     3, 12,  73858, 6.3e-5
    - 10:   3, 10, 1100,   14,  3,    16,  1,     7,  4,     5,  8,  99380, 6.3e-5
    - 11:   3, 10, 1091,   15,  3,    15,  1,    10,  3,     5,  8, 144616, 6.3e-5
    - 12:   3, 10, 1074,   22,  2,    15,  1,    15,  2,     5,  8, 279609, 6.3e-5
    - 13:   3, 10, 1117,   44,  1,    16,  1,    31,  1,     5,  8, 1040871, 6.3e-5
    # no solution starting from log norm2 = 14

  - 10: # bits
    -ln2:   k,  N,    n, br_l,br_b, ks_l,ks_b, cb_l,cb_b, pp_l,pp_b,  cost, p_error
    - 0 :   3, 10, 1096,    4,  9,     7,  2,     2,  9,     3, 12,  14373, 6.3e-5
    - 1 :   3, 10, 1128,    5,  8,    16,  1,     2,  9,     3, 12,  17292, 6.3e-5
    - 2 :   3, 10, 1087,    7,  6,     7,  2,     2, 10,     3, 12,  20027, 6.2e-5
    - 3 :   3, 10, 1087,    5,  8,     7,  2,     3,  7,     3, 12,  22601, 6.2e-5
    - 4 :   3, 10, 1087,    7,  6,     7,  2,     3,  8,     3, 12,  27824, 6.2e-5
    - 5 :   3, 10, 1088,    6,  7,     8,  2,     4,  6,     3, 12,  32401, 6.3e-5
    - 6 :   3, 10, 1099,    7,  6,    15,  1,     4,  6,     3, 12,  36477, 6.3e-5
    - 7 :   3, 10, 1072,    8,  5,    15,  1,     5,  5,     3, 12,  47495, 6.3e-5
    - 8 :   3, 10, 1073,    8,  5,    15,  1,     7,  4,     3, 12,  64367, 6.3e-5
    - 9 :   3, 10, 1107,   11,  4,    16,  1,     7,  4,     3, 12,  82490, 6.3e-5
    - 10:   3, 10, 1084,   15,  3,    15,  1,     7,  4,     5,  8, 113741, 6.3e-5
    - 11:   3, 10, 1108,   15,  3,    16,  1,    10,  3,     5,  8, 161317, 6.3e-5
    - 12:   3, 10, 1081,   22,  2,    15,  1,    15,  2,     5,  8, 309619, 6.2e-5
    - 13:   3, 10, 1110,   44,  1,    16,  1,    32,  1,     5,  8, 1175394, 6.3e-5
    # no solution starting from log norm2 = 14

  - 11: # bits
    -ln2:   k,  N,    n, br_l,br_b, ks_l,ks_b, cb_l,cb_b, pp_l,pp_b,  cost, p_error
    - 0 :   3, 10, 1103,    4,  9,     7,  2,     2,  9,     3, 12,  15830, 6.3e-5
    - 1 :   3, 10, 1075,    6,  7,     7,  2,     2, 10,     3, 12,  19718, 6.2e-5
    - 2 :   3, 10, 1091,    7,  6,     7,  2,     2, 10,     3, 12,  22043, 6.3e-5
    - 3 :   3, 10, 1091,    5,  8,     7,  2,     3,  7,     3, 12,  24818, 6.2e-5
    - 4 :   3, 10, 1087,    7,  6,     8,  2,     3,  8,     3, 12,  30565, 6.3e-5
    - 5 :   3, 10, 1093,    6,  7,     8,  2,     4,  6,     3, 12,  35579, 6.2e-5
    - 6 :   3, 10, 1128,    7,  6,    16,  1,     4,  6,     3, 12,  40788, 6.3e-5
    - 7 :   3, 10, 1077,    8,  5,    15,  1,     5,  5,     3, 12,  52144, 6.3e-5
    - 8 :   3, 10, 1078,    8,  5,    15,  1,     7,  4,     3, 12,  70612, 6.3e-5
    - 9 :   3, 10, 1096,    9,  5,    15,  1,     9,  3,     3, 12,  97653, 6.3e-5
    - 10:   3, 10, 1094,   15,  3,    15,  1,     7,  4,     5,  8, 125222, 6.3e-5
    - 11:   3, 10, 1082,   21,  2,    15,  1,    10,  3,     5,  8, 222134, 6.2e-5
    - 12:   3, 10, 1089,   22,  2,    15,  1,    15,  2,     5,  8, 340181, 6.3e-5
    - 13:   3, 10, 1120,   45,  1,    16,  1,    32,  1,     5,  8, 1319144, 6.3e-5
    # no solution starting from log norm2 = 14

  - 12: # bits
    -ln2:   k,  N,    n, br_l,br_b, ks_l,ks_b, cb_l,cb_b, pp_l,pp_b,  cost, p_error
    - 0 :   3, 10, 1121,    4,  9,     8,  2,     2,  9,     3, 12,  20028, 6.3e-5
    - 1 :   3, 10, 1080,    6,  7,     7,  2,     2, 10,     3, 12,  24627, 6.2e-5
    - 2 :   3, 10, 1100,    7,  6,     8,  2,     2, 10,     3, 12,  27702, 6.3e-5
    - 3 :   3, 10, 1099,    5,  8,     8,  2,     3,  7,     3, 12,  31186, 6.3e-5
    - 4 :   3, 10, 1100,    7,  6,     8,  2,     3,  8,     3, 12,  38424, 6.2e-5
    - 5 :   3, 10, 1088,    6,  7,    15,  1,     4,  6,     3, 12,  44896, 6.3e-5
    - 6 :   3, 10, 1082,    8,  5,    15,  1,     4,  6,     3, 12,  53722, 6.3e-5
    - 7 :   3, 10, 1101,    8,  5,    15,  1,     5,  5,     3, 12,  66134, 6.3e-5
    - 8 :   3, 10, 1105,    8,  5,    16,  1,     7,  4,     3, 12,  89867, 6.3e-5
    - 9 :   3, 10, 1072,   11,  4,    15,  1,     7,  4,     5,  8, 124754, 6.3e-5
    - 10:   3, 10, 1099,   11,  4,    16,  1,    10,  3,     5,  8, 177259, 6.3e-5
    - 11:   3, 10, 1064,   22,  2,    15,  1,    10,  3,     5,  8, 283653, 6.2e-5
    - 12:   3, 10, 1092,   22,  2,    15,  1,    16,  2,     5,  8, 453046, 6.3e-5
    # no solution starting from log norm2 = 13

  - 13: # bits
    -ln2:   k,  N,    n, br_l,br_b, ks_l,ks_b, cb_l,cb_b, pp_l,pp_b,  cost, p_error
    - 0 :   3, 10, 1109,    4,  9,    15,  1,     2,  9,     3, 12,  22022, 6.3e-5
    - 1 :   3, 10, 1082,    6,  7,     7,  2,     2, 10,     3, 12,  26421, 6.2e-5
    - 2 :   3, 10, 1105,    7,  6,     8,  2,     2, 10,     3, 12,  29788, 6.3e-5
    - 3 :   3, 10, 1105,    5,  8,     8,  2,     3,  7,     3, 12,  33492, 6.3e-5
    - 4 :   3, 10, 1106,    7,  6,     8,  2,     3,  8,     3, 12,  41289, 6.2e-5
    - 5 :   3, 10, 1097,    6,  7,    15,  1,     4,  6,     3, 12,  48290, 6.3e-5
    - 6 :   3, 10, 1088,    8,  5,    15,  1,     4,  6,     3, 12,  57697, 6.3e-5
    - 7 :   3, 10, 1118,    8,  5,    16,  1,     5,  5,     3, 12,  71627, 6.3e-5
    - 8 :   3, 10, 1075,    9,  5,    15,  1,     7,  4,     3, 12, 101777, 6.2e-5
    - 9 :   3, 10, 1076,   11,  4,    15,  1,     7,  4,     5,  8, 133620, 6.2e-5
    - 10:   3, 10, 1120,   11,  4,    16,  1,    10,  3,     5,  8, 191802, 6.3e-5
    - 11:   3, 10, 1066,   22,  2,    15,  1,    10,  3,     5,  8, 303411, 6.3e-5
    - 12:   3, 10, 1102,   22,  2,    16,  1,    16,  2,     5,  8, 487339, 6.3e-5
    # no solution starting from log norm2 = 13

  - 14: # bits
    -ln2:   k,  N,    n, br_l,br_b, ks_l,ks_b, cb_l,cb_b, pp_l,pp_b,  cost, p_error
    - 0 :   3, 10, 1109,    4,  9,    15,  1,     2,  9,     3, 12,  22022, 6.3e-5
    - 1 :   3, 10, 1082,    6,  7,     7,  2,     2, 10,     3, 12,  26421, 6.2e-5
    - 2 :   3, 10, 1105,    7,  6,     8,  2,     2, 10,     3, 12,  29788, 6.3e-5
    - 3 :   3, 10, 1105,    5,  8,     8,  2,     3,  7,     3, 12,  33492, 6.3e-5
    - 4 :   3, 10, 1106,    7,  6,     8,  2,     3,  8,     3, 12,  41289, 6.2e-5
    - 5 :   3, 10, 1097,    6,  7,    15,  1,     4,  6,     3, 12,  48290, 6.3e-5
    - 6 :   3, 10, 1088,    8,  5,    15,  1,     4,  6,     3, 12,  57697, 6.3e-5
    - 7 :   3, 10, 1118,    8,  5,    16,  1,     5,  5,     3, 12,  71627, 6.3e-5
    - 8 :   3, 10, 1075,    9,  5,    15,  1,     7,  4,     3, 12, 101777, 6.2e-5
    - 9 :   3, 10, 1076,   11,  4,    15,  1,     7,  4,     5,  8, 133620, 6.2e-5
    - 10:   3, 10, 1120,   11,  4,    16,  1,    10,  3,     5,  8, 191802, 6.3e-5
    - 11:   3, 10, 1066,   22,  2,    15,  1,    10,  3,     5,  8, 303411, 6.3e-5
    - 12:   3, 10, 1102,   22,  2,    16,  1,    16,  2,     5,  8, 487339, 6.3e-5
    # no solution starting from log norm2 = 13

  - 15: # bits
    -ln2:   k,  N,    n, br_l,br_b, ks_l,ks_b, cb_l,cb_b, pp_l,pp_b,  cost, p_error
    - 0 :   3, 10, 1109,    4,  9,    15,  1,     2,  9,     3, 12,  22022, 6.3e-5
    - 1 :   3, 10, 1082,    6,  7,     7,  2,     2, 10,     3, 12,  26421, 6.2e-5
    - 2 :   3, 10, 1105,    7,  6,     8,  2,     2, 10,     3, 12,  29788, 6.3e-5
    - 3 :   3, 10, 1105,    5,  8,     8,  2,     3,  7,     3, 12,  33492, 6.3e-5
    - 4 :   3, 10, 1106,    7,  6,     8,  2,     3,  8,     3, 12,  41289, 6.2e-5
    - 5 :   3, 10, 1097,    6,  7,    15,  1,     4,  6,     3, 12,  48290, 6.3e-5
    - 6 :   3, 10, 1088,    8,  5,    15,  1,     4,  6,     3, 12,  57697, 6.3e-5
    - 7 :   3, 10, 1118,    8,  5,    16,  1,     5,  5,     3, 12,  71627, 6.3e-5
    - 8 :   3, 10, 1075,    9,  5,    15,  1,     7,  4,     3, 12, 101777, 6.2e-5
    - 9 :   3, 10, 1076,   11,  4,    15,  1,     7,  4,     5,  8, 133620, 6.2e-5
    - 10:   3, 10, 1120,   11,  4,    16,  1,    10,  3,     5,  8, 191802, 6.3e-5
    - 11:   3, 10, 1066,   22,  2,    15,  1,    10,  3,     5,  8, 303411, 6.3e-5
    - 12:   3, 10, 1102,   22,  2,    16,  1,    16,  2,     5,  8, 487339, 6.3e-5
    # no solution starting from log norm2 = 13

  - 16: # bits
    -ln2:   k,  N,    n, br_l,br_b, ks_l,ks_b, cb_l,cb_b, pp_l,pp_b,  cost, p_error
    - 0 :   3, 10, 1099,    3, 12,     8,  2,     3,  6,     2, 15,  24854, 6.3e-5
    - 1 :   3, 10, 1086,    6,  7,     7,  2,     2, 10,     3, 12,  29605, 6.3e-5
    - 2 :   3, 10, 1123,    7,  6,     8,  2,     2, 10,     3, 12,  33690, 6.3e-5
    - 3 :   3, 10, 1122,    5,  8,     8,  2,     3,  7,     3, 12,  37910, 6.3e-5
    - 4 :   3, 10, 1097,    7,  6,    15,  1,     3,  8,     3, 12,  46750, 6.3e-5
    - 5 :   3, 10, 1075,    7,  6,     7,  2,     4,  6,     3, 12,  57808, 6.3e-5
    - 6 :   3, 10, 1108,    8,  5,    15,  1,     4,  6,     3, 12,  65558, 6.3e-5
    - 7 :   3, 10, 1092,    9,  5,    15,  1,     5,  5,     3, 12,  85386, 6.3e-5
    - 8 :   3, 10, 1083,    9,  5,    15,  1,     7,  4,     3, 12, 114880, 6.3e-5
    - 9 :   3, 10, 1085,   11,  4,    15,  1,     7,  4,     5,  8, 150869, 6.3e-5
    - 10:   3, 10, 1061,   14,  3,    15,  1,    10,  3,     5,  8, 243404, 6.3e-5
    - 11:   3, 10, 1071,   22,  2,    15,  1,    10,  3,     5,  8, 341978, 6.3e-5
    - 12:   3, 10, 1088,   44,  1,    15,  1,    15,  2,     5,  8, 906186, 6.2e-5
    # no solution starting from log norm2 = 13
