security level: 96
target p_error: 6.3e-5
per precision and log norm2:

  - 1: # bits
    -ln2:   k,  N,    n, br_l,br_b, ks_l,ks_b, cb_l,cb_b, pp_l,pp_b,  cost, p_error
    - 0 :   1, 10,  450,    4,  6,     4,  3,     1,  8,     2, 11,     66, 5.6e-5
    - 1 :   2, 10,  472,    2, 15,     4,  3,     1,  9,     1, 23,     85, 6.2e-5
    - 2 :   2, 10,  452,    2, 15,     3,  3,     1, 11,     2, 15,    105, 6.2e-5
    - 3 :   2, 10,  450,    3, 12,     3,  3,     1, 13,     2, 15,    123, 1.1e-5
    - 4 :   2, 10,  457,    3, 12,     4,  3,     1, 13,     2, 15,    126, 6.0e-5
    - 5 :   2, 10,  457,    4,  9,     3,  3,     1, 14,     3, 12,    167, 6.1e-5
    - 6 :   2, 10,  450,    5,  8,     5,  2,     1, 15,     3, 12,    187, 4.9e-5
    - 7 :   2, 10,  467,    7,  6,     6,  2,     1, 15,     3, 12,    232, 6.3e-5
    - 8 :   2, 10,  473,    3, 12,     6,  2,     2,  8,     2, 15,    254, 6.2e-5
    - 9 :   2, 10,  450,    4,  9,     3,  3,     2,  9,     3, 12,    326, 4.1e-5
    - 10:   2, 10,  450,    5,  8,     3,  3,     2, 10,     3, 12,    363, 5.5e-5
    - 11:   2, 10,  450,    6,  7,     4,  3,     2, 10,     3, 12,    401, 4.2e-5
    - 12:   2, 10,  480,    8,  5,     6,  2,     2, 10,     3, 12,    501, 6.3e-5
    - 13:   2, 10,  450,    6,  7,     4,  3,     3,  8,     3, 12,    599, 5.1e-5
    - 14:   2, 10,  450,    7,  6,     5,  2,     3,  8,     3, 12,    656, 5.6e-5
    - 15:   2, 10,  450,    6,  7,    12,  1,     4,  6,     3, 12,    810, 6.3e-5
    - 16:   2, 10,  450,    7,  6,     4,  3,     5,  5,     3, 12,   1086, 2.4e-5
    - 17:   2, 10,  450,    8,  5,     6,  2,     6,  5,     3, 12,   1416, 5.7e-5
    - 18:   2, 10,  450,    9,  5,     6,  2,     7,  4,     3, 12,   1780, 4.4e-5
    - 19:   2, 10,  450,   11,  4,     5,  2,     7,  4,     5,  8,   2373, 3.8e-5
    - 20:   2, 10,  450,   15,  3,    11,  1,     8,  4,     5,  8,   3312, 6.0e-5
    - 21:   2, 10,  450,   22,  2,     5,  2,    10,  3,     5,  8,   5416, 1.3e-5
    - 22:   2, 10,  450,   22,  2,     6,  2,    16,  2,     5,  8,   8663, 6.1e-5
    # no solution starting from log norm2 = 23

  - 2: # bits
    -ln2:   k,  N,    n, br_l,br_b, ks_l,ks_b, cb_l,cb_b, pp_l,pp_b,  cost, p_error
    - 0 :   2, 10,  477,    2, 15,     6,  2,     1, 11,     2, 15,    282, 6.1e-5
    - 1 :   2, 10,  453,    3, 12,     6,  2,     1, 13,     2, 15,    328, 5.3e-5
    - 2 :   2, 10,  471,    4,  9,     6,  2,     1, 13,     2, 15,    395, 6.2e-5
    - 3 :   2, 10,  502,    4,  9,     7,  2,     1, 14,     3, 12,    467, 6.3e-5
    - 4 :   2, 10,  471,    6,  7,     6,  2,     1, 15,     3, 12,    559, 6.3e-5
    - 5 :   2, 10,  457,    3, 12,     6,  2,     2,  8,     2, 15,    569, 6.3e-5
    - 6 :   2, 10,  484,    4,  9,     6,  2,     2,  9,     2, 15,    690, 6.3e-5
    - 7 :   2, 10,  464,    4,  9,     6,  2,     2,  9,     3, 12,    766, 6.2e-5
    - 8 :   2, 10,  470,    5,  8,     6,  2,     2, 10,     3, 12,    868, 5.8e-5
    - 9 :   2, 10,  463,    7,  6,     6,  2,     2, 10,     3, 12,   1049, 5.9e-5
    - 10:   2, 10,  462,    5,  8,     6,  2,     3,  7,     3, 12,   1222, 5.6e-5
    - 11:   2, 10,  454,    7,  6,     6,  2,     3,  8,     3, 12,   1469, 5.9e-5
    - 12:   2, 10,  450,    6,  7,    11,  1,     4,  6,     3, 12,   1743, 4.6e-5
    - 13:   2, 10,  478,    7,  6,    12,  1,     4,  6,     3, 12,   1996, 6.1e-5
    - 14:   2, 10,  461,    8,  5,    12,  1,     5,  5,     3, 12,   2592, 5.7e-5
    - 15:   2, 10,  450,    8,  5,    12,  1,     7,  4,     3, 12,   3485, 6.0e-5
    - 16:   2, 10,  450,   11,  4,    11,  1,     7,  4,     5,  8,   4984, 2.0e-5
    - 17:   2, 10,  479,   14,  3,    13,  1,     7,  4,     5,  8,   6089, 6.1e-5
    - 18:   2, 10,  476,   14,  3,    12,  1,    10,  3,     5,  8,   8511, 6.3e-5
    - 19:   2, 10,  463,   22,  2,    12,  1,    15,  2,     5,  8,  17064, 6.1e-5
    - 20:   2, 10,  481,   45,  1,    13,  1,    16,  2,     6,  7,  34473, 6.3e-5
    # no solution starting from log norm2 = 21

  - 3: # bits
    -ln2:   k,  N,    n, br_l,br_b, ks_l,ks_b, cb_l,cb_b, pp_l,pp_b,  cost, p_error
    - 0 :   2, 10,  487,    4,  9,     6,  2,     1, 14,     3, 12,    728, 5.3e-5
    - 1 :   2, 10,  544,    2, 15,     7,  2,     2,  7,     2, 15,    831, 6.3e-5
    - 2 :   2, 10,  481,    3, 12,     6,  2,     2,  8,     2, 15,    920, 5.1e-5
    - 3 :   2, 10,  509,    3, 12,     7,  2,     2,  8,     2, 15,    963, 6.0e-5
    - 4 :   2, 10,  483,    4,  9,     6,  2,     2,  9,     3, 12,   1225, 5.0e-5
    - 5 :   2, 10,  526,    3, 12,     7,  2,     3,  6,     2, 15,   1375, 6.2e-5
    - 6 :   2, 10,  490,    6,  7,     6,  2,     2, 10,     3, 12,   1558, 6.0e-5
    - 7 :   2, 10,  521,    4,  9,     7,  2,     3,  7,     3, 12,   1817, 6.3e-5
    - 8 :   2, 10,  492,    6,  7,     6,  2,     3,  8,     3, 12,   2190, 5.5e-5
    - 9 :   2, 10,  491,    7,  6,    13,  1,     3,  8,     3, 12,   2449, 6.0e-5
    - 10:   2, 10,  501,    6,  7,    13,  1,     4,  6,     3, 12,   2895, 6.0e-5
    - 11:   2, 10,  479,    7,  6,    12,  1,     5,  5,     3, 12,   3750, 5.8e-5
    - 12:   2, 10,  494,    8,  5,    13,  1,     6,  5,     3, 12,   4935, 6.0e-5
    - 13:   2, 10,  515,    8,  5,    14,  1,     7,  4,     3, 12,   5869, 6.2e-5
    - 14:   2, 10,  488,   11,  4,    13,  1,     7,  4,     5,  8,   8024, 6.3e-5
    - 15:   2, 10,  498,   11,  4,    13,  1,    10,  3,     5,  8,  11386, 6.3e-5
    - 16:   2, 10,  483,   22,  2,    13,  1,    10,  3,     5,  8,  18125, 6.3e-5
    - 17:   2, 10,  496,   22,  2,    13,  1,    16,  2,     5,  8,  29023, 6.0e-5
    # no solution starting from log norm2 = 18

  - 4: # bits
    -ln2:   k,  N,    n, br_l,br_b, ks_l,ks_b, cb_l,cb_b, pp_l,pp_b,  cost, p_error
    - 0 :   2, 10,  513,    4,  9,     6,  2,     1, 14,     3, 12,   1411, 6.3e-5
    - 1 :   2, 10,  498,    6,  7,     6,  2,     1, 15,     3, 12,   1750, 5.9e-5
    - 2 :   2, 10,  487,    3, 12,     6,  2,     2,  8,     2, 15,   1781, 6.1e-5
    - 3 :   2, 10,  504,    4,  9,     6,  2,     2,  9,     2, 15,   2133, 6.2e-5
    - 4 :   2, 10,  493,    4,  9,     6,  2,     2,  9,     3, 12,   2387, 5.7e-5
    - 5 :   2, 10,  497,    5,  8,     6,  2,     2, 10,     3, 12,   2705, 6.3e-5
    - 6 :   2, 10,  492,    7,  6,     6,  2,     2, 10,     3, 12,   3292, 5.6e-5
    - 7 :   2, 10,  491,    5,  8,     6,  2,     3,  7,     3, 12,   3815, 5.7e-5
    - 8 :   2, 10,  485,    7,  6,     6,  2,     3,  8,     3, 12,   4620, 5.9e-5
    - 9 :   2, 10,  510,    8,  5,     7,  2,     3,  8,     3, 12,   5242, 6.1e-5
    - 10:   2, 10,  493,    7,  6,    13,  1,     4,  6,     3, 12,   6133, 6.2e-5
    - 11:   2, 10,  504,    7,  6,    13,  1,     5,  5,     3, 12,   7630, 6.3e-5
    - 12:   2, 10,  499,    7,  6,    13,  1,     7,  4,     3, 12,  10355, 6.3e-5
    - 13:   2, 10,  503,   11,  4,    13,  1,     7,  4,     3, 12,  14127, 6.1e-5
    - 14:   2, 10,  494,   14,  3,    13,  1,     7,  4,     5,  8,  18681, 6.1e-5
    - 15:   2, 10,  494,   14,  3,    13,  1,    10,  3,     5,  8,  26238, 5.8e-5
    - 16:   2, 10,  526,   22,  2,    14,  1,    11,  3,     5,  8,  42027, 6.3e-5
    - 17:   2, 10,  510,   44,  1,    14,  1,    16,  2,     5,  8, 104454, 6.3e-5
    # no solution starting from log norm2 = 18

  - 5: # bits
    -ln2:   k,  N,    n, br_l,br_b, ks_l,ks_b, cb_l,cb_b, pp_l,pp_b,  cost, p_error
    - 0 :   2, 10,  513,    4,  9,     6,  2,     1, 14,     3, 12,   1411, 6.3e-5
    - 1 :   2, 10,  498,    6,  7,     6,  2,     1, 15,     3, 12,   1750, 5.9e-5
    - 2 :   2, 10,  487,    3, 12,     6,  2,     2,  8,     2, 15,   1781, 6.1e-5
    - 3 :   2, 10,  504,    4,  9,     6,  2,     2,  9,     2, 15,   2133, 6.2e-5
    - 4 :   2, 10,  493,    4,  9,     6,  2,     2,  9,     3, 12,   2387, 5.7e-5
    - 5 :   2, 10,  497,    5,  8,     6,  2,     2, 10,     3, 12,   2705, 6.3e-5
    - 6 :   2, 10,  492,    7,  6,     6,  2,     2, 10,     3, 12,   3292, 5.6e-5
    - 7 :   2, 10,  491,    5,  8,     6,  2,     3,  7,     3, 12,   3815, 5.7e-5
    - 8 :   2, 10,  485,    7,  6,     6,  2,     3,  8,     3, 12,   4620, 5.9e-5
    - 9 :   2, 10,  510,    8,  5,     7,  2,     3,  8,     3, 12,   5242, 6.1e-5
    - 10:   2, 10,  493,    7,  6,    13,  1,     4,  6,     3, 12,   6133, 6.2e-5
    - 11:   2, 10,  504,    7,  6,    13,  1,     5,  5,     3, 12,   7630, 6.3e-5
    - 12:   2, 10,  499,    7,  6,    13,  1,     7,  4,     3, 12,  10355, 6.3e-5
    - 13:   2, 10,  503,   11,  4,    13,  1,     7,  4,     3, 12,  14127, 6.1e-5
    - 14:   2, 10,  494,   14,  3,    13,  1,     7,  4,     5,  8,  18681, 6.1e-5
    - 15:   2, 10,  494,   14,  3,    13,  1,    10,  3,     5,  8,  26238, 5.8e-5
    - 16:   2, 10,  526,   22,  2,    14,  1,    11,  3,     5,  8,  42027, 6.3e-5
    - 17:   2, 10,  510,   44,  1,    14,  1,    16,  2,     5,  8, 104454, 6.3e-5
    # no solution starting from log norm2 = 18

  - 6: # bits
    -ln2:   k,  N,    n, br_l,br_b, ks_l,ks_b, cb_l,cb_b, pp_l,pp_b,  cost, p_error
    - 0 :   2, 10,  526,    4,  9,     7,  2,     1, 14,     3, 12,   1742, 6.3e-5
    - 1 :   2, 10,  479,    3, 12,     6,  2,     2,  8,     2, 15,   2092, 4.7e-5
    - 2 :   2, 10,  490,    3, 12,     6,  2,     2,  8,     2, 15,   2124, 5.8e-5
    - 3 :   2, 10,  510,    4,  9,     7,  2,     2,  9,     2, 15,   2574, 6.2e-5
    - 4 :   2, 10,  498,    4,  9,     6,  2,     2,  9,     3, 12,   2852, 5.9e-5
    - 5 :   2, 10,  502,    5,  8,     7,  2,     2, 10,     3, 12,   3251, 6.0e-5
    - 6 :   2, 10,  496,    7,  6,     6,  2,     2, 10,     3, 12,   3943, 6.1e-5
    - 7 :   2, 10,  495,    5,  8,     6,  2,     3,  7,     3, 12,   4534, 5.9e-5
    - 8 :   2, 10,  487,    7,  6,     6,  2,     3,  8,     3, 12,   5484, 6.1e-5
    - 9 :   2, 10,  481,    6,  7,    12,  1,     4,  6,     3, 12,   6463, 5.8e-5
    - 10:   2, 10,  506,    7,  6,    13,  1,     4,  6,     3, 12,   7372, 6.1e-5
    - 11:   2, 10,  491,    8,  5,    13,  1,     5,  5,     3, 12,   9602, 5.9e-5
    - 12:   2, 10,  529,    7,  6,    14,  1,     7,  4,     3, 12,  12693, 6.3e-5
    - 13:   2, 10,  534,   11,  4,    15,  1,     7,  4,     3, 12,  17438, 6.3e-5
    - 14:   2, 10,  507,   14,  3,    14,  1,     7,  4,     5,  8,  22381, 6.2e-5
    - 15:   2, 10,  507,   14,  3,    14,  1,    10,  3,     5,  8,  31362, 6.1e-5
    - 16:   2, 10,  493,   22,  2,    13,  1,    15,  2,     5,  8,  63020, 6.3e-5
    - 17:   2, 10,  512,   45,  1,    14,  1,    16,  2,     6,  7, 127885, 6.2e-5
    # no solution starting from log norm2 = 18

  - 7: # bits
    -ln2:   k,  N,    n, br_l,br_b, ks_l,ks_b, cb_l,cb_b, pp_l,pp_b,  cost, p_error
    - 0 :   2, 10,  499,    2, 15,     6,  2,     2,  7,     2, 15,   2062, 6.1e-5
    - 1 :   2, 10,  479,    3, 12,     6,  2,     2,  8,     2, 15,   2422, 5.4e-5
    - 2 :   2, 10,  493,    3, 12,     6,  2,     2,  8,     2, 15,   2471, 6.1e-5
    - 3 :   2, 10,  528,    4,  9,     7,  2,     2,  9,     2, 15,   3063, 6.2e-5
    - 4 :   2, 10,  501,    4,  9,     7,  2,     2,  9,     3, 12,   3330, 6.2e-5
    - 5 :   2, 10,  512,    5,  8,     7,  2,     2, 10,     3, 12,   3819, 6.0e-5
    - 6 :   2, 10,  499,    7,  6,     7,  2,     2, 10,     3, 12,   4611, 6.2e-5
    - 7 :   2, 10,  500,    5,  8,     6,  2,     3,  7,     3, 12,   5267, 6.2e-5
    - 8 :   2, 10,  490,    7,  6,     6,  2,     3,  8,     3, 12,   6362, 5.5e-5
    - 9 :   2, 10,  484,    6,  7,    12,  1,     4,  6,     3, 12,   7476, 6.0e-5
    - 10:   2, 10,  492,    8,  5,    13,  1,     4,  6,     3, 12,   9070, 6.0e-5
    - 11:   2, 10,  499,    8,  5,    13,  1,     5,  5,     3, 12,  11182, 5.9e-5
    - 12:   2, 10,  485,    8,  5,    13,  1,     7,  4,     3, 12,  14901, 6.3e-5
    - 13:   2, 10,  479,   11,  4,    13,  1,     7,  4,     5,  8,  21052, 5.3e-5
    - 14:   2, 10,  506,   15,  3,    14,  1,     7,  4,     5,  8,  26939, 6.1e-5
    - 15:   2, 10,  498,   15,  3,    13,  1,    10,  3,     5,  8,  37227, 6.3e-5
    - 16:   2, 10,  503,   22,  2,    14,  1,    15,  2,     5,  8,  73408, 6.2e-5
    - 17:   2, 10,  501,   44,  1,    13,  1,    32,  1,     5,  8, 271177, 6.1e-5
    # no solution starting from log norm2 = 18

  - 8: # bits
    -ln2:   k,  N,    n, br_l,br_b, ks_l,ks_b, cb_l,cb_b, pp_l,pp_b,  cost, p_error
    - 0 :   2, 10,  506,    2, 15,     6,  2,     2,  7,     2, 15,   2361, 6.0e-5
    - 1 :   2, 10,  479,    3, 12,     6,  2,     2,  8,     2, 15,   2753, 6.1e-5
    - 2 :   2, 10,  497,    3, 12,     6,  2,     2,  8,     2, 15,   2824, 5.9e-5
    - 3 :   2, 10,  481,    4,  9,     6,  2,     2,  9,     3, 12,   3667, 5.0e-5
    - 4 :   2, 10,  508,    4,  9,     7,  2,     2,  9,     3, 12,   3818, 6.3e-5
    - 5 :   2, 10,  523,    5,  8,    14,  1,     2, 10,     3, 12,   4536, 6.2e-5
    - 6 :   2, 10,  505,    7,  6,     7,  2,     2, 10,     3, 12,   5294, 6.1e-5
    - 7 :   2, 10,  503,    5,  8,     7,  2,     3,  7,     3, 12,   6012, 6.1e-5
    - 8 :   2, 10,  492,    7,  6,     6,  2,     3,  8,     3, 12,   7238, 6.2e-5
    - 9 :   2, 10,  486,    6,  7,    13,  1,     4,  6,     3, 12,   8502, 5.6e-5
    - 10:   2, 10,  499,    8,  5,    13,  1,     4,  6,     3, 12,  10379, 6.2e-5
    - 11:   2, 10,  511,    8,  5,    14,  1,     5,  5,     3, 12,  12891, 6.1e-5
    - 12:   2, 10,  490,    8,  5,    13,  1,     7,  4,     3, 12,  16956, 5.7e-5
    - 13:   2, 10,  481,   11,  4,    13,  1,     7,  4,     5,  8,  23838, 5.4e-5
    - 14:   2, 10,  497,   14,  3,    13,  1,     8,  4,     5,  8,  32393, 6.3e-5
    - 15:   2, 10,  512,   15,  3,    14,  1,    10,  3,     5,  8,  42896, 6.3e-5
    - 16:   2, 10,  484,   22,  2,    13,  1,    16,  2,     5,  8,  85383, 5.8e-5
    - 17:   2, 10,  504,   44,  1,    14,  1,    32,  1,     6,  7, 313976, 6.2e-5
    # no solution starting from log norm2 = 18

  - 9: # bits
    -ln2:   k,  N,    n, br_l,br_b, ks_l,ks_b, cb_l,cb_b, pp_l,pp_b,  cost, p_error
    - 0 :   2, 10,  525,    4,  9,     7,  2,     2,  9,     2, 15,   3890, 6.0e-5
    - 1 :   2, 10,  522,    4,  9,     7,  2,     2,  9,     3, 12,   4353, 5.7e-5
    - 2 :   2, 10,  524,    5,  8,     7,  2,     2, 10,     3, 12,   4945, 5.6e-5
    - 3 :   2, 10,  532,    6,  7,     7,  2,     2, 10,     3, 12,   5587, 6.2e-5
    - 4 :   2, 10,  521,    5,  8,     7,  2,     3,  7,     3, 12,   6883, 5.9e-5
    - 5 :   2, 10,  535,    6,  7,     7,  2,     3,  8,     3, 12,   7821, 6.3e-5
    - 6 :   2, 10,  550,    7,  6,    15,  1,     3,  8,     3, 12,   8987, 6.2e-5
    - 7 :   2, 10,  526,    7,  6,     7,  2,     4,  6,     3, 12,  10926, 5.9e-5
    - 8 :   2, 10,  520,    7,  6,    14,  1,     5,  5,     3, 12,  13359, 5.7e-5
    - 9 :   2, 10,  519,    7,  6,    14,  1,     7,  4,     3, 12,  18099, 5.8e-5
    - 10:   2, 10,  547,    9,  5,    15,  1,     7,  4,     3, 12,  22279, 6.3e-5
    - 11:   2, 10,  541,   11,  4,    15,  1,     7,  4,     5,  8,  28870, 6.1e-5
    - 12:   2, 10,  517,   14,  3,    14,  1,    10,  3,     5,  8,  45853, 6.2e-5
    - 13:   2, 10,  529,   22,  2,    14,  1,    10,  3,     5,  8,  65211, 6.2e-5
    - 14:   2, 10,  529,   43,  1,    14,  1,    16,  2,     5,  8, 178180, 6.0e-5
    # no solution starting from log norm2 = 15

  - 10: # bits
    -ln2:   k,  N,    n, br_l,br_b, ks_l,ks_b, cb_l,cb_b, pp_l,pp_b,  cost, p_error
    - 0 :   2, 10,  527,    4,  9,     7,  2,     2,  9,     2, 15,   4322, 5.7e-5
    - 1 :   2, 10,  523,    4,  9,     7,  2,     2,  9,     3, 12,   4825, 5.8e-5
    - 2 :   2, 10,  525,    5,  8,     7,  2,     2, 10,     3, 12,   5484, 6.0e-5
    - 3 :   2, 10,  536,    6,  7,     7,  2,     2, 10,     3, 12,   6225, 6.0e-5
    - 4 :   2, 10,  522,    5,  8,     7,  2,     3,  7,     3, 12,   7618, 5.8e-5
    - 5 :   2, 10,  540,    6,  7,     7,  2,     3,  8,     3, 12,   8707, 6.2e-5
    - 6 :   2, 10,  551,    5,  8,     7,  2,     4,  6,     3, 12,  10141, 6.2e-5
    - 7 :   2, 10,  528,    7,  6,     7,  2,     4,  6,     3, 12,  12103, 5.8e-5
    - 8 :   2, 10,  522,    7,  6,    14,  1,     5,  5,     3, 12,  14787, 6.0e-5
    - 9 :   2, 10,  521,    7,  6,    14,  1,     7,  4,     3, 12,  20014, 6.0e-5
    - 10:   2, 10,  554,    7,  6,    15,  1,     9,  3,     3, 12,  26434, 6.3e-5
    - 11:   2, 10,  561,   11,  4,    16,  1,     7,  4,     5,  8,  32694, 6.3e-5
    - 12:   2, 10,  519,   14,  3,    14,  1,    10,  3,     5,  8,  50677, 6.1e-5
    - 13:   2, 10,  534,   22,  2,    15,  1,    10,  3,     5,  8,  72458, 6.3e-5
    - 14:   2, 10,  534,   43,  1,    14,  1,    16,  2,     5,  8, 197938, 6.3e-5
    # no solution starting from log norm2 = 15

  - 11: # bits
    -ln2:   k,  N,    n, br_l,br_b, ks_l,ks_b, cb_l,cb_b, pp_l,pp_b,  cost, p_error
    - 0 :   2, 10,  528,    4,  9,     7,  2,     2,  9,     2, 15,   4750, 6.2e-5
    - 1 :   2, 10,  524,    4,  9,     7,  2,     2,  9,     3, 12,   5299, 5.8e-5
    - 2 :   2, 10,  527,    5,  8,     7,  2,     2, 10,     3, 12,   6033, 5.6e-5
    - 3 :   2, 10,  540,    6,  7,     7,  2,     2, 10,     3, 12,   6870, 6.1e-5
    - 4 :   2, 10,  523,    5,  8,     7,  2,     3,  7,     3, 12,   8356, 5.8e-5
    - 5 :   2, 10,  547,    6,  7,     7,  2,     3,  8,     3, 12,   9629, 6.1e-5
    - 6 :   2, 10,  550,    5,  8,    15,  1,     4,  6,     3, 12,  11292, 6.3e-5
    - 7 :   2, 10,  530,    7,  6,     7,  2,     4,  6,     3, 12,  13286, 5.8e-5
    - 8 :   2, 10,  525,    7,  6,    14,  1,     5,  5,     3, 12,  16244, 5.8e-5
    - 9 :   2, 10,  523,    7,  6,    14,  1,     7,  4,     3, 12,  21940, 6.3e-5
    - 10:   2, 10,  527,   11,  4,    14,  1,     6,  5,     5,  8,  29637, 6.3e-5
    - 11:   2, 10,  521,   14,  3,    14,  1,     7,  4,     5,  8,  39825, 6.0e-5
    - 12:   2, 10,  521,   14,  3,    14,  1,    10,  3,     5,  8,  55528, 6.1e-5
    - 13:   2, 10,  542,   22,  2,    15,  1,    10,  3,     5,  8,  80152, 6.2e-5
    - 14:   2, 10,  527,   44,  1,    14,  1,    16,  2,     5,  8, 218008, 6.0e-5
    # no solution starting from log norm2 = 15

  - 12: # bits
    -ln2:   k,  N,    n, br_l,br_b, ks_l,ks_b, cb_l,cb_b, pp_l,pp_b,  cost, p_error
    - 0 :   2, 10,  535,    4,  9,     7,  2,     2,  9,     2, 15,   5972, 5.8e-5
    - 1 :   2, 10,  528,    4,  9,     7,  2,     2,  9,     3, 12,   6633, 5.6e-5
    - 2 :   2, 10,  532,    5,  8,     7,  2,     2, 10,     3, 12,   7562, 5.8e-5
    - 3 :   2, 10,  567,    6,  7,     8,  2,     2, 10,     3, 12,   8903, 6.3e-5
    - 4 :   2, 10,  526,    5,  8,     7,  2,     3,  7,     3, 12,  10456, 5.9e-5
    - 5 :   2, 10,  522,    7,  6,     7,  2,     3,  8,     3, 12,  12800, 5.8e-5
    - 6 :   2, 10,  544,    8,  5,     7,  2,     3,  8,     3, 12,  14451, 6.1e-5
    - 7 :   2, 10,  537,    7,  6,     7,  2,     4,  6,     3, 12,  16729, 6.2e-5
    - 8 :   2, 10,  536,    7,  6,    14,  1,     5,  5,     3, 12,  20577, 6.2e-5
    - 9 :   2, 10,  533,    7,  6,    15,  1,     7,  4,     3, 12,  27797, 6.2e-5
    - 10:   2, 10,  543,   11,  4,    15,  1,     6,  5,     5,  8,  37812, 6.3e-5
    - 11:   2, 10,  528,   14,  3,    15,  1,     7,  4,     5,  8,  50236, 6.3e-5
    - 12:   2, 10,  529,   14,  3,    14,  1,    10,  3,     5,  8,  70123, 6.1e-5
    - 13:   2, 10,  550,   22,  2,    15,  1,    11,  3,     5,  8, 110793, 6.3e-5
    - 14:   2, 10,  541,   44,  1,    15,  1,    16,  2,     5,  8, 278773, 6.2e-5
    # no solution starting from log norm2 = 15

  - 13: # bits
    -ln2:   k,  N,    n, br_l,br_b, ks_l,ks_b, cb_l,cb_b, pp_l,pp_b,  cost, p_error
    - 0 :   2, 10,  537,    4,  9,     7,  2,     2,  9,     2, 15,   6418, 6.1e-5
    - 1 :   2, 10,  529,    4,  9,     7,  2,     2,  9,     3, 12,   7114, 5.9e-5
    - 2 :   2, 10,  534,    5,  8,     7,  2,     2, 10,     3, 12,   8123, 5.9e-5
    - 3 :   2, 10,  526,    4,  9,     7,  2,     3,  7,     3, 12,   9895, 5.6e-5
    - 4 :   2, 10,  527,    5,  8,     7,  2,     3,  7,     3, 12,  11204, 6.1e-5
    - 5 :   2, 10,  523,    7,  6,     7,  2,     3,  8,     3, 12,  13719, 5.5e-5
    - 6 :   2, 10,  539,    8,  5,    14,  1,     3,  8,     3, 12,  15596, 6.2e-5
    - 7 :   2, 10,  540,    7,  6,     7,  2,     4,  6,     3, 12,  17967, 6.3e-5
    - 8 :   2, 10,  542,    7,  6,    14,  1,     5,  5,     3, 12,  22180, 6.3e-5
    - 9 :   2, 10,  538,    7,  6,    15,  1,     7,  4,     3, 12,  29902, 6.2e-5
    - 10:   2, 10,  538,   11,  4,    15,  1,     7,  4,     3, 12,  40847, 6.2e-5
    - 11:   2, 10,  532,   14,  3,    14,  1,     7,  4,     5,  8,  53946, 6.1e-5
    - 12:   2, 10,  532,   14,  3,    15,  1,    10,  3,     5,  8,  75239, 6.2e-5
    - 13:   2, 10,  555,   22,  2,    15,  1,    11,  3,     6,  7, 123433, 6.3e-5
    - 14:   2, 10,  539,   44,  1,    15,  1,    16,  2,     6,  7, 302795, 6.2e-5
    # no solution starting from log norm2 = 15

  - 14: # bits
    -ln2:   k,  N,    n, br_l,br_b, ks_l,ks_b, cb_l,cb_b, pp_l,pp_b,  cost, p_error
    - 0 :   2, 10,  537,    4,  9,     7,  2,     2,  9,     2, 15,   6418, 6.1e-5
    - 1 :   2, 10,  529,    4,  9,     7,  2,     2,  9,     3, 12,   7114, 5.9e-5
    - 2 :   2, 10,  534,    5,  8,     7,  2,     2, 10,     3, 12,   8123, 5.9e-5
    - 3 :   2, 10,  526,    4,  9,     7,  2,     3,  7,     3, 12,   9895, 5.6e-5
    - 4 :   2, 10,  527,    5,  8,     7,  2,     3,  7,     3, 12,  11204, 6.1e-5
    - 5 :   2, 10,  523,    7,  6,     7,  2,     3,  8,     3, 12,  13719, 5.5e-5
    - 6 :   2, 10,  539,    8,  5,    14,  1,     3,  8,     3, 12,  15596, 6.2e-5
    - 7 :   2, 10,  540,    7,  6,     7,  2,     4,  6,     3, 12,  17967, 6.3e-5
    - 8 :   2, 10,  542,    7,  6,    14,  1,     5,  5,     3, 12,  22180, 6.3e-5
    - 9 :   2, 10,  538,    7,  6,    15,  1,     7,  4,     3, 12,  29902, 6.2e-5
    - 10:   2, 10,  538,   11,  4,    15,  1,     7,  4,     3, 12,  40847, 6.2e-5
    - 11:   2, 10,  532,   14,  3,    14,  1,     7,  4,     5,  8,  53946, 6.1e-5
    - 12:   2, 10,  532,   14,  3,    15,  1,    10,  3,     5,  8,  75239, 6.2e-5
    - 13:   2, 10,  555,   22,  2,    15,  1,    11,  3,     6,  7, 123433, 6.3e-5
    - 14:   2, 10,  539,   44,  1,    15,  1,    16,  2,     6,  7, 302795, 6.2e-5
    # no solution starting from log norm2 = 15

  - 15: # bits
    -ln2:   k,  N,    n, br_l,br_b, ks_l,ks_b, cb_l,cb_b, pp_l,pp_b,  cost, p_error
    - 0 :   2, 10,  537,    4,  9,     7,  2,     2,  9,     2, 15,   6418, 6.1e-5
    - 1 :   2, 10,  529,    4,  9,     7,  2,     2,  9,     3, 12,   7114, 5.9e-5
    - 2 :   2, 10,  534,    5,  8,     7,  2,     2, 10,     3, 12,   8123, 5.9e-5
    - 3 :   2, 10,  526,    4,  9,     7,  2,     3,  7,     3, 12,   9895, 5.6e-5
    - 4 :   2, 10,  527,    5,  8,     7,  2,     3,  7,     3, 12,  11204, 6.1e-5
    - 5 :   2, 10,  523,    7,  6,     7,  2,     3,  8,     3, 12,  13719, 5.5e-5
    - 6 :   2, 10,  539,    8,  5,    14,  1,     3,  8,     3, 12,  15596, 6.2e-5
    - 7 :   2, 10,  540,    7,  6,     7,  2,     4,  6,     3, 12,  17967, 6.3e-5
    - 8 :   2, 10,  542,    7,  6,    14,  1,     5,  5,     3, 12,  22180, 6.3e-5
    - 9 :   2, 10,  538,    7,  6,    15,  1,     7,  4,     3, 12,  29902, 6.2e-5
    - 10:   2, 10,  538,   11,  4,    15,  1,     7,  4,     3, 12,  40847, 6.2e-5
    - 11:   2, 10,  532,   14,  3,    14,  1,     7,  4,     5,  8,  53946, 6.1e-5
    - 12:   2, 10,  532,   14,  3,    15,  1,    10,  3,     5,  8,  75239, 6.2e-5
    - 13:   2, 10,  555,   22,  2,    15,  1,    11,  3,     6,  7, 123433, 6.3e-5
    - 14:   2, 10,  539,   44,  1,    15,  1,    16,  2,     6,  7, 302795, 6.2e-5
    # no solution starting from log norm2 = 15

  - 16: # bits
    -ln2:   k,  N,    n, br_l,br_b, ks_l,ks_b, cb_l,cb_b, pp_l,pp_b,  cost, p_error
    - 0 :   2, 10,  544,    4,  9,     7,  2,     2,  9,     2, 15,   7249, 6.0e-5
    - 1 :   2, 10,  532,    4,  9,     7,  2,     2,  9,     3, 12,   7992, 6.0e-5
    - 2 :   2, 10,  539,    5,  8,     7,  2,     2, 10,     3, 12,   9146, 6.1e-5
    - 3 :   2, 10,  528,    4,  9,     7,  2,     3,  7,     3, 12,  11121, 5.8e-5
    - 4 :   2, 10,  530,    5,  8,     7,  2,     3,  7,     3, 12,  12605, 5.8e-5
    - 5 :   2, 10,  524,    7,  6,     7,  2,     3,  8,     3, 12,  15387, 5.9e-5
    - 6 :   2, 10,  526,    6,  7,     7,  2,     4,  6,     3, 12,  17924, 6.1e-5
    - 7 :   2, 10,  539,    7,  6,    14,  1,     4,  6,     3, 12,  20383, 6.3e-5
    - 8 :   2, 10,  526,    8,  5,    14,  1,     5,  5,     3, 12,  26568, 6.3e-5
    - 9 :   2, 10,  559,    7,  6,    16,  1,     7,  4,     3, 12,  34577, 6.3e-5
    - 10:   2, 10,  554,   11,  4,    15,  1,     7,  4,     3, 12,  46944, 6.3e-5
    - 11:   2, 10,  540,   14,  3,    15,  1,     7,  4,     5,  8,  61277, 6.3e-5
    - 12:   2, 10,  542,   14,  3,    15,  1,    10,  3,     5,  8,  85704, 6.2e-5
    - 13:   2, 10,  529,   22,  2,    14,  1,    15,  2,     5,  8, 172971, 6.1e-5
    - 14:   2, 10,  547,   45,  1,    15,  1,    16,  2,     6,  7, 351397, 6.3e-5
    # no solution starting from log norm2 = 15
