security level: 112
target p_error: 6.3e-5
per precision and log norm2:

  - 1: # bits
    -ln2:   k,  N,    n, br_l,br_b, ks_l,ks_b, cb_l,cb_b, pp_l,pp_b,  cost, p_error
    - 0 :   2, 10,  515,    2, 15,     3,  3,     1,  9,     1, 23,     89, 5.6e-5
    - 1 :   2, 10,  548,    2, 15,     4,  3,     1,  9,     1, 23,     95, 6.3e-5
    - 2 :   2, 10,  492,    2, 15,     5,  2,     1, 11,     2, 15,    114, 5.8e-5
    - 3 :   2, 10,  484,    3, 12,     5,  2,     1, 13,     2, 15,    132, 5.1e-5
    - 4 :   2, 10,  517,    3, 12,     5,  2,     1, 13,     2, 15,    138, 6.2e-5
    - 5 :   2, 10,  495,    4,  9,     5,  2,     1, 14,     3, 12,    179, 5.9e-5
    - 6 :   2, 10,  526,    5,  8,     6,  2,     1, 15,     3, 12,    209, 6.1e-5
    - 7 :   2, 10,  486,    3, 12,     5,  2,     2,  8,     2, 15,    256, 5.3e-5
    - 8 :   2, 10,  575,    3, 12,     6,  2,     2,  8,     2, 15,    288, 6.3e-5
    - 9 :   2, 10,  488,    4,  9,     5,  2,     2,  9,     3, 12,    345, 6.3e-5
    - 10:   2, 10,  490,    5,  8,     5,  2,     2, 10,     3, 12,    386, 6.2e-5
    - 11:   2, 10,  502,    6,  7,     5,  2,     2, 10,     3, 12,    433, 5.7e-5
    - 12:   2, 10,  488,    5,  8,     5,  2,     3,  7,     3, 12,    573, 5.1e-5
    - 13:   2, 10,  505,    6,  7,     5,  2,     3,  8,     3, 12,    648, 5.8e-5
    - 14:   2, 10,  518,    7,  6,    11,  1,     3,  8,     3, 12,    735, 6.2e-5
    - 15:   2, 10,  484,    7,  6,    10,  1,     4,  6,     3, 12,    925, 5.4e-5
    - 16:   2, 10,  487,    7,  6,    10,  1,     5,  5,     3, 12,   1157, 5.9e-5
    - 17:   2, 10,  530,    8,  5,    12,  1,     6,  5,     3, 12,   1603, 6.3e-5
    - 18:   2, 10,  517,    9,  5,    12,  1,     7,  4,     3, 12,   1982, 6.2e-5
    - 19:   2, 10,  509,   11,  4,    11,  1,     7,  4,     5,  8,   2585, 6.1e-5
    - 20:   2, 10,  483,   14,  3,    11,  1,    10,  3,     5,  8,   4152, 5.7e-5
    - 21:   2, 10,  496,   22,  2,    11,  1,    10,  3,     5,  8,   5859, 6.1e-5
    - 22:   2, 10,  528,   22,  2,    12,  1,    16,  2,     6,  7,  10227, 6.3e-5
    # no solution starting from log norm2 = 23

  - 2: # bits
    -ln2:   k,  N,    n, br_l,br_b, ks_l,ks_b, cb_l,cb_b, pp_l,pp_b,  cost, p_error
    - 0 :   2, 10,  568,    2, 15,     6,  2,     1, 11,     2, 15,    317, 6.2e-5
    - 1 :   2, 10,  527,    3, 12,     6,  2,     1, 13,     2, 15,    366, 5.9e-5
    - 2 :   2, 10,  548,    4,  9,     6,  2,     1, 13,     2, 15,    444, 6.1e-5
    - 3 :   2, 10,  538,    2, 15,     6,  2,     2,  7,     2, 15,    525, 5.8e-5
    - 4 :   2, 10,  519,    3, 12,     6,  2,     2,  8,     2, 15,    620, 4.9e-5
    - 5 :   2, 10,  532,    3, 12,     6,  2,     2,  8,     2, 15,    630, 6.0e-5
    - 6 :   2, 10,  565,    4,  9,     6,  2,     2,  9,     2, 15,    773, 6.3e-5
    - 7 :   2, 10,  543,    4,  9,     6,  2,     2,  9,     3, 12,    847, 5.8e-5
    - 8 :   2, 10,  558,    5,  8,     6,  2,     2, 10,     3, 12,    977, 6.2e-5
    - 9 :   2, 10,  540,    7,  6,     6,  2,     2, 10,     3, 12,   1176, 6.1e-5
    - 10:   2, 10,  539,    5,  8,     6,  2,     3,  7,     3, 12,   1353, 5.8e-5
    - 11:   2, 10,  521,    7,  6,    11,  1,     3,  8,     3, 12,   1642, 5.5e-5
    - 12:   2, 10,  524,    6,  7,    11,  1,     4,  6,     3, 12,   1935, 6.3e-5
    - 13:   2, 10,  579,    7,  6,    13,  1,     4,  6,     3, 12,   2300, 6.3e-5
    - 14:   2, 10,  539,    8,  5,    12,  1,     5,  5,     3, 12,   2909, 6.0e-5
    - 15:   2, 10,  526,    8,  5,    12,  1,     7,  4,     3, 12,   3903, 6.1e-5
    - 16:   2, 10,  519,   11,  4,    11,  1,     7,  4,     5,  8,   5491, 6.2e-5
    - 17:   2, 10,  548,   15,  3,    12,  1,     7,  4,     5,  8,   7056, 6.2e-5
    - 18:   2, 10,  542,   15,  3,    12,  1,    10,  3,     5,  8,   9824, 6.1e-5
    - 19:   2, 10,  545,   22,  2,    12,  1,    15,  2,     5,  8,  19447, 6.1e-5
    - 20:   2, 10,  544,   44,  1,    12,  1,    32,  1,     5,  8,  72698, 6.3e-5
    # no solution starting from log norm2 = 21

  - 3: # bits
    -ln2:   k,  N,    n, br_l,br_b, ks_l,ks_b, cb_l,cb_b, pp_l,pp_b,  cost, p_error
    - 0 :   2, 10,  567,    4,  9,     6,  2,     1, 14,     3, 12,    813, 6.1e-5
    - 1 :   2, 10,  590,    5,  8,     6,  2,     1, 14,     3, 12,    958, 6.1e-5
    - 2 :   2, 10,  559,    3, 12,     6,  2,     2,  8,     2, 15,   1022, 5.4e-5
    - 3 :   2, 10,  596,    3, 12,     7,  2,     2,  8,     2, 15,   1078, 6.0e-5
    - 4 :   2, 10,  561,    4,  9,     6,  2,     2,  9,     3, 12,   1353, 6.2e-5
    - 5 :   2, 10,  564,    5,  8,     6,  2,     2, 10,     3, 12,   1543, 5.5e-5
    - 6 :   2, 10,  573,    6,  7,     6,  2,     2, 10,     3, 12,   1749, 5.7e-5
    - 7 :   2, 10,  561,    5,  8,     6,  2,     3,  7,     3, 12,   2153, 5.2e-5
    - 8 :   2, 10,  576,    6,  7,     6,  2,     3,  8,     3, 12,   2453, 6.3e-5
    - 9 :   2, 10,  580,    7,  6,    13,  1,     3,  8,     3, 12,   2775, 6.3e-5
    - 10:   2, 10,  609,    6,  7,    14,  1,     4,  6,     3, 12,   3339, 6.3e-5
    - 11:   2, 10,  557,    7,  6,    13,  1,     5,  5,     3, 12,   4191, 6.0e-5
    - 12:   2, 10,  585,    8,  5,    13,  1,     6,  5,     3, 12,   5604, 6.3e-5
    - 13:   2, 10,  578,    9,  5,    13,  1,     7,  4,     3, 12,   6940, 6.2e-5
    - 14:   2, 10,  575,   11,  4,    13,  1,     7,  4,     5,  8,   9005, 6.1e-5
    - 15:   2, 10,  614,   11,  4,    14,  1,    10,  3,     5,  8,  13205, 6.3e-5
    - 16:   2, 10,  566,   22,  2,    13,  1,    10,  3,     5,  8,  20620, 5.8e-5
    - 17:   2, 10,  595,   22,  2,    14,  1,    16,  2,     5,  8,  33671, 6.2e-5
    # no solution starting from log norm2 = 18

  - 4: # bits
    -ln2:   k,  N,    n, br_l,br_b, ks_l,ks_b, cb_l,cb_b, pp_l,pp_b,  cost, p_error
    - 0 :   2, 10,  601,    4,  9,     7,  2,     1, 14,     3, 12,   1593, 6.3e-5
    - 1 :   2, 10,  556,    3, 12,     6,  2,     2,  8,     2, 15,   1951, 5.0e-5
    - 2 :   2, 10,  567,    3, 12,     6,  2,     2,  8,     2, 15,   1978, 5.7e-5
    - 3 :   2, 10,  583,    4,  9,     7,  2,     2,  9,     2, 15,   2390, 6.3e-5
    - 4 :   2, 10,  575,    4,  9,     6,  2,     2,  9,     3, 12,   2640, 6.2e-5
    - 5 :   2, 10,  582,    5,  8,     7,  2,     2, 10,     3, 12,   3033, 6.3e-5
    - 6 :   2, 10,  573,    7,  6,     6,  2,     2, 10,     3, 12,   3691, 6.2e-5
    - 7 :   2, 10,  572,    5,  8,     6,  2,     3,  7,     3, 12,   4230, 6.2e-5
    - 8 :   2, 10,  566,    7,  6,     6,  2,     3,  8,     3, 12,   5174, 5.5e-5
    - 9 :   2, 10,  599,    8,  5,    14,  1,     3,  8,     3, 12,   6029, 6.2e-5
    - 10:   2, 10,  580,    7,  6,    13,  1,     4,  6,     3, 12,   6910, 6.2e-5
    - 11:   2, 10,  606,    7,  6,    14,  1,     5,  5,     3, 12,   8751, 6.2e-5
    - 12:   2, 10,  605,    7,  6,    14,  1,     7,  4,     3, 12,  11924, 6.3e-5
    - 13:   2, 10,  592,   11,  4,    14,  1,     7,  4,     3, 12,  16104, 6.2e-5
    - 14:   2, 10,  583,   14,  3,    13,  1,     7,  4,     5,  8,  21137, 6.3e-5
    - 15:   2, 10,  588,   14,  3,    14,  1,    10,  3,     5,  8,  29871, 6.1e-5
    - 16:   2, 10,  570,   22,  2,    13,  1,    15,  2,     5,  8,  60535, 5.9e-5
    - 17:   2, 10,  594,   45,  1,    14,  1,    16,  2,     6,  7, 124475, 6.2e-5
    # no solution starting from log norm2 = 18

  - 5: # bits
    -ln2:   k,  N,    n, br_l,br_b, ks_l,ks_b, cb_l,cb_b, pp_l,pp_b,  cost, p_error
    - 0 :   2, 10,  601,    4,  9,     7,  2,     1, 14,     3, 12,   1593, 6.3e-5
    - 1 :   2, 10,  556,    3, 12,     6,  2,     2,  8,     2, 15,   1951, 5.0e-5
    - 2 :   2, 10,  567,    3, 12,     6,  2,     2,  8,     2, 15,   1978, 5.7e-5
    - 3 :   2, 10,  583,    4,  9,     7,  2,     2,  9,     2, 15,   2390, 6.3e-5
    - 4 :   2, 10,  575,    4,  9,     6,  2,     2,  9,     3, 12,   2640, 6.2e-5
    - 5 :   2, 10,  582,    5,  8,     7,  2,     2, 10,     3, 12,   3033, 6.3e-5
    - 6 :   2, 10,  573,    7,  6,     6,  2,     2, 10,     3, 12,   3691, 6.2e-5
    - 7 :   2, 10,  572,    5,  8,     6,  2,     3,  7,     3, 12,   4230, 6.2e-5
    - 8 :   2, 10,  566,    7,  6,     6,  2,     3,  8,     3, 12,   5174, 5.5e-5
    - 9 :   2, 10,  599,    8,  5,    14,  1,     3,  8,     3, 12,   6029, 6.2e-5
    - 10:   2, 10,  580,    7,  6,    13,  1,     4,  6,     3, 12,   6910, 6.2e-5
    - 11:   2, 10,  606,    7,  6,    14,  1,     5,  5,     3, 12,   8751, 6.2e-5
    - 12:   2, 10,  605,    7,  6,    14,  1,     7,  4,     3, 12,  11924, 6.3e-5
    - 13:   2, 10,  592,   11,  4,    14,  1,     7,  4,     3, 12,  16104, 6.2e-5
    - 14:   2, 10,  583,   14,  3,    13,  1,     7,  4,     5,  8,  21137, 6.3e-5
    - 15:   2, 10,  588,   14,  3,    14,  1,    10,  3,     5,  8,  29871, 6.1e-5
    - 16:   2, 10,  570,   22,  2,    13,  1,    15,  2,     5,  8,  60535, 5.9e-5
    - 17:   2, 10,  594,   45,  1,    14,  1,    16,  2,     6,  7, 124475, 6.2e-5
    # no solution starting from log norm2 = 18

  - 6: # bits
    -ln2:   k,  N,    n, br_l,br_b, ks_l,ks_b, cb_l,cb_b, pp_l,pp_b,  cost, p_error
    - 0 :   2, 10,  577,    2, 15,     6,  2,     2,  7,     2, 15,   1956, 6.1e-5
    - 1 :   2, 10,  556,    3, 12,     6,  2,     2,  8,     2, 15,   2320, 5.7e-5
    - 2 :   2, 10,  570,    3, 12,     6,  2,     2,  8,     2, 15,   2361, 6.2e-5
    - 3 :   2, 10,  596,    4,  9,     7,  2,     2,  9,     2, 15,   2894, 6.0e-5
    - 4 :   2, 10,  583,    4,  9,     6,  2,     2,  9,     3, 12,   3166, 6.1e-5
    - 5 :   2, 10,  596,    5,  8,     7,  2,     2, 10,     3, 12,   3670, 6.1e-5
    - 6 :   2, 10,  576,    4,  9,     6,  2,     3,  7,     3, 12,   4437, 6.0e-5
    - 7 :   2, 10,  578,    5,  8,     6,  2,     3,  7,     3, 12,   5040, 6.1e-5
    - 8 :   2, 10,  569,    7,  6,     6,  2,     3,  8,     3, 12,   6152, 5.7e-5
    - 9 :   2, 10,  560,    6,  7,    13,  1,     4,  6,     3, 12,   7208, 6.3e-5
    - 10:   2, 10,  607,    7,  6,    14,  1,     4,  6,     3, 12,   8457, 6.3e-5
    - 11:   2, 10,  574,    8,  5,    13,  1,     5,  5,     3, 12,  10798, 6.3e-5
    - 12:   2, 10,  563,    8,  5,    13,  1,     7,  4,     3, 12,  14490, 6.2e-5
    - 13:   2, 10,  556,   11,  4,    13,  1,     7,  4,     5,  8,  20333, 5.8e-5
    - 14:   2, 10,  583,   15,  3,    14,  1,     7,  4,     5,  8,  26120, 6.2e-5
    - 15:   2, 10,  580,   15,  3,    13,  1,    10,  3,     5,  8,  36411, 6.1e-5
    - 16:   2, 10,  580,   22,  2,    14,  1,    15,  2,     5,  8,  71929, 6.3e-5
    - 17:   2, 10,  582,   44,  1,    13,  1,    32,  1,     5,  8, 270888, 6.2e-5
    # no solution starting from log norm2 = 18

  - 7: # bits
    -ln2:   k,  N,    n, br_l,br_b, ks_l,ks_b, cb_l,cb_b, pp_l,pp_b,  cost, p_error
    - 0 :   2, 10,  584,    2, 15,     6,  2,     2,  7,     2, 15,   2281, 6.3e-5
    - 1 :   2, 10,  557,    3, 12,     6,  2,     2,  8,     2, 15,   2691, 5.1e-5
    - 2 :   2, 10,  574,    3, 12,     6,  2,     2,  8,     2, 15,   2750, 6.3e-5
    - 3 :   2, 10,  624,    4,  9,     7,  2,     2,  9,     2, 15,   3479, 6.2e-5
    - 4 :   2, 10,  588,    4,  9,     7,  2,     2,  9,     3, 12,   3707, 6.0e-5
    - 5 :   2, 10,  564,    6,  7,     6,  2,     2, 10,     3, 12,   4557, 5.7e-5
    - 6 :   2, 10,  583,    4,  9,     6,  2,     3,  7,     3, 12,   5160, 6.1e-5
    - 7 :   2, 10,  582,    5,  8,     7,  2,     3,  7,     3, 12,   5865, 6.0e-5
    - 8 :   2, 10,  572,    7,  6,     6,  2,     3,  8,     3, 12,   7137, 6.3e-5
    - 9 :   2, 10,  565,    6,  7,    13,  1,     4,  6,     3, 12,   8358, 5.7e-5
    - 10:   2, 10,  576,    8,  5,    13,  1,     4,  6,     3, 12,  10224, 5.9e-5
    - 11:   2, 10,  587,    8,  5,    13,  1,     5,  5,     3, 12,  12645, 6.2e-5
    - 12:   2, 10,  569,    8,  5,    13,  1,     7,  4,     3, 12,  16781, 5.9e-5
    - 13:   2, 10,  559,   11,  4,    13,  1,     7,  4,     5,  8,  23443, 5.6e-5
    - 14:   2, 10,  614,   15,  3,    15,  1,     7,  4,     5,  8,  31271, 6.3e-5
    - 15:   2, 10,  603,   15,  3,    14,  1,    10,  3,     5,  8,  43067, 6.3e-5
    - 16:   2, 10,  601,   22,  2,    14,  1,    15,  2,     5,  8,  84899, 6.3e-5
    - 17:   2, 10,  589,   44,  1,    14,  1,    32,  1,     6,  7, 319570, 6.3e-5
    # no solution starting from log norm2 = 18

  - 8: # bits
    -ln2:   k,  N,    n, br_l,br_b, ks_l,ks_b, cb_l,cb_b, pp_l,pp_b,  cost, p_error
    - 0 :   2, 10,  595,    2, 15,     6,  2,     2,  7,     2, 15,   2624, 6.3e-5
    - 1 :   2, 10,  557,    3, 12,     6,  2,     2,  8,     2, 15,   3060, 5.8e-5
    - 2 :   2, 10,  579,    3, 12,     6,  2,     2,  8,     2, 15,   3147, 6.2e-5
    - 3 :   2, 10,  559,    4,  9,     6,  2,     2,  9,     3, 12,   4051, 5.5e-5
    - 4 :   2, 10,  601,    4,  9,     7,  2,     2,  9,     3, 12,   4279, 6.1e-5
    - 5 :   2, 10,  566,    6,  7,     6,  2,     2, 10,     3, 12,   5200, 5.6e-5
    - 6 :   2, 10,  587,    4,  9,     7,  2,     3,  7,     3, 12,   5896, 6.0e-5
    - 7 :   2, 10,  590,    5,  8,     7,  2,     3,  7,     3, 12,   6715, 6.1e-5
    - 8 :   2, 10,  575,    7,  6,     7,  2,     3,  8,     3, 12,   8150, 6.0e-5
    - 9 :   2, 10,  570,    6,  7,    13,  1,     4,  6,     3, 12,   9523, 6.0e-5
    - 10:   2, 10,  587,    8,  5,    13,  1,     4,  6,     3, 12,  11751, 6.3e-5
    - 11:   2, 10,  616,    8,  5,    14,  1,     5,  5,     3, 12,  14873, 6.3e-5
    - 12:   2, 10,  576,    8,  5,    13,  1,     7,  4,     3, 12,  19133, 6.1e-5
    - 13:   2, 10,  562,   11,  4,    13,  1,     7,  4,     5,  8,  26576, 5.7e-5
    - 14:   2, 10,  570,   11,  4,    13,  1,    10,  3,     5,  8,  37532, 5.9e-5
    - 15:   2, 10,  575,   21,  2,    13,  1,    10,  3,     5,  8,  60407, 6.2e-5
    - 16:   2, 10,  568,   22,  2,    13,  1,    16,  2,     5,  8,  97197, 5.8e-5
    - 17:   2, 10,  606,   45,  1,    14,  1,    32,  1,     6,  7, 376419, 6.3e-5
    # no solution starting from log norm2 = 18

  - 9: # bits
    -ln2:   k,  N,    n, br_l,br_b, ks_l,ks_b, cb_l,cb_b, pp_l,pp_b,  cost, p_error
    - 0 :   2, 10,  614,    4,  9,     7,  2,     2,  9,     2, 15,   4386, 5.7e-5
    - 1 :   2, 10,  610,    4,  9,     7,  2,     2,  9,     3, 12,   4844, 5.9e-5
    - 2 :   2, 10,  614,    5,  8,     7,  2,     2, 10,     3, 12,   5546, 6.1e-5
    - 3 :   2, 10,  630,    6,  7,     7,  2,     2, 10,     3, 12,   6350, 6.2e-5
    - 4 :   2, 10,  609,    5,  8,     7,  2,     3,  7,     3, 12,   7679, 5.6e-5
    - 5 :   2, 10,  645,    6,  7,     7,  2,     3,  8,     3, 12,   8984, 6.3e-5
    - 6 :   2, 10,  621,    8,  5,     7,  2,     3,  8,     3, 12,  10615, 6.2e-5
    - 7 :   2, 10,  606,    7,  6,    14,  1,     4,  6,     3, 12,  12315, 6.0e-5
    - 8 :   2, 10,  611,    7,  6,    14,  1,     5,  5,     3, 12,  15066, 6.0e-5
    - 9 :   2, 10,  611,    7,  6,    14,  1,     7,  4,     3, 12,  20411, 6.0e-5
    - 10:   2, 10,  617,   11,  4,    15,  1,     6,  5,     5,  8,  27559, 6.2e-5
    - 11:   2, 10,  607,   14,  3,    14,  1,     7,  4,     5,  8,  37093, 6.0e-5
    - 12:   2, 10,  608,   14,  3,    14,  1,    10,  3,     5,  8,  51808, 6.2e-5
    - 13:   2, 10,  635,   22,  2,    15,  1,    10,  3,     5,  8,  75894, 6.3e-5
    - 14:   2, 10,  615,   44,  1,    14,  1,    16,  2,     5,  8, 208232, 6.3e-5
    # no solution starting from log norm2 = 15

  - 10: # bits
    -ln2:   k,  N,    n, br_l,br_b, ks_l,ks_b, cb_l,cb_b, pp_l,pp_b,  cost, p_error
    - 0 :   2, 10,  616,    4,  9,     7,  2,     2,  9,     2, 15,   4873, 5.9e-5
    - 1 :   2, 10,  611,    4,  9,     7,  2,     2,  9,     3, 12,   5370, 6.3e-5
    - 2 :   2, 10,  616,    5,  8,     7,  2,     2, 10,     3, 12,   6159, 6.3e-5
    - 3 :   2, 10,  640,    6,  7,     7,  2,     2, 10,     3, 12,   7125, 6.2e-5
    - 4 :   2, 10,  610,    5,  8,     7,  2,     3,  7,     3, 12,   8501, 5.9e-5
    - 5 :   2, 10,  655,    6,  7,    16,  1,     3,  8,     3, 12,  10308, 6.3e-5
    - 6 :   2, 10,  626,    8,  5,     7,  2,     3,  8,     3, 12,  11819, 6.0e-5
    - 7 :   2, 10,  609,    7,  6,    14,  1,     4,  6,     3, 12,  13656, 6.0e-5
    - 8 :   2, 10,  615,    7,  6,    14,  1,     5,  5,     3, 12,  16714, 6.2e-5
    - 9 :   2, 10,  615,    7,  6,    14,  1,     7,  4,     3, 12,  22622, 6.3e-5
    - 10:   2, 10,  624,   11,  4,    15,  1,     6,  5,     5,  8,  30659, 6.3e-5
    - 11:   2, 10,  610,   14,  3,    14,  1,     7,  4,     5,  8,  41069, 6.1e-5
    - 12:   2, 10,  612,   14,  3,    14,  1,    10,  3,     5,  8,  57388, 6.1e-5
    - 13:   2, 10,  628,   22,  2,    15,  1,    11,  3,     5,  8,  90664, 6.2e-5
    - 14:   2, 10,  621,   44,  1,    15,  1,    16,  2,     5,  8, 231453, 6.2e-5
    # no solution starting from log norm2 = 15

  - 11: # bits
    -ln2:   k,  N,    n, br_l,br_b, ks_l,ks_b, cb_l,cb_b, pp_l,pp_b,  cost, p_error
    - 0 :   2, 10,  618,    4,  9,     7,  2,     2,  9,     2, 15,   5362, 6.2e-5
    - 1 :   2, 10,  613,    4,  9,     7,  2,     2,  9,     3, 12,   5905, 6.1e-5
    - 2 :   2, 10,  619,    5,  8,     7,  2,     2, 10,     3, 12,   6783, 6.2e-5
    - 3 :   2, 10,  654,    6,  7,     8,  2,     2, 10,     3, 12,   7985, 6.3e-5
    - 4 :   2, 10,  611,    5,  8,     7,  2,     3,  7,     3, 12,   9324, 6.2e-5
    - 5 :   2, 10,  608,    7,  6,     7,  2,     3,  8,     3, 12,  11536, 5.7e-5
    - 6 :   2, 10,  631,    8,  5,     7,  2,     3,  8,     3, 12,  13038, 6.3e-5
    - 7 :   2, 10,  612,    7,  6,    14,  1,     4,  6,     3, 12,  15007, 6.2e-5
    - 8 :   2, 10,  621,    7,  6,    14,  1,     5,  5,     3, 12,  18423, 6.1e-5
    - 9 :   2, 10,  620,    7,  6,    15,  1,     7,  4,     3, 12,  24913, 6.3e-5
    - 10:   2, 10,  637,   11,  4,    15,  1,     6,  5,     5,  8,  34047, 6.3e-5
    - 11:   2, 10,  614,   14,  3,    14,  1,     7,  4,     5,  8,  45131, 6.0e-5
    - 12:   2, 10,  616,   14,  3,    14,  1,    10,  3,     5,  8,  63022, 6.3e-5
    - 13:   2, 10,  648,   22,  2,    15,  1,    11,  3,     5,  8, 101715, 6.3e-5
    - 14:   2, 10,  630,   44,  1,    15,  1,    16,  2,     5,  8, 256135, 6.2e-5
    # no solution starting from log norm2 = 15

  - 12: # bits
    -ln2:   k,  N,    n, br_l,br_b, ks_l,ks_b, cb_l,cb_b, pp_l,pp_b,  cost, p_error
    - 0 :   2, 10,  628,    4,  9,     7,  2,     2,  9,     2, 15,   6758, 6.1e-5
    - 1 :   2, 10,  619,    4,  9,     7,  2,     2,  9,     3, 12,   7403, 6.1e-5
    - 2 :   2, 10,  631,    5,  8,     7,  2,     2, 10,     3, 12,   8566, 6.2e-5
    - 3 :   2, 10,  616,    4,  9,     7,  2,     3,  7,     3, 12,  10274, 5.8e-5
    - 4 :   2, 10,  616,    5,  8,     7,  2,     3,  7,     3, 12,  11689, 6.2e-5
    - 5 :   2, 10,  611,    7,  6,     7,  2,     3,  8,     3, 12,  14428, 5.8e-5
    - 6 :   2, 10,  613,    6,  7,     7,  2,     4,  6,     3, 12,  16699, 6.3e-5
    - 7 :   2, 10,  626,    7,  6,    15,  1,     4,  6,     3, 12,  19078, 6.2e-5
    - 8 :   2, 10,  612,    8,  5,    14,  1,     5,  5,     3, 12,  24886, 6.0e-5
    - 9 :   2, 10,  605,    8,  5,    14,  1,     7,  4,     3, 12,  33370, 5.9e-5
    - 10:   2, 10,  637,   11,  4,    15,  1,     7,  4,     3, 12,  43863, 6.3e-5
    - 11:   2, 10,  630,   14,  3,    15,  1,     7,  4,     5,  8,  57501, 6.2e-5
    - 12:   2, 10,  641,   14,  3,    15,  1,    10,  3,     5,  8,  81188, 6.3e-5
    - 13:   2, 10,  615,   22,  2,    15,  1,    15,  2,     5,  8, 163242, 6.3e-5
    - 14:   2, 10,  653,   45,  1,    16,  1,    17,  2,     6,  7, 363595, 6.3e-5
    # no solution starting from log norm2 = 15

  - 13: # bits
    -ln2:   k,  N,    n, br_l,br_b, ks_l,ks_b, cb_l,cb_b, pp_l,pp_b,  cost, p_error
    - 0 :   2, 10,  632,    4,  9,     7,  2,     2,  9,     2, 15,   7280, 6.3e-5
    - 1 :   2, 10,  621,    4,  9,     7,  2,     2,  9,     3, 12,   7949, 6.3e-5
    - 2 :   2, 10,  637,    5,  8,     7,  2,     2, 10,     3, 12,   9243, 6.3e-5
    - 3 :   2, 10,  617,    4,  9,     7,  2,     3,  7,     3, 12,  11006, 6.3e-5
    - 4 :   2, 10,  618,    5,  8,     7,  2,     3,  7,     3, 12,  12539, 6.1e-5
    - 5 :   2, 10,  612,    7,  6,     7,  2,     3,  8,     3, 12,  15463, 5.9e-5
    - 6 :   2, 10,  615,    6,  7,     7,  2,     4,  6,     3, 12,  17903, 6.0e-5
    - 7 :   2, 10,  634,    7,  6,    15,  1,     4,  6,     3, 12,  20608, 6.3e-5
    - 8 :   2, 10,  615,    8,  5,    14,  1,     5,  5,     3, 12,  26709, 6.0e-5
    - 9 :   2, 10,  607,    8,  5,    14,  1,     7,  4,     3, 12,  35748, 5.8e-5
    - 10:   2, 10,  665,   11,  4,    16,  1,     7,  4,     3, 12,  48621, 6.3e-5
    - 11:   2, 10,  642,   14,  3,    15,  1,     7,  4,     5,  8,  62354, 6.3e-5
    - 12:   2, 10,  620,   15,  3,    15,  1,    10,  3,     5,  8,  88875, 6.2e-5
    - 13:   2, 10,  619,   22,  2,    15,  1,    15,  2,     5,  8, 175233, 6.2e-5
    - 14:   2, 10,  621,   44,  1,    15,  1,    32,  1,     5,  8, 659910, 6.3e-5
    # no solution starting from log norm2 = 15

  - 14: # bits
    -ln2:   k,  N,    n, br_l,br_b, ks_l,ks_b, cb_l,cb_b, pp_l,pp_b,  cost, p_error
    - 0 :   2, 10,  632,    4,  9,     7,  2,     2,  9,     2, 15,   7280, 6.3e-5
    - 1 :   2, 10,  621,    4,  9,     7,  2,     2,  9,     3, 12,   7949, 6.3e-5
    - 2 :   2, 10,  637,    5,  8,     7,  2,     2, 10,     3, 12,   9243, 6.3e-5
    - 3 :   2, 10,  617,    4,  9,     7,  2,     3,  7,     3, 12,  11006, 6.3e-5
    - 4 :   2, 10,  618,    5,  8,     7,  2,     3,  7,     3, 12,  12539, 6.1e-5
    - 5 :   2, 10,  612,    7,  6,     7,  2,     3,  8,     3, 12,  15463, 5.9e-5
    - 6 :   2, 10,  615,    6,  7,     7,  2,     4,  6,     3, 12,  17903, 6.0e-5
    - 7 :   2, 10,  634,    7,  6,    15,  1,     4,  6,     3, 12,  20608, 6.3e-5
    - 8 :   2, 10,  615,    8,  5,    14,  1,     5,  5,     3, 12,  26709, 6.0e-5
    - 9 :   2, 10,  607,    8,  5,    14,  1,     7,  4,     3, 12,  35748, 5.8e-5
    - 10:   2, 10,  665,   11,  4,    16,  1,     7,  4,     3, 12,  48621, 6.3e-5
    - 11:   2, 10,  642,   14,  3,    15,  1,     7,  4,     5,  8,  62354, 6.3e-5
    - 12:   2, 10,  620,   15,  3,    15,  1,    10,  3,     5,  8,  88875, 6.2e-5
    - 13:   2, 10,  619,   22,  2,    15,  1,    15,  2,     5,  8, 175233, 6.2e-5
    - 14:   2, 10,  621,   44,  1,    15,  1,    32,  1,     5,  8, 659910, 6.3e-5
    # no solution starting from log norm2 = 15

  - 15: # bits
    -ln2:   k,  N,    n, br_l,br_b, ks_l,ks_b, cb_l,cb_b, pp_l,pp_b,  cost, p_error
    - 0 :   2, 10,  632,    4,  9,     7,  2,     2,  9,     2, 15,   7280, 6.3e-5
    - 1 :   2, 10,  621,    4,  9,     7,  2,     2,  9,     3, 12,   7949, 6.3e-5
    - 2 :   2, 10,  637,    5,  8,     7,  2,     2, 10,     3, 12,   9243, 6.3e-5
    - 3 :   2, 10,  617,    4,  9,     7,  2,     3,  7,     3, 12,  11006, 6.3e-5
    - 4 :   2, 10,  618,    5,  8,     7,  2,     3,  7,     3, 12,  12539, 6.1e-5
    - 5 :   2, 10,  612,    7,  6,     7,  2,     3,  8,     3, 12,  15463, 5.9e-5
    - 6 :   2, 10,  615,    6,  7,     7,  2,     4,  6,     3, 12,  17903, 6.0e-5
    - 7 :   2, 10,  634,    7,  6,    15,  1,     4,  6,     3, 12,  20608, 6.3e-5
    - 8 :   2, 10,  615,    8,  5,    14,  1,     5,  5,     3, 12,  26709, 6.0e-5
    - 9 :   2, 10,  607,    8,  5,    14,  1,     7,  4,     3, 12,  35748, 5.8e-5
    - 10:   2, 10,  665,   11,  4,    16,  1,     7,  4,     3, 12,  48621, 6.3e-5
    - 11:   2, 10,  642,   14,  3,    15,  1,     7,  4,     5,  8,  62354, 6.3e-5
    - 12:   2, 10,  620,   15,  3,    15,  1,    10,  3,     5,  8,  88875, 6.2e-5
    - 13:   2, 10,  619,   22,  2,    15,  1,    15,  2,     5,  8, 175233, 6.2e-5
    - 14:   2, 10,  621,   44,  1,    15,  1,    32,  1,     5,  8, 659910, 6.3e-5
    # no solution starting from log norm2 = 15

  - 16: # bits
    -ln2:   k,  N,    n, br_l,br_b, ks_l,ks_b, cb_l,cb_b, pp_l,pp_b,  cost, p_error
    - 0 :   2, 10,  646,    4,  9,     7,  2,     2,  9,     2, 15,   8280, 6.3e-5
    - 1 :   2, 10,  627,    4,  9,     7,  2,     2,  9,     3, 12,   8952, 6.2e-5
    - 2 :   2, 10,  661,    5,  8,     8,  2,     2, 10,     3, 12,  10671, 6.3e-5
    - 3 :   2, 10,  622,    4,  9,     7,  2,     3,  7,     3, 12,  12404, 6.0e-5
    - 4 :   2, 10,  622,    5,  8,     7,  2,     3,  7,     3, 12,  14113, 6.3e-5
    - 5 :   2, 10,  614,    7,  6,     7,  2,     3,  8,     3, 12,  17356, 6.2e-5
    - 6 :   2, 10,  618,    6,  7,     7,  2,     4,  6,     3, 12,  20146, 6.2e-5
    - 7 :   2, 10,  615,    8,  5,    14,  1,     4,  6,     3, 12,  24665, 6.0e-5
    - 8 :   2, 10,  622,    8,  5,    14,  1,     5,  5,     3, 12,  30225, 6.3e-5
    - 9 :   2, 10,  610,    8,  5,    14,  1,     7,  4,     3, 12,  40290, 6.3e-5
    - 10:   2, 10,  602,   11,  4,    14,  1,     7,  4,     5,  8,  56230, 6.2e-5
    - 11:   2, 10,  634,   15,  3,    15,  1,     7,  4,     5,  8,  72914, 6.3e-5
    - 12:   2, 10,  633,   15,  3,    15,  1,    10,  3,     5,  8, 101462, 6.2e-5
    - 13:   2, 10,  630,   22,  2,    15,  1,    15,  2,     5,  8, 199828, 6.2e-5
    - 14:   2, 10,  635,   44,  1,    15,  1,    32,  1,     5,  8, 757113, 6.3e-5
    # no solution starting from log norm2 = 15
