security level: 112
target p_error: 6.3e-5
per precision and log norm2:

  - 1: # bits
    -ln2:   k,  N,    n, br_l,br_b, ks_l,ks_b, cb_l,cb_b,  cost, p_error
    - 0 :   2, 10,  628,    3, 12,     5,  3,     1, 13,    182, 6.0e-5
    - 1 :   1, 11,  639,    3, 12,     7,  2,     1, 13,    200, 6.3e-5
    - 2 :   2, 10,  662,    4,  9,     7,  2,     1, 14,    244, 6.3e-5
    - 3 :   2, 10,  621,    6,  7,     7,  2,     1, 15,    334, 5.9e-5
    - 4 :   2, 10,  608,    3, 12,     7,  2,     2,  9,    349, 5.9e-5
    - 5 :   2, 10,  602,    4,  9,     7,  2,     2,  9,    445, 5.9e-5
    - 6 :   2, 10,  619,    4,  9,     7,  2,     2,  9,    452, 6.2e-5
    - 7 :   2, 10,  620,    5,  8,     7,  2,     2, 10,    551, 6.1e-5
    - 8 :   2, 10,  615,    4,  9,     7,  2,     3,  7,    667, 5.9e-5
    - 9 :   2, 10,  615,    5,  8,     7,  2,     3,  7,    815, 5.8e-5
    - 10:   2, 10,  606,    5,  8,     7,  2,     4,  6,   1072, 5.9e-5
    - 11:   2, 10,  624,    8,  5,     7,  2,     3,  8,   1268, 6.1e-5
    - 12:   2, 10,  624,    7,  6,     7,  2,     4,  6,   1487, 6.3e-5
    - 13:   2, 10,  621,    7,  6,    14,  1,     5,  5,   1866, 6.3e-5
    - 14:   2, 10,  613,    7,  6,    14,  1,     7,  4,   2581, 6.1e-5
    - 15:   2, 10,  644,    9,  5,    15,  1,     7,  4,   3361, 6.3e-5
    - 16:   2, 10,  622,   14,  3,    15,  1,     7,  4,   5031, 6.3e-5
    - 17:   2, 10,  622,   14,  3,    15,  1,    10,  3,   7172, 6.2e-5
    - 18:   2, 10,  637,   22,  2,    15,  1,    11,  3,  12399, 6.3e-5
    - 19:   2, 10,  627,   44,  1,    15,  1,    16,  2,  35375, 6.1e-5
    # no solution starting from log norm2 = 20

  - 2: # bits
    -ln2:   k,  N,    n, br_l,br_b, ks_l,ks_b, cb_l,cb_b,  cost, p_error
    - 0 :   2, 10,  605,    2, 16,     7,  2,     2,  7,    571, 6.2e-5
    - 1 :   1, 11,  628,    2, 15,     7,  2,     2,  7,    653, 6.2e-5
    - 2 :   2, 10,  603,    3, 12,     7,  2,     2,  9,    790, 5.5e-5
    - 3 :   2, 10,  625,    3, 12,     7,  2,     2,  9,    808, 6.3e-5
    - 4 :   2, 10,  606,    4,  9,     7,  2,     2,  9,   1012, 6.3e-5
    - 5 :   1, 11,  651,    4,  9,     8,  2,     2,  9,   1162, 6.2e-5
    - 6 :   2, 10,  605,    4,  9,     7,  2,     3,  7,   1441, 6.0e-5
    - 7 :   1, 11,  646,    4,  9,     8,  2,     3,  7,   1626, 6.3e-5
    - 8 :   1, 11,  627,    5,  8,     7,  2,     3,  7,   1921, 6.2e-5
    - 9 :   2, 10,  618,    5,  8,     7,  2,     4,  6,   2315, 5.9e-5
    - 10:   2, 10,  635,    6,  7,     7,  2,     4,  6,   2779, 6.2e-5
    - 11:   1, 11,  640,    6,  7,    15,  1,     5,  5,   3677, 6.3e-5
    - 12:   1, 11,  623,    8,  5,    15,  1,     5,  5,   4675, 6.2e-5
    - 13:   2, 10,  617,    8,  5,    15,  1,     7,  4,   6099, 6.2e-5
    - 14:   2, 10,  612,   11,  4,    14,  1,     7,  4,   8205, 6.3e-5
    - 15:   2, 10,  622,   11,  4,    15,  1,    10,  3,  11673, 6.1e-5
    - 16:   2, 10,  617,   14,  3,    15,  1,    15,  2,  21763, 6.3e-5
    - 17:   2, 10,  617,   22,  2,    15,  1,    16,  2,  36013, 6.3e-5
    # no solution starting from log norm2 = 18

  - 3: # bits
    -ln2:   k,  N,    n, br_l,br_b, ks_l,ks_b, cb_l,cb_b,  cost, p_error
    - 0 :   2, 10,  600,    3, 12,     7,  2,     2,  9,   1227, 5.7e-5
    - 1 :   2, 10,  605,    3, 12,     7,  2,     2,  9,   1234, 6.0e-5
    - 2 :   1, 11,  631,    3, 12,     7,  2,     2,  8,   1405, 6.2e-5
    - 3 :   2, 10,  612,    4,  9,     7,  2,     2,  9,   1588, 6.0e-5
    - 4 :   2, 10,  612,    5,  8,     7,  2,     2, 10,   1933, 6.2e-5
    - 5 :   2, 10,  609,    4,  9,     7,  2,     3,  7,   2230, 6.2e-5
    - 6 :   2, 10,  609,    5,  8,     7,  2,     3,  7,   2721, 6.2e-5
    - 7 :   2, 10,  628,    6,  7,     7,  2,     3,  8,   3272, 6.3e-5
    - 8 :   2, 10,  631,    5,  8,    15,  1,     4,  6,   3650, 6.3e-5
    - 9 :   2, 10,  604,    7,  6,    14,  1,     4,  6,   4818, 6.0e-5
    - 10:   2, 10,  607,    7,  6,    14,  1,     5,  5,   5918, 6.2e-5
    - 11:   2, 10,  604,    7,  6,    14,  1,     7,  4,   8069, 5.8e-5
    - 12:   2, 10,  613,    9,  5,    14,  1,     7,  4,  10301, 6.2e-5
    - 13:   2, 10,  636,   11,  4,    15,  1,     8,  4,  14449, 6.2e-5
    - 14:   2, 10,  608,   14,  3,    14,  1,    10,  3,  21990, 6.0e-5
    - 15:   2, 10,  627,   22,  2,    15,  1,    10,  3,  34717, 6.2e-5
    - 16:   2, 10,  629,   43,  1,    15,  1,    16,  2, 106170, 6.3e-5
    # no solution starting from log norm2 = 17

  - 4: # bits
    -ln2:   k,  N,    n, br_l,br_b, ks_l,ks_b, cb_l,cb_b,  cost, p_error
    - 0 :   2, 10,  602,    3, 12,     7,  2,     2,  9,   2367, 5.3e-5
    - 1 :   2, 10,  615,    3, 12,     7,  2,     2,  9,   2399, 6.0e-5
    - 2 :   2, 10,  604,    4,  9,     7,  2,     2,  9,   3032, 6.0e-5
    - 3 :   2, 10,  652,    4,  9,     8,  2,     2,  9,   3196, 6.3e-5
    - 4 :   2, 10,  648,    5,  8,    15,  1,     2, 10,   3977, 6.3e-5
    - 5 :   2, 10,  633,    4,  9,     7,  2,     3,  7,   4445, 6.3e-5
    - 6 :   2, 10,  632,    5,  8,     7,  2,     3,  7,   5417, 6.1e-5
    - 7 :   2, 10,  611,    5,  8,     7,  2,     4,  6,   6900, 6.0e-5
    - 8 :   2, 10,  619,    6,  7,     7,  2,     4,  6,   8215, 5.9e-5
    - 9 :   1, 11,  625,    7,  6,    15,  1,     4,  6,  10164, 6.3e-5
    - 10:   2, 10,  628,    8,  5,    14,  1,     5,  5,  13442, 6.3e-5
    - 11:   2, 10,  606,    8,  5,    14,  1,     7,  4,  18101, 5.9e-5
    - 12:   2, 10,  603,   11,  4,    14,  1,     7,  4,  24417, 6.3e-5
    - 13:   1, 11,  620,   15,  3,    14,  1,     7,  4,  34492, 6.3e-5
    - 14:   2, 10,  635,   15,  3,    15,  1,    10,  3,  47749, 6.3e-5
    - 15:   1, 11,  615,   22,  2,    14,  1,    15,  2, 103412, 6.2e-5
    - 16:   2, 10,  633,   44,  1,    15,  1,    32,  1, 429888, 6.2e-5
    # no solution starting from log norm2 = 17

  - 5: # bits
    -ln2:   k,  N,    n, br_l,br_b, ks_l,ks_b, cb_l,cb_b,  cost, p_error
    - 0 :   2, 10,  602,    3, 12,     7,  2,     2,  9,   2367, 5.3e-5
    - 1 :   2, 10,  615,    3, 12,     7,  2,     2,  9,   2399, 6.0e-5
    - 2 :   2, 10,  604,    4,  9,     7,  2,     2,  9,   3032, 6.0e-5
    - 3 :   2, 10,  652,    4,  9,     8,  2,     2,  9,   3196, 6.3e-5
    - 4 :   2, 10,  648,    5,  8,    15,  1,     2, 10,   3977, 6.3e-5
    - 5 :   2, 10,  633,    4,  9,     7,  2,     3,  7,   4445, 6.3e-5
    - 6 :   2, 10,  632,    5,  8,     7,  2,     3,  7,   5417, 6.1e-5
    - 7 :   2, 10,  611,    5,  8,     7,  2,     4,  6,   6900, 6.0e-5
    - 8 :   2, 10,  619,    6,  7,     7,  2,     4,  6,   8215, 5.9e-5
    - 9 :   1, 11,  625,    7,  6,    15,  1,     4,  6,  10164, 6.3e-5
    - 10:   2, 10,  628,    8,  5,    14,  1,     5,  5,  13442, 6.3e-5
    - 11:   2, 10,  606,    8,  5,    14,  1,     7,  4,  18101, 5.9e-5
    - 12:   2, 10,  603,   11,  4,    14,  1,     7,  4,  24417, 6.3e-5
    - 13:   1, 11,  620,   15,  3,    14,  1,     7,  4,  34492, 6.3e-5
    - 14:   2, 10,  635,   15,  3,    15,  1,    10,  3,  47749, 6.3e-5
    - 15:   1, 11,  615,   22,  2,    14,  1,    15,  2, 103412, 6.2e-5
    - 16:   2, 10,  633,   44,  1,    15,  1,    32,  1, 429888, 6.2e-5
    # no solution starting from log norm2 = 17

  - 6: # bits
    -ln2:   k,  N,    n, br_l,br_b, ks_l,ks_b, cb_l,cb_b,  cost, p_error
    - 0 :   2, 10,  602,    3, 12,     7,  2,     2,  9,   2808, 5.9e-5
    - 1 :   2, 10,  619,    3, 12,     7,  2,     2,  9,   2859, 6.3e-5
    - 2 :   2, 10,  605,    4,  9,     7,  2,     2,  9,   3600, 6.2e-5
    - 3 :   1, 11,  627,    4,  9,     7,  2,     2,  9,   4017, 6.3e-5
    - 4 :   2, 10,  604,    4,  9,     7,  2,     3,  7,   5100, 6.0e-5
    - 5 :   2, 10,  660,    4,  9,     8,  2,     3,  7,   5403, 6.3e-5
    - 6 :   2, 10,  649,    5,  8,     8,  2,     3,  7,   6517, 6.3e-5
    - 7 :   2, 10,  614,    5,  8,     7,  2,     4,  6,   8146, 6.1e-5
    - 8 :   2, 10,  625,    6,  7,     7,  2,     4,  6,   9725, 6.2e-5
    - 9 :   2, 10,  626,    6,  7,    15,  1,     5,  5,  12100, 6.2e-5
    - 10:   1, 11,  610,    8,  5,    14,  1,     5,  5,  16246, 6.3e-5
    - 11:   2, 10,  611,    8,  5,    14,  1,     7,  4,  21325, 6.0e-5
    - 12:   2, 10,  607,   11,  4,    14,  1,     7,  4,  28736, 6.3e-5
    - 13:   2, 10,  614,   11,  4,    14,  1,    10,  3,  40702, 6.1e-5
    - 14:   2, 10,  611,   14,  3,    14,  1,    15,  2,  75943, 6.1e-5
    - 15:   1, 11,  641,   22,  2,    15,  1,    15,  2, 124602, 6.3e-5
    - 16:   1, 11,  638,   45,  1,    15,  1,    32,  1, 526489, 6.3e-5
    # no solution starting from log norm2 = 17

  - 7: # bits
    -ln2:   k,  N,    n, br_l,br_b, ks_l,ks_b, cb_l,cb_b,  cost, p_error
    - 0 :   2, 10,  603,    3, 12,     7,  2,     2,  9,   3253, 5.5e-5
    - 1 :   2, 10,  625,    3, 12,     7,  2,     2,  9,   3330, 6.3e-5
    - 2 :   2, 10,  606,    4,  9,     7,  2,     2,  9,   4170, 6.3e-5
    - 3 :   2, 10,  645,    3, 12,     7,  2,     3,  6,   4778, 6.3e-5
    - 4 :   2, 10,  605,    4,  9,     7,  2,     3,  7,   5885, 6.0e-5
    - 5 :   1, 11,  646,    4,  9,     8,  2,     3,  7,   6679, 6.3e-5
    - 6 :   1, 11,  627,    5,  8,     7,  2,     3,  7,   7886, 6.2e-5
    - 7 :   2, 10,  618,    5,  8,     7,  2,     4,  6,   9409, 5.9e-5
    - 8 :   2, 10,  622,    6,  7,    14,  1,     4,  6,  11293, 6.3e-5
    - 9 :   1, 11,  640,    6,  7,    15,  1,     5,  5,  14949, 6.3e-5
    - 10:   1, 11,  623,    8,  5,    15,  1,     5,  5,  19002, 6.2e-5
    - 11:   2, 10,  617,    8,  5,    15,  1,     7,  4,  24619, 6.2e-5
    - 12:   2, 10,  612,   11,  4,    14,  1,     7,  4,  33117, 6.3e-5
    - 13:   2, 10,  622,   11,  4,    15,  1,    10,  3,  46995, 6.1e-5
    - 14:   2, 10,  617,   14,  3,    15,  1,    15,  2,  87427, 6.3e-5
    - 15:   2, 10,  617,   22,  2,    15,  1,    16,  2, 144632, 6.3e-5
    # no solution starting from log norm2 = 16

  - 8: # bits
    -ln2:   k,  N,    n, br_l,br_b, ks_l,ks_b, cb_l,cb_b,  cost, p_error
    - 0 :   2, 10,  603,    3, 12,     7,  2,     2,  9,   3695, 6.1e-5
    - 1 :   2, 10,  634,    3, 12,     7,  2,     2,  9,   3818, 6.2e-5
    - 2 :   2, 10,  608,    4,  9,     7,  2,     2,  9,   4746, 5.7e-5
    - 3 :   2, 10,  663,    3, 12,    16,  1,     3,  6,   5720, 6.3e-5
    - 4 :   2, 10,  606,    4,  9,     7,  2,     3,  7,   6672, 6.0e-5
    - 5 :   2, 10,  606,    5,  8,     7,  2,     3,  7,   8141, 6.0e-5
    - 6 :   1, 11,  645,    5,  8,     8,  2,     3,  7,   9165, 6.3e-5
    - 7 :   2, 10,  622,    5,  8,     7,  2,     4,  6,  10680, 6.2e-5
    - 8 :   2, 10,  635,    6,  7,    15,  1,     4,  6,  12951, 6.3e-5
    - 9 :   1, 11,  624,    8,  5,    14,  1,     4,  6,  17619, 6.2e-5
    - 10:   1, 11,  614,    9,  5,    14,  1,     5,  5,  23674, 6.0e-5
    - 11:   2, 10,  627,    8,  5,    15,  1,     7,  4,  28034, 6.1e-5
    - 12:   2, 10,  618,   11,  4,    15,  1,     7,  4,  37592, 6.3e-5
    - 13:   2, 10,  637,   11,  4,    15,  1,    10,  3,  53687, 6.3e-5
    - 14:   2, 10,  626,   14,  3,    15,  1,    15,  2,  99270, 6.3e-5
    - 15:   2, 10,  627,   22,  2,    15,  1,    16,  2, 164334, 6.2e-5
    # no solution starting from log norm2 = 16

  - 9: # bits
    -ln2:   k,  N,    n, br_l,br_b, ks_l,ks_b, cb_l,cb_b,  cost, p_error
    - 0 :   2, 10,  653,    3, 12,     7,  2,     2,  9,   4360, 6.3e-5
    - 1 :   2, 10,  609,    4,  9,     7,  2,     2,  9,   5318, 6.0e-5
    - 2 :   2, 10,  609,    5,  8,     7,  2,     2, 10,   6473, 6.1e-5
    - 3 :   2, 10,  607,    4,  9,     7,  2,     3,  7,   7461, 6.0e-5
    - 4 :   2, 10,  607,    5,  8,     7,  2,     3,  7,   9102, 6.0e-5
    - 5 :   2, 10,  619,    6,  7,     7,  2,     3,  8,  10871, 6.3e-5
    - 6 :   2, 10,  628,    5,  8,     7,  2,     4,  6,  11985, 6.1e-5
    - 7 :   2, 10,  637,    5,  8,    15,  1,     5,  5,  15001, 6.2e-5
    - 8 :   2, 10,  603,    7,  6,    14,  1,     5,  5,  19719, 5.9e-5
    - 9 :   1, 11,  625,    9,  5,    15,  1,     5,  5,  26784, 6.1e-5
    - 10:   2, 10,  652,    8,  5,    16,  1,     7,  4,  31958, 6.3e-5
    - 11:   2, 10,  627,   11,  4,    15,  1,     7,  4,  42209, 6.2e-5
    - 12:   2, 10,  603,   14,  3,    14,  1,    10,  3,  73097, 6.0e-5
    - 13:   2, 10,  648,   14,  3,    15,  1,    15,  2, 112534, 6.3e-5
    - 14:   2, 10,  654,   22,  2,    16,  1,    16,  2, 187044, 6.3e-5
    # no solution starting from log norm2 = 15

  - 10: # bits
    -ln2:   k,  N,    n, br_l,br_b, ks_l,ks_b, cb_l,cb_b,  cost, p_error
    - 0 :   1, 11,  623,    3, 12,     7,  2,     2,  8,   5190, 5.9e-5
    - 1 :   2, 10,  610,    4,  9,     7,  2,     2,  9,   5892, 6.3e-5
    - 2 :   2, 10,  611,    5,  8,     7,  2,     2, 10,   7179, 5.8e-5
    - 3 :   2, 10,  608,    4,  9,     7,  2,     3,  7,   8251, 6.1e-5
    - 4 :   2, 10,  608,    5,  8,     7,  2,     3,  7,  10066, 6.1e-5
    - 5 :   2, 10,  623,    6,  7,     7,  2,     3,  8,  12057, 6.3e-5
    - 6 :   2, 10,  636,    5,  8,     7,  2,     4,  6,  13329, 6.2e-5
    - 7 :   2, 10,  602,    7,  6,    14,  1,     4,  6,  17763, 6.1e-5
    - 8 :   2, 10,  605,    7,  6,    14,  1,     5,  5,  21790, 6.0e-5
    - 9 :   2, 10,  602,    7,  6,    14,  1,     7,  4,  29659, 5.9e-5
    - 10:   2, 10,  610,    9,  5,    14,  1,     7,  4,  37833, 5.9e-5
    - 11:   2, 10,  645,   11,  4,    15,  1,     7,  4,  47272, 6.3e-5
    - 12:   2, 10,  605,   14,  3,    14,  1,    10,  3,  80660, 6.2e-5
    - 13:   2, 10,  619,   22,  2,    15,  1,    10,  3, 126800, 6.3e-5
    - 14:   2, 10,  627,   22,  2,    15,  1,    31,  1, 385135, 6.2e-5
    # no solution starting from log norm2 = 15

  - 11: # bits
    -ln2:   k,  N,    n, br_l,br_b, ks_l,ks_b, cb_l,cb_b,  cost, p_error
    - 0 :   1, 11,  631,    3, 12,     7,  2,     2,  8,   5756, 6.2e-5
    - 1 :   2, 10,  612,    4,  9,     7,  2,     2,  9,   6474, 6.0e-5
    - 2 :   2, 10,  612,    5,  8,     7,  2,     2, 10,   7879, 6.2e-5
    - 3 :   2, 10,  609,    4,  9,     7,  2,     3,  7,   9043, 6.2e-5
    - 4 :   2, 10,  609,    5,  8,     7,  2,     3,  7,  11031, 6.2e-5
    - 5 :   2, 10,  628,    6,  7,     7,  2,     3,  8,  13264, 6.3e-5
    - 6 :   2, 10,  631,    5,  8,    15,  1,     4,  6,  14750, 6.3e-5
    - 7 :   2, 10,  604,    7,  6,    14,  1,     4,  6,  19468, 6.0e-5
    - 8 :   2, 10,  607,    7,  6,    14,  1,     5,  5,  23869, 6.2e-5
    - 9 :   2, 10,  604,    7,  6,    14,  1,     7,  4,  32468, 5.8e-5
    - 10:   2, 10,  613,    9,  5,    14,  1,     7,  4,  41453, 6.2e-5
    - 11:   2, 10,  636,   11,  4,    15,  1,     8,  4,  58105, 6.2e-5
    - 12:   2, 10,  608,   14,  3,    14,  1,    10,  3,  88330, 6.0e-5
    - 13:   2, 10,  627,   22,  2,    15,  1,    10,  3, 139455, 6.2e-5
    - 14:   2, 10,  642,   22,  2,    15,  1,    31,  1, 425659, 6.3e-5
    # no solution starting from log norm2 = 15

  - 12: # bits
    -ln2:   k,  N,    n, br_l,br_b, ks_l,ks_b, cb_l,cb_b,  cost, p_error
    - 0 :   1, 11,  631,    3, 12,     7,  2,     2,  8,   5756, 6.2e-5
    - 1 :   2, 10,  612,    4,  9,     7,  2,     2,  9,   6474, 6.0e-5
    - 2 :   2, 10,  612,    5,  8,     7,  2,     2, 10,   7879, 6.2e-5
    - 3 :   2, 10,  609,    4,  9,     7,  2,     3,  7,   9043, 6.2e-5
    - 4 :   2, 10,  609,    5,  8,     7,  2,     3,  7,  11031, 6.2e-5
    - 5 :   2, 10,  628,    6,  7,     7,  2,     3,  8,  13264, 6.3e-5
    - 6 :   2, 10,  631,    5,  8,    15,  1,     4,  6,  14750, 6.3e-5
    - 7 :   2, 10,  604,    7,  6,    14,  1,     4,  6,  19468, 6.0e-5
    - 8 :   2, 10,  607,    7,  6,    14,  1,     5,  5,  23869, 6.2e-5
    - 9 :   2, 10,  604,    7,  6,    14,  1,     7,  4,  32468, 5.8e-5
    - 10:   2, 10,  613,    9,  5,    14,  1,     7,  4,  41453, 6.2e-5
    - 11:   2, 10,  636,   11,  4,    15,  1,     8,  4,  58105, 6.2e-5
    - 12:   2, 10,  608,   14,  3,    14,  1,    10,  3,  88330, 6.0e-5
    - 13:   2, 10,  627,   22,  2,    15,  1,    10,  3, 139455, 6.2e-5
    - 14:   2, 10,  642,   22,  2,    15,  1,    31,  1, 425659, 6.3e-5
    # no solution starting from log norm2 = 15

  - 13: # bits
    -ln2:   k,  N,    n, br_l,br_b, ks_l,ks_b, cb_l,cb_b,  cost, p_error
    - 0 :   2, 10,  602,    4,  9,     7,  2,     2,  9,   8545, 5.9e-5
    - 1 :   2, 10,  619,    4,  9,     7,  2,     2,  9,   8699, 6.2e-5
    - 2 :   2, 10,  620,    5,  8,     7,  2,     2, 10,  10596, 6.1e-5
    - 3 :   2, 10,  615,    4,  9,     7,  2,     3,  7,  12135, 5.9e-5
    - 4 :   2, 10,  615,    5,  8,     7,  2,     3,  7,  14801, 5.8e-5
    - 5 :   2, 10,  606,    5,  8,     7,  2,     4,  6,  18894, 5.9e-5
    - 6 :   2, 10,  610,    6,  7,     7,  2,     4,  6,  22407, 5.7e-5
    - 7 :   2, 10,  613,    7,  6,    14,  1,     4,  6,  26188, 6.3e-5
    - 8 :   2, 10,  621,    7,  6,    14,  1,     5,  5,  32256, 6.3e-5
    - 9 :   2, 10,  613,    7,  6,    14,  1,     7,  4,  43664, 6.1e-5
    - 10:   2, 10,  644,    9,  5,    15,  1,     7,  4,  56890, 6.3e-5
    - 11:   2, 10,  622,   14,  3,    15,  1,     7,  4,  85041, 6.3e-5
    - 12:   2, 10,  622,   14,  3,    15,  1,    10,  3, 119296, 6.2e-5
    - 13:   2, 10,  645,   15,  3,    15,  1,    16,  2, 204805, 6.3e-5
    - 14:   2, 10,  627,   44,  1,    15,  1,    16,  2, 579843, 6.1e-5
    # no solution starting from log norm2 = 15

  - 14: # bits
    -ln2:   k,  N,    n, br_l,br_b, ks_l,ks_b, cb_l,cb_b,  cost, p_error
    - 0 :   2, 10,  602,    4,  9,     7,  2,     2,  9,   8545, 5.9e-5
    - 1 :   2, 10,  619,    4,  9,     7,  2,     2,  9,   8699, 6.2e-5
    - 2 :   2, 10,  620,    5,  8,     7,  2,     2, 10,  10596, 6.1e-5
    - 3 :   2, 10,  615,    4,  9,     7,  2,     3,  7,  12135, 5.9e-5
    - 4 :   2, 10,  615,    5,  8,     7,  2,     3,  7,  14801, 5.8e-5
    - 5 :   2, 10,  606,    5,  8,     7,  2,     4,  6,  18894, 5.9e-5
    - 6 :   2, 10,  610,    6,  7,     7,  2,     4,  6,  22407, 5.7e-5
    - 7 :   2, 10,  613,    7,  6,    14,  1,     4,  6,  26188, 6.3e-5
    - 8 :   2, 10,  621,    7,  6,    14,  1,     5,  5,  32256, 6.3e-5
    - 9 :   2, 10,  613,    7,  6,    14,  1,     7,  4,  43664, 6.1e-5
    - 10:   2, 10,  644,    9,  5,    15,  1,     7,  4,  56890, 6.3e-5
    - 11:   2, 10,  622,   14,  3,    15,  1,     7,  4,  85041, 6.3e-5
    - 12:   2, 10,  622,   14,  3,    15,  1,    10,  3, 119296, 6.2e-5
    - 13:   2, 10,  645,   15,  3,    15,  1,    16,  2, 204805, 6.3e-5
    - 14:   2, 10,  627,   44,  1,    15,  1,    16,  2, 579843, 6.1e-5
    # no solution starting from log norm2 = 15

  - 15: # bits
    -ln2:   k,  N,    n, br_l,br_b, ks_l,ks_b, cb_l,cb_b,  cost, p_error
    - 0 :   2, 10,  602,    4,  9,     7,  2,     2,  9,   8545, 5.9e-5
    - 1 :   2, 10,  619,    4,  9,     7,  2,     2,  9,   8699, 6.2e-5
    - 2 :   2, 10,  620,    5,  8,     7,  2,     2, 10,  10596, 6.1e-5
    - 3 :   2, 10,  615,    4,  9,     7,  2,     3,  7,  12135, 5.9e-5
    - 4 :   2, 10,  615,    5,  8,     7,  2,     3,  7,  14801, 5.8e-5
    - 5 :   2, 10,  606,    5,  8,     7,  2,     4,  6,  18894, 5.9e-5
    - 6 :   2, 10,  610,    6,  7,     7,  2,     4,  6,  22407, 5.7e-5
    - 7 :   2, 10,  613,    7,  6,    14,  1,     4,  6,  26188, 6.3e-5
    - 8 :   2, 10,  621,    7,  6,    14,  1,     5,  5,  32256, 6.3e-5
    - 9 :   2, 10,  613,    7,  6,    14,  1,     7,  4,  43664, 6.1e-5
    - 10:   2, 10,  644,    9,  5,    15,  1,     7,  4,  56890, 6.3e-5
    - 11:   2, 10,  622,   14,  3,    15,  1,     7,  4,  85041, 6.3e-5
    - 12:   2, 10,  622,   14,  3,    15,  1,    10,  3, 119296, 6.2e-5
    - 13:   2, 10,  645,   15,  3,    15,  1,    16,  2, 204805, 6.3e-5
    - 14:   2, 10,  627,   44,  1,    15,  1,    16,  2, 579843, 6.1e-5
    # no solution starting from log norm2 = 15

  - 16: # bits
    -ln2:   k,  N,    n, br_l,br_b, ks_l,ks_b, cb_l,cb_b,  cost, p_error
    - 0 :   2, 10,  603,    4,  9,     7,  2,     2,  9,   9574, 5.5e-5
    - 1 :   2, 10,  624,    4,  9,     7,  2,     2,  9,   9787, 6.2e-5
    - 2 :   2, 10,  625,    5,  8,     7,  2,     2, 10,  11918, 6.2e-5
    - 3 :   2, 10,  618,    4,  9,     7,  2,     3,  7,  13646, 6.1e-5
    - 4 :   2, 10,  618,    5,  8,     7,  2,     3,  7,  16641, 5.9e-5
    - 5 :   2, 10,  607,    5,  8,     7,  2,     4,  6,  21223, 6.0e-5
    - 6 :   2, 10,  612,    6,  7,     7,  2,     4,  6,  25189, 5.7e-5
    - 7 :   2, 10,  620,    7,  6,    14,  1,     4,  6,  29579, 6.3e-5
    - 8 :   2, 10,  632,    7,  6,    15,  1,     5,  5,  36627, 6.3e-5
    - 9 :   2, 10,  619,    7,  6,    15,  1,     7,  4,  49369, 6.2e-5
    - 10:   2, 10,  631,    8,  5,    15,  1,     9,  3,  71655, 6.2e-5
    - 11:   2, 10,  637,   14,  3,    15,  1,     7,  4,  96792, 6.3e-5
    - 12:   2, 10,  637,   14,  3,    15,  1,    10,  3, 135832, 6.3e-5
    - 13:   2, 10,  616,   22,  2,    14,  1,    15,  2, 306307, 6.1e-5
    - 14:   2, 10,  631,   45,  1,    15,  1,    16,  2, 668733, 6.3e-5
    # no solution starting from log norm2 = 15
