security level: 128
target p_error: 6.3e-5
per precision and log norm2:

  - 1: # bits
    -ln2:   k,  N,    n, br_l,br_b, ks_l,ks_b, cb_l,cb_b,  cost, p_error
    - 0 :   2, 10,  726,    3, 12,     5,  3,     1, 13,    199, 5.8e-5
    - 1 :   2, 10,  696,    4,  9,     7,  2,     1, 14,    251, 6.1e-5
    - 2 :   2, 10,  716,    2, 15,     7,  2,     2,  7,    279, 6.3e-5
    - 3 :   2, 10,  747,    6,  7,     8,  2,     1, 15,    375, 6.3e-5
    - 4 :   2, 10,  704,    3, 12,     7,  2,     2,  8,    382, 6.2e-5
    - 5 :   2, 10,  693,    4,  9,     7,  2,     2,  9,    483, 5.7e-5
    - 6 :   2, 10,  725,    4,  9,     7,  2,     2,  9,    496, 6.3e-5
    - 7 :   2, 10,  699,    6,  7,     7,  2,     2, 10,    696, 5.7e-5
    - 8 :   2, 10,  720,    4,  9,     7,  2,     3,  7,    732, 6.3e-5
    - 9 :   2, 10,  717,    5,  8,     7,  2,     3,  7,    890, 6.3e-5
    - 10:   2, 10,  704,    5,  8,     7,  2,     4,  6,   1168, 6.0e-5
    - 11:   2, 10,  713,    6,  7,     7,  2,     4,  6,   1390, 6.1e-5
    - 12:   2, 10,  712,    6,  7,    14,  1,     5,  5,   1751, 6.3e-5
    - 13:   2, 10,  707,    8,  5,    14,  1,     5,  5,   2273, 6.3e-5
    - 14:   2, 10,  695,    8,  5,    14,  1,     7,  4,   3137, 6.3e-5
    - 15:   2, 10,  694,   11,  4,    14,  1,     7,  4,   4236, 6.2e-5
    - 16:   2, 10,  703,   11,  4,    14,  1,    10,  3,   6080, 6.1e-5
    - 17:   2, 10,  705,   21,  2,    15,  1,    10,  3,  11385, 6.2e-5
    - 18:   2, 10,  732,   22,  2,    15,  1,    15,  2,  18232, 6.3e-5
    - 19:   2, 10,  751,   44,  1,    16,  1,    32,  1,  78012, 6.3e-5
    # no solution starting from log norm2 = 20

  - 2: # bits
    -ln2:   k,  N,    n, br_l,br_b, ks_l,ks_b, cb_l,cb_b,  cost, p_error
    - 0 :   2, 10,  698,    2, 15,     7,  2,     2,  7,    629, 5.9e-5
    - 1 :   2, 10,  752,    5,  8,     8,  2,     1, 14,    822, 6.3e-5
    - 2 :   2, 10,  694,    3, 12,     7,  2,     2,  8,    865, 6.3e-5
    - 3 :   1, 11,  738,    3, 11,     7,  2,     2,  8,   1011, 6.3e-5
    - 4 :   2, 10,  700,    4,  9,     7,  2,     2,  9,   1110, 5.8e-5
    - 5 :   2, 10,  705,    5,  8,     7,  2,     2, 10,   1356, 6.1e-5
    - 6 :   2, 10,  699,    4,  9,     7,  2,     3,  7,   1576, 5.7e-5
    - 7 :   2, 10,  698,    5,  8,     7,  2,     3,  7,   1919, 6.0e-5
    - 8 :   2, 10,  735,    6,  7,     8,  2,     3,  8,   2343, 6.3e-5
    - 9 :   2, 10,  697,    6,  7,     7,  2,     4,  6,   2938, 5.9e-5
    - 10:   2, 10,  692,    7,  6,    14,  1,     4,  6,   3410, 6.3e-5
    - 11:   2, 10,  697,    7,  6,    14,  1,     5,  5,   4207, 6.0e-5
    - 12:   2, 10,  697,    7,  6,    14,  1,     7,  4,   5770, 6.0e-5
    - 13:   2, 10,  710,    9,  5,    15,  1,     7,  4,   7386, 6.3e-5
    - 14:   2, 10,  696,   14,  3,    14,  1,     7,  4,  11116, 6.0e-5
    - 15:   2, 10,  698,   14,  3,    14,  1,    10,  3,  15693, 6.3e-5
    - 16:   2, 10,  722,   22,  2,    15,  1,    10,  3,  24825, 6.3e-5
    - 17:   2, 10,  724,   43,  1,    15,  1,    16,  2,  76045, 6.3e-5
    # no solution starting from log norm2 = 18

  - 3: # bits
    -ln2:   k,  N,    n, br_l,br_b, ks_l,ks_b, cb_l,cb_b,  cost, p_error
    - 0 :   2, 10,  690,    3, 12,     7,  2,     2,  8,   1347, 5.7e-5
    - 1 :   2, 10,  699,    3, 12,     7,  2,     2,  8,   1358, 5.9e-5
    - 2 :   2, 10,  691,    4,  9,     7,  2,     2,  9,   1719, 6.1e-5
    - 3 :   2, 10,  709,    4,  9,     7,  2,     2,  9,   1748, 6.2e-5
    - 4 :   2, 10,  725,    5,  8,     7,  2,     2, 10,   2157, 6.2e-5
    - 5 :   2, 10,  707,    4,  9,     7,  2,     3,  7,   2450, 6.1e-5
    - 6 :   2, 10,  706,    5,  8,     7,  2,     3,  7,   2983, 6.0e-5
    - 7 :   2, 10,  699,    5,  8,     7,  2,     4,  6,   3822, 5.8e-5
    - 8 :   2, 10,  704,    6,  7,     7,  2,     4,  6,   4531, 5.8e-5
    - 9 :   2, 10,  709,    7,  6,    14,  1,     4,  6,   5305, 6.2e-5
    - 10:   2, 10,  723,    7,  6,    15,  1,     5,  5,   6576, 6.3e-5
    - 11:   2, 10,  725,    7,  6,    15,  1,     7,  4,   8986, 6.2e-5
    - 12:   2, 10,  712,    8,  5,    15,  1,     9,  3,  12757, 6.3e-5
    - 13:   2, 10,  719,   14,  3,    15,  1,     7,  4,  17219, 6.3e-5
    - 14:   2, 10,  739,   14,  3,    15,  1,    10,  3,  24562, 6.3e-5
    - 15:   2, 10,  703,   22,  2,    15,  1,    15,  2,  54786, 6.3e-5
    - 16:   2, 10,  725,   44,  1,    15,  1,    31,  1, 224937, 6.2e-5
    # no solution starting from log norm2 = 17

  - 4: # bits
    -ln2:   k,  N,    n, br_l,br_b, ks_l,ks_b, cb_l,cb_b,  cost, p_error
    - 0 :   2, 10,  692,    3, 12,     7,  2,     2,  8,   2591, 6.3e-5
    - 1 :   2, 10,  721,    3, 12,     7,  2,     2,  8,   2664, 6.1e-5
    - 2 :   2, 10,  696,    4,  9,     7,  2,     2,  9,   3318, 5.9e-5
    - 3 :   2, 10,  735,    3, 12,     7,  2,     3,  6,   3816, 6.3e-5
    - 4 :   2, 10,  695,    4,  9,     7,  2,     3,  7,   4710, 6.1e-5
    - 5 :   2, 10,  695,    5,  8,     7,  2,     3,  7,   5741, 5.9e-5
    - 6 :   2, 10,  712,    6,  7,     7,  2,     3,  8,   6874, 6.2e-5
    - 7 :   2, 10,  721,    5,  8,     7,  2,     4,  6,   7623, 6.2e-5
    - 8 :   2, 10,  734,    5,  8,    15,  1,     5,  5,   9613, 6.3e-5
    - 9 :   2, 10,  690,    7,  6,    14,  1,     5,  5,  12546, 5.8e-5
    - 10:   2, 10,  731,    9,  5,    15,  1,     5,  5,  16428, 6.2e-5
    - 11:   2, 10,  718,    8,  5,    15,  1,     7,  4,  19971, 6.3e-5
    - 12:   2, 10,  714,   11,  4,    15,  1,     7,  4,  26884, 6.1e-5
    - 13:   2, 10,  691,   14,  3,    14,  1,    10,  3,  46810, 5.8e-5
    - 14:   2, 10,  717,   14,  3,    15,  1,    15,  2,  70965, 6.3e-5
    - 15:   2, 10,  743,   23,  2,    16,  1,    16,  2, 125084, 6.3e-5
    # no solution starting from log norm2 = 16

  - 5: # bits
    -ln2:   k,  N,    n, br_l,br_b, ks_l,ks_b, cb_l,cb_b,  cost, p_error
    - 0 :   2, 10,  692,    3, 12,     7,  2,     2,  8,   2591, 6.3e-5
    - 1 :   2, 10,  721,    3, 12,     7,  2,     2,  8,   2664, 6.1e-5
    - 2 :   2, 10,  696,    4,  9,     7,  2,     2,  9,   3318, 5.9e-5
    - 3 :   2, 10,  735,    3, 12,     7,  2,     3,  6,   3816, 6.3e-5
    - 4 :   2, 10,  695,    4,  9,     7,  2,     3,  7,   4710, 6.1e-5
    - 5 :   2, 10,  695,    5,  8,     7,  2,     3,  7,   5741, 5.9e-5
    - 6 :   2, 10,  712,    6,  7,     7,  2,     3,  8,   6874, 6.2e-5
    - 7 :   2, 10,  721,    5,  8,     7,  2,     4,  6,   7623, 6.2e-5
    - 8 :   2, 10,  734,    5,  8,    15,  1,     5,  5,   9613, 6.3e-5
    - 9 :   2, 10,  690,    7,  6,    14,  1,     5,  5,  12546, 5.8e-5
    - 10:   2, 10,  731,    9,  5,    15,  1,     5,  5,  16428, 6.2e-5
    - 11:   2, 10,  718,    8,  5,    15,  1,     7,  4,  19971, 6.3e-5
    - 12:   2, 10,  714,   11,  4,    15,  1,     7,  4,  26884, 6.1e-5
    - 13:   2, 10,  691,   14,  3,    14,  1,    10,  3,  46810, 5.8e-5
    - 14:   2, 10,  717,   14,  3,    15,  1,    15,  2,  70965, 6.3e-5
    - 15:   2, 10,  743,   23,  2,    16,  1,    16,  2, 125084, 6.3e-5
    # no solution starting from log norm2 = 16

  - 6: # bits
    -ln2:   k,  N,    n, br_l,br_b, ks_l,ks_b, cb_l,cb_b,  cost, p_error
    - 0 :   2, 10,  693,    3, 12,     7,  2,     2,  8,   3080, 6.3e-5
    - 1 :   2, 10,  738,    3, 12,     7,  2,     2,  8,   3215, 6.3e-5
    - 2 :   2, 10,  698,    4,  9,     7,  2,     2,  9,   3947, 5.8e-5
    - 3 :   2, 10,  702,    5,  8,     7,  2,     2, 10,   4816, 6.0e-5
    - 4 :   2, 10,  697,    4,  9,     7,  2,     3,  7,   5574, 5.9e-5
    - 5 :   2, 10,  696,    5,  8,     7,  2,     3,  7,   6787, 6.3e-5
    - 6 :   2, 10,  721,    6,  7,     7,  2,     3,  8,   8184, 6.3e-5
    - 7 :   2, 10,  738,    5,  8,     8,  2,     4,  6,   9132, 6.3e-5
    - 8 :   2, 10,  702,    7,  6,     7,  2,     4,  6,  12019, 5.9e-5
    - 9 :   2, 10,  693,    7,  6,    14,  1,     5,  5,  14785, 6.0e-5
    - 10:   2, 10,  715,    8,  5,    14,  1,     6,  5,  20201, 6.3e-5
    - 11:   2, 10,  702,    9,  5,    15,  1,     7,  4,  25820, 6.3e-5
    - 12:   2, 10,  747,   11,  4,    16,  1,     7,  4,  32417, 6.3e-5
    - 13:   2, 10,  694,   14,  3,    14,  1,    10,  3,  54957, 6.2e-5
    - 14:   2, 10,  709,   22,  2,    15,  1,    10,  3,  86321, 6.2e-5
    - 15:   2, 10,  717,   22,  2,    15,  1,    31,  1, 263072, 6.3e-5
    # no solution starting from log norm2 = 16

  - 7: # bits
    -ln2:   k,  N,    n, br_l,br_b, ks_l,ks_b, cb_l,cb_b,  cost, p_error
    - 0 :   2, 10,  694,    3, 12,     7,  2,     2,  8,   3570, 6.3e-5
    - 1 :   1, 11,  738,    3, 11,     7,  2,     2,  8,   4202, 6.3e-5
    - 2 :   2, 10,  700,    4,  9,     7,  2,     2,  9,   4578, 5.8e-5
    - 3 :   2, 10,  705,    5,  8,     7,  2,     2, 10,   5591, 6.1e-5
    - 4 :   2, 10,  699,    4,  9,     7,  2,     3,  7,   6441, 5.7e-5
    - 5 :   2, 10,  698,    5,  8,     7,  2,     3,  7,   7842, 6.0e-5
    - 6 :   2, 10,  735,    6,  7,     8,  2,     3,  8,   9578, 6.3e-5
    - 7 :   2, 10,  697,    6,  7,     7,  2,     4,  6,  11946, 5.9e-5
    - 8 :   2, 10,  692,    7,  6,    14,  1,     4,  6,  13864, 6.3e-5
    - 9 :   2, 10,  697,    7,  6,    14,  1,     5,  5,  17052, 6.0e-5
    - 10:   2, 10,  697,    7,  6,    14,  1,     7,  4,  23305, 6.0e-5
    - 11:   2, 10,  710,    9,  5,    15,  1,     7,  4,  29829, 6.3e-5
    - 12:   2, 10,  696,   14,  3,    14,  1,     7,  4,  44889, 6.0e-5
    - 13:   2, 10,  698,   14,  3,    14,  1,    10,  3,  63196, 6.3e-5
    - 14:   2, 10,  722,   22,  2,    15,  1,    10,  3,  99975, 6.3e-5
    - 15:   2, 10,  724,   43,  1,    15,  1,    16,  2, 305480, 6.3e-5
    # no solution starting from log norm2 = 16

  - 8: # bits
    -ln2:   k,  N,    n, br_l,br_b, ks_l,ks_b, cb_l,cb_b,  cost, p_error
    - 0 :   2, 10,  695,    3, 12,     7,  2,     2,  8,   4060, 6.3e-5
    - 1 :   2, 10,  690,    4,  9,     7,  2,     2,  9,   5152, 6.1e-5
    - 2 :   2, 10,  702,    4,  9,     7,  2,     2,  9,   5212, 5.9e-5
    - 3 :   2, 10,  709,    5,  8,     7,  2,     2, 10,   6377, 5.9e-5
    - 4 :   2, 10,  700,    4,  9,     7,  2,     3,  7,   7304, 6.2e-5
    - 5 :   2, 10,  700,    5,  8,     7,  2,     3,  7,   8900, 5.9e-5
    - 6 :   2, 10,  695,    5,  8,     7,  2,     4,  6,  11426, 6.1e-5
    - 7 :   2, 10,  698,    6,  7,     7,  2,     4,  6,  13524, 6.2e-5
    - 8 :   2, 10,  708,    7,  6,     7,  2,     4,  6,  15727, 6.1e-5
    - 9 :   2, 10,  701,    7,  6,    14,  1,     5,  5,  19334, 6.2e-5
    - 10:   2, 10,  701,    7,  6,    14,  1,     7,  4,  26392, 6.2e-5
    - 11:   2, 10,  723,    9,  5,    15,  1,     7,  4,  34031, 6.3e-5
    - 12:   2, 10,  700,   14,  3,    14,  1,     7,  4,  50828, 6.2e-5
    - 13:   2, 10,  704,   14,  3,    14,  1,    10,  3,  71607, 6.1e-5
    - 14:   2, 10,  728,   15,  3,    15,  1,    16,  2, 122984, 6.2e-5
    - 15:   2, 10,  710,   44,  1,    15,  1,    16,  2, 348201, 6.1e-5
    # no solution starting from log norm2 = 16

  - 9: # bits
    -ln2:   k,  N,    n, br_l,br_b, ks_l,ks_b, cb_l,cb_b,  cost, p_error
    - 0 :   2, 10,  691,    4,  9,     7,  2,     2,  9,   5775, 5.6e-5
    - 1 :   2, 10,  704,    4,  9,     7,  2,     2,  9,   5848, 6.0e-5
    - 2 :   2, 10,  713,    5,  8,     7,  2,     2, 10,   7168, 6.1e-5
    - 3 :   2, 10,  702,    4,  9,     7,  2,     3,  7,   8177, 6.3e-5
    - 4 :   2, 10,  702,    5,  8,     7,  2,     3,  7,   9963, 5.9e-5
    - 5 :   2, 10,  696,    5,  8,     7,  2,     4,  6,  12762, 6.2e-5
    - 6 :   2, 10,  700,    6,  7,     7,  2,     4,  6,  15118, 6.0e-5
    - 7 :   2, 10,  699,    7,  6,    14,  1,     4,  6,  17604, 6.3e-5
    - 8 :   2, 10,  707,    7,  6,    14,  1,     5,  5,  21669, 6.2e-5
    - 9 :   2, 10,  707,    7,  6,    14,  1,     7,  4,  29549, 6.2e-5
    - 10:   2, 10,  719,   10,  4,    15,  1,     7,  4,  41735, 6.2e-5
    - 11:   2, 10,  705,   14,  3,    14,  1,     7,  4,  56854, 6.2e-5
    - 12:   2, 10,  710,   14,  3,    15,  1,    10,  3,  80126, 6.2e-5
    - 13:   2, 10,  721,   21,  2,    15,  1,    15,  2, 177246, 6.2e-5
    - 14:   2, 10,  720,   44,  1,    15,  1,    16,  2, 390398, 6.3e-5
    # no solution starting from log norm2 = 15

  - 10: # bits
    -ln2:   k,  N,    n, br_l,br_b, ks_l,ks_b, cb_l,cb_b,  cost, p_error
    - 0 :   2, 10,  691,    4,  9,     7,  2,     2,  9,   6394, 5.8e-5
    - 1 :   2, 10,  706,    4,  9,     7,  2,     2,  9,   6486, 6.3e-5
    - 2 :   2, 10,  718,    5,  8,     7,  2,     2, 10,   7973, 6.2e-5
    - 3 :   2, 10,  705,    4,  9,     7,  2,     3,  7,   9061, 5.9e-5
    - 4 :   2, 10,  704,    5,  8,     7,  2,     3,  7,  11029, 5.9e-5
    - 5 :   2, 10,  697,    5,  8,     7,  2,     4,  6,  14100, 6.3e-5
    - 6 :   2, 10,  702,    6,  7,     7,  2,     4,  6,  16718, 5.9e-5
    - 7 :   2, 10,  704,    7,  6,    14,  1,     4,  6,  19518, 6.1e-5
    - 8 :   2, 10,  713,    7,  6,    15,  1,     5,  5,  24059, 6.3e-5
    - 9 :   2, 10,  715,    7,  6,    14,  1,     7,  4,  32794, 6.3e-5
    - 10:   2, 10,  706,    8,  5,    15,  1,     9,  3,  46713, 6.3e-5
    - 11:   2, 10,  711,   14,  3,    15,  1,     7,  4,  63011, 6.2e-5
    - 12:   2, 10,  719,   14,  3,    15,  1,    10,  3,  88918, 6.3e-5
    - 13:   2, 10,  748,   21,  2,    16,  1,    15,  2, 199387, 6.3e-5
    - 14:   2, 10,  726,   45,  1,    15,  1,    16,  2, 441573, 6.3e-5
    # no solution starting from log norm2 = 15

  - 11: # bits
    -ln2:   k,  N,    n, br_l,br_b, ks_l,ks_b, cb_l,cb_b,  cost, p_error
    - 0 :   2, 10,  691,    4,  9,     7,  2,     2,  9,   7012, 6.1e-5
    - 1 :   2, 10,  709,    4,  9,     7,  2,     2,  9,   7134, 6.2e-5
    - 2 :   2, 10,  725,    5,  8,     7,  2,     2, 10,   8801, 6.2e-5
    - 3 :   2, 10,  707,    4,  9,     7,  2,     3,  7,   9941, 6.1e-5
    - 4 :   2, 10,  706,    5,  8,     7,  2,     3,  7,  12099, 6.0e-5
    - 5 :   2, 10,  699,    5,  8,     7,  2,     4,  6,  15455, 5.8e-5
    - 6 :   2, 10,  704,    6,  7,     7,  2,     4,  6,  18323, 5.8e-5
    - 7 :   2, 10,  709,    7,  6,    14,  1,     4,  6,  21448, 6.2e-5
    - 8 :   2, 10,  723,    7,  6,    15,  1,     5,  5,  26535, 6.3e-5
    - 9 :   2, 10,  725,    7,  6,    15,  1,     7,  4,  36175, 6.2e-5
    - 10:   2, 10,  712,    8,  5,    15,  1,     9,  3,  51286, 6.3e-5
    - 11:   2, 10,  719,   14,  3,    15,  1,     7,  4,  69313, 6.3e-5
    - 12:   2, 10,  739,   14,  3,    15,  1,    10,  3,  98699, 6.3e-5
    - 13:   2, 10,  703,   22,  2,    15,  1,    15,  2, 219802, 6.3e-5
    - 14:   2, 10,  725,   44,  1,    15,  1,    31,  1, 901081, 6.2e-5
    # no solution starting from log norm2 = 15

  - 12: # bits
    -ln2:   k,  N,    n, br_l,br_b, ks_l,ks_b, cb_l,cb_b,  cost, p_error
    - 0 :   2, 10,  691,    4,  9,     7,  2,     2,  9,   7012, 6.1e-5
    - 1 :   2, 10,  709,    4,  9,     7,  2,     2,  9,   7134, 6.2e-5
    - 2 :   2, 10,  725,    5,  8,     7,  2,     2, 10,   8801, 6.2e-5
    - 3 :   2, 10,  707,    4,  9,     7,  2,     3,  7,   9941, 6.1e-5
    - 4 :   2, 10,  706,    5,  8,     7,  2,     3,  7,  12099, 6.0e-5
    - 5 :   2, 10,  699,    5,  8,     7,  2,     4,  6,  15455, 5.8e-5
    - 6 :   2, 10,  704,    6,  7,     7,  2,     4,  6,  18323, 5.8e-5
    - 7 :   2, 10,  709,    7,  6,    14,  1,     4,  6,  21448, 6.2e-5
    - 8 :   2, 10,  723,    7,  6,    15,  1,     5,  5,  26535, 6.3e-5
    - 9 :   2, 10,  725,    7,  6,    15,  1,     7,  4,  36175, 6.2e-5
    - 10:   2, 10,  712,    8,  5,    15,  1,     9,  3,  51286, 6.3e-5
    - 11:   2, 10,  719,   14,  3,    15,  1,     7,  4,  69313, 6.3e-5
    - 12:   2, 10,  739,   14,  3,    15,  1,    10,  3,  98699, 6.3e-5
    - 13:   2, 10,  703,   22,  2,    15,  1,    15,  2, 219802, 6.3e-5
    - 14:   2, 10,  725,   44,  1,    15,  1,    31,  1, 901081, 6.2e-5
    # no solution starting from log norm2 = 15

  - 13: # bits
    -ln2:   k,  N,    n, br_l,br_b, ks_l,ks_b, cb_l,cb_b,  cost, p_error
    - 0 :   2, 10,  693,    4,  9,     7,  2,     2,  9,   9371, 5.7e-5
    - 1 :   2, 10,  725,    4,  9,     7,  2,     2,  9,   9661, 6.3e-5
    - 2 :   2, 10,  692,    4,  9,     7,  2,     3,  7,  13075, 6.2e-5
    - 3 :   2, 10,  720,    4,  9,     7,  2,     3,  7,  13417, 6.3e-5
    - 4 :   2, 10,  717,    5,  8,     7,  2,     3,  7,  16298, 6.3e-5
    - 5 :   2, 10,  704,    5,  8,     7,  2,     4,  6,  20705, 6.0e-5
    - 6 :   2, 10,  713,    6,  7,     7,  2,     4,  6,  24631, 6.1e-5
    - 7 :   2, 10,  712,    6,  7,    14,  1,     5,  5,  30401, 6.3e-5
    - 8 :   2, 10,  707,    8,  5,    14,  1,     5,  5,  39447, 6.3e-5
    - 9 :   2, 10,  695,    8,  5,    14,  1,     7,  4,  53207, 6.3e-5
    - 10:   2, 10,  694,   11,  4,    14,  1,     7,  4,  71821, 6.2e-5
    - 11:   2, 10,  703,   11,  4,    14,  1,    10,  3, 101371, 6.1e-5
    - 12:   2, 10,  695,   14,  3,    14,  1,    15,  2, 187570, 6.2e-5
    - 13:   2, 10,  732,   22,  2,    15,  1,    15,  2, 299944, 6.3e-5
    - 14:   2, 10,  751,   44,  1,    16,  1,    32,  1, 1264793, 6.3e-5
    # no solution starting from log norm2 = 15

  - 14: # bits
    -ln2:   k,  N,    n, br_l,br_b, ks_l,ks_b, cb_l,cb_b,  cost, p_error
    - 0 :   2, 10,  693,    4,  9,     7,  2,     2,  9,   9371, 5.7e-5
    - 1 :   2, 10,  725,    4,  9,     7,  2,     2,  9,   9661, 6.3e-5
    - 2 :   2, 10,  692,    4,  9,     7,  2,     3,  7,  13075, 6.2e-5
    - 3 :   2, 10,  720,    4,  9,     7,  2,     3,  7,  13417, 6.3e-5
    - 4 :   2, 10,  717,    5,  8,     7,  2,     3,  7,  16298, 6.3e-5
    - 5 :   2, 10,  704,    5,  8,     7,  2,     4,  6,  20705, 6.0e-5
    - 6 :   2, 10,  713,    6,  7,     7,  2,     4,  6,  24631, 6.1e-5
    - 7 :   2, 10,  712,    6,  7,    14,  1,     5,  5,  30401, 6.3e-5
    - 8 :   2, 10,  707,    8,  5,    14,  1,     5,  5,  39447, 6.3e-5
    - 9 :   2, 10,  695,    8,  5,    14,  1,     7,  4,  53207, 6.3e-5
    - 10:   2, 10,  694,   11,  4,    14,  1,     7,  4,  71821, 6.2e-5
    - 11:   2, 10,  703,   11,  4,    14,  1,    10,  3, 101371, 6.1e-5
    - 12:   2, 10,  695,   14,  3,    14,  1,    15,  2, 187570, 6.2e-5
    - 13:   2, 10,  732,   22,  2,    15,  1,    15,  2, 299944, 6.3e-5
    - 14:   2, 10,  751,   44,  1,    16,  1,    32,  1, 1264793, 6.3e-5
    # no solution starting from log norm2 = 15

  - 15: # bits
    -ln2:   k,  N,    n, br_l,br_b, ks_l,ks_b, cb_l,cb_b,  cost, p_error
    - 0 :   2, 10,  693,    4,  9,     7,  2,     2,  9,   9371, 5.7e-5
    - 1 :   2, 10,  725,    4,  9,     7,  2,     2,  9,   9661, 6.3e-5
    - 2 :   2, 10,  692,    4,  9,     7,  2,     3,  7,  13075, 6.2e-5
    - 3 :   2, 10,  720,    4,  9,     7,  2,     3,  7,  13417, 6.3e-5
    - 4 :   2, 10,  717,    5,  8,     7,  2,     3,  7,  16298, 6.3e-5
    - 5 :   2, 10,  704,    5,  8,     7,  2,     4,  6,  20705, 6.0e-5
    - 6 :   2, 10,  713,    6,  7,     7,  2,     4,  6,  24631, 6.1e-5
    - 7 :   2, 10,  712,    6,  7,    14,  1,     5,  5,  30401, 6.3e-5
    - 8 :   2, 10,  707,    8,  5,    14,  1,     5,  5,  39447, 6.3e-5
    - 9 :   2, 10,  695,    8,  5,    14,  1,     7,  4,  53207, 6.3e-5
    - 10:   2, 10,  694,   11,  4,    14,  1,     7,  4,  71821, 6.2e-5
    - 11:   2, 10,  703,   11,  4,    14,  1,    10,  3, 101371, 6.1e-5
    - 12:   2, 10,  695,   14,  3,    14,  1,    15,  2, 187570, 6.2e-5
    - 13:   2, 10,  732,   22,  2,    15,  1,    15,  2, 299944, 6.3e-5
    - 14:   2, 10,  751,   44,  1,    16,  1,    32,  1, 1264793, 6.3e-5
    # no solution starting from log norm2 = 15

  - 16: # bits
    -ln2:   k,  N,    n, br_l,br_b, ks_l,ks_b, cb_l,cb_b,  cost, p_error
    - 0 :   2, 10,  693,    4,  9,     7,  2,     2,  9,  10484, 6.3e-5
    - 1 :   2, 10,  744,    4,  9,     7,  2,     2,  9,  11000, 6.3e-5
    - 2 :   2, 10,  693,    4,  9,     7,  2,     3,  7,  14669, 5.9e-5
    - 3 :   2, 10,  733,    4,  9,     7,  2,     3,  7,  15215, 6.3e-5
    - 4 :   2, 10,  727,    5,  8,     7,  2,     3,  7,  18428, 6.2e-5
    - 5 :   2, 10,  707,    5,  8,     7,  2,     4,  6,  23289, 6.2e-5
    - 6 :   2, 10,  720,    6,  7,     7,  2,     4,  6,  27797, 6.1e-5
    - 7 :   2, 10,  725,    6,  7,    15,  1,     5,  5,  34560, 6.2e-5
    - 8 :   2, 10,  716,    8,  5,    15,  1,     5,  5,  44665, 6.2e-5
    - 9 :   2, 10,  699,    8,  5,    14,  1,     7,  4,  59966, 6.3e-5
    - 10:   2, 10,  698,   11,  4,    14,  1,     7,  4,  80932, 6.1e-5
    - 11:   2, 10,  709,   11,  4,    15,  1,    10,  3, 114528, 6.3e-5
    - 12:   2, 10,  699,   14,  3,    14,  1,    15,  2, 211555, 6.2e-5
    - 13:   2, 10,  704,   22,  2,    15,  1,    16,  2, 351079, 6.3e-5
    # no solution starting from log norm2 = 14
