security level: 80
target p_error: 6.3e-5
per precision and log norm2:

  - 1: # bits
    -ln2:   k,  N,    n, br_l,br_b, ks_l,ks_b, cb_l,cb_b, pp_l,pp_b,  cost, p_error
    - 0 :   1, 10,  450,    2, 13,     2,  5,     1,  9,     2, 13,     42, 8.1e-9
    - 1 :   1, 10,  450,    3, 10,     2,  5,     1, 10,     2, 13,     53, 1.7e-14
    - 2 :   1, 10,  450,    3, 10,     2,  5,     1, 10,     2, 13,     53, 2.2e-5
    - 3 :   1, 10,  450,    4,  8,     2,  5,     1, 11,     3, 10,     69, 5.9e-5
    - 4 :   1, 10,  450,    7,  5,     2,  5,     1, 12,     3, 10,    103, 2.6e-5
    - 5 :   1, 10,  450,    3, 10,     3,  4,     2,  7,     3, 10,    114, 4.9e-5
    - 6 :   1, 10,  450,    4,  8,     2,  5,     2,  7,     3, 10,    136, 1.6e-6
    - 7 :   1, 10,  450,    6,  6,     2,  5,     2,  8,     3, 10,    182, 1.8e-6
    - 8 :   1, 10,  450,    7,  5,     2,  5,     2,  8,     4,  8,    213, 3.8e-5
    - 9 :   1, 10,  450,    6,  6,     2,  5,     3,  6,     3, 10,    272, 5.1e-5
    - 10:   2, 10,  450,    5,  8,     2,  5,     2, 10,     3, 12,    361, 3.1e-9
    - 11:   2, 10,  450,    6,  7,     2,  5,     2, 10,     3, 12,    398, 6.7e-7
    - 12:   2, 10,  450,    8,  5,     3,  4,     2, 10,     3, 12,    474, 4.4e-5
    - 13:   2, 10,  450,    6,  7,     2,  5,     3,  8,     3, 12,    595, 1.0e-6
    - 14:   2, 10,  450,    7,  6,     2,  5,     3,  8,     3, 12,    651, 2.0e-5
    - 15:   2, 10,  450,    6,  7,     3,  4,     4,  6,     3, 12,    795, 2.5e-5
    - 16:   2, 10,  450,    7,  6,     2,  5,     5,  5,     3, 12,   1082, 2.0e-7
    - 17:   2, 10,  450,    8,  5,     2,  5,     6,  5,     3, 12,   1409, 3.4e-5
    - 18:   2, 10,  450,    8,  5,     4,  3,     7,  4,     3, 12,   1647, 6.3e-5
    - 19:   2, 10,  450,   14,  3,     2,  5,     6,  5,     5,  8,   2362, 4.3e-5
    - 20:   2, 10,  450,   15,  3,     2,  5,     8,  4,     5,  8,   3296, 5.9e-5
    - 21:   2, 10,  450,   21,  2,     3,  4,    10,  3,     5,  8,   5228, 4.9e-5
    - 22:   2, 10,  450,   22,  2,     2,  5,    16,  2,     5,  8,   8655, 3.7e-5
    # no solution starting from log norm2 = 23

  - 2: # bits
    -ln2:   k,  N,    n, br_l,br_b, ks_l,ks_b, cb_l,cb_b, pp_l,pp_b,  cost, p_error
    - 0 :   1, 10,  450,    4,  8,     3,  4,     1, 10,     2, 13,    187, 2.7e-5
    - 1 :   1, 10,  450,    3, 10,     2,  5,     2,  7,     2, 13,    255, 2.3e-10
    - 2 :   1, 10,  450,    3, 10,     2,  5,     2,  7,     2, 13,    255, 7.3e-6
    - 3 :   1, 10,  450,    4,  8,     2,  5,     2,  7,     2, 13,    312, 7.0e-6
    - 4 :   1, 10,  450,    3, 10,     3,  4,     3,  5,     2, 13,    361, 4.5e-5
    - 5 :   1, 10,  450,    4,  8,     3,  4,     3,  5,     3, 10,    465, 4.0e-5
    - 6 :   1, 10,  450,    4,  8,     5,  3,     4,  4,     3, 10,    603, 6.2e-5
    - 7 :   1, 10,  450,    7,  5,     3,  4,     3,  6,     3, 10,    705, 5.5e-5
    - 8 :   2, 10,  450,    5,  8,     3,  4,     2, 10,     3, 12,    833, 4.1e-6
    - 9 :   2, 10,  450,    7,  6,     3,  4,     2, 10,     3, 12,   1017, 1.0e-6
    - 10:   2, 10,  450,    5,  8,     3,  4,     3,  7,     3, 12,   1191, 6.7e-7
    - 11:   2, 10,  450,    7,  6,     2,  5,     3,  8,     3, 12,   1446, 2.2e-5
    - 12:   2, 10,  450,    8,  5,     3,  4,     3,  8,     3, 12,   1578, 5.6e-5
    - 13:   2, 10,  450,    7,  6,     3,  4,     4,  6,     3, 12,   1881, 2.7e-5
    - 14:   2, 10,  450,    7,  6,     4,  3,     5,  5,     3, 12,   2316, 5.7e-5
    - 15:   2, 10,  450,    7,  6,     3,  4,     7,  4,     3, 12,   3176, 4.4e-5
    - 16:   2, 10,  450,   11,  4,     4,  3,     6,  5,     5,  8,   4284, 6.0e-5
    - 17:   2, 10,  450,   14,  3,     3,  4,     7,  4,     5,  8,   5787, 2.8e-5
    - 18:   2, 10,  450,   14,  3,     3,  4,    10,  3,     5,  8,   8145, 2.1e-5
    - 19:   2, 10,  450,   23,  2,     7,  2,    11,  3,     5,  8,  12766, 6.2e-5
    - 20:   2, 10,  450,   44,  1,     5,  3,    16,  2,     5,  8,  31142, 5.7e-5
    # no solution starting from log norm2 = 21

  - 3: # bits
    -ln2:   k,  N,    n, br_l,br_b, ks_l,ks_b, cb_l,cb_b, pp_l,pp_b,  cost, p_error
    - 0 :   1, 10,  450,    3, 10,     4,  3,     2,  7,     2, 13,    410, 4.2e-5
    - 1 :   1, 10,  450,    4,  8,     4,  3,     2,  7,     2, 13,    502, 4.0e-5
    - 2 :   1, 10,  450,    4,  8,     3,  4,     3,  5,     2, 13,    689, 1.5e-6
    - 3 :   1, 10,  450,    7,  5,     3,  4,     2,  8,     4,  8,    821, 2.3e-5
    - 4 :   1, 10,  450,    6,  6,     3,  4,     3,  6,     3, 10,    977, 3.0e-5
    - 5 :   1, 10,  450,    7,  5,     5,  3,     3,  6,     4,  8,   1144, 5.6e-5
    - 6 :   2, 10,  450,    6,  7,     3,  4,     2, 10,     3, 12,   1451, 6.6e-6
    - 7 :   2, 10,  450,    7,  6,     7,  2,     2, 10,     3, 12,   1619, 5.1e-5
    - 8 :   2, 10,  450,    5,  8,     5,  3,     3,  7,     3, 12,   1850, 6.3e-5
    - 9 :   2, 10,  450,    7,  6,     3,  4,     3,  8,     3, 12,   2246, 4.6e-5
    - 10:   2, 10,  450,    6,  7,     4,  3,     4,  6,     3, 12,   2640, 2.3e-5
    - 11:   2, 10,  450,    6,  7,     5,  3,     5,  5,     3, 12,   3238, 4.7e-5
    - 12:   2, 10,  450,    9,  5,    14,  1,     5,  5,     3, 12,   4227, 6.1e-5
    - 13:   2, 10,  450,    8,  5,     4,  3,     7,  4,     3, 12,   5266, 5.2e-5
    - 14:   2, 10,  450,   11,  4,     3,  4,     7,  4,     5,  8,   7543, 3.4e-5
    - 15:   2, 10,  450,   14,  3,     7,  2,     8,  4,     5,  8,  10017, 3.8e-5
    - 16:   2, 10,  450,   15,  3,    14,  1,    11,  3,     6,  7,  15031, 6.0e-5
    - 17:   2, 10,  450,   22,  2,     4,  3,    16,  2,     5,  8,  26819, 1.4e-5
    - 18:   2, 10,  450,   44,  1,    15,  1,    32,  1,     6,  7,  94934, 6.3e-5
    # no solution starting from log norm2 = 19

  - 4: # bits
    -ln2:   k,  N,    n, br_l,br_b, ks_l,ks_b, cb_l,cb_b, pp_l,pp_b,  cost, p_error
    - 0 :   1, 10,  450,    4,  8,     3,  4,     2,  7,     2, 13,    943, 4.8e-7
    - 1 :   1, 10,  450,    3, 10,     3,  4,     3,  5,     2, 13,   1084, 2.8e-5
    - 2 :   1, 10,  458,    4,  8,     7,  2,     3,  5,     2, 13,   1366, 6.3e-5
    - 3 :   1, 10,  450,    5,  7,     7,  2,     3,  6,     3, 10,   1657, 6.0e-5
    - 4 :   1, 10,  450,    7,  5,     3,  4,     3,  6,     3, 10,   2116, 3.3e-5
    - 5 :   2, 10,  450,    5,  8,     3,  4,     2, 10,     3, 12,   2499, 2.2e-5
    - 6 :   2, 10,  450,    6,  7,     5,  3,     2, 10,     3, 12,   2797, 4.4e-5
    - 7 :   2, 10,  450,    5,  8,     3,  4,     3,  7,     3, 12,   3573, 8.7e-6
    - 8 :   2, 10,  450,    6,  7,     5,  3,     3,  8,     3, 12,   3982, 5.7e-5
    - 9 :   2, 10,  450,    8,  5,     4,  3,     3,  8,     3, 12,   4747, 2.6e-5
    - 10:   2, 10,  451,    7,  6,     3,  4,     4,  6,     3, 12,   5652, 5.9e-5
    - 11:   2, 10,  450,    7,  6,     4,  3,     5,  5,     3, 12,   6950, 3.5e-5
    - 12:   2, 10,  450,    7,  6,     4,  3,     7,  4,     3, 12,   9540, 2.1e-5
    - 13:   2, 10,  450,   11,  4,     4,  3,     6,  5,     5,  8,  12854, 3.7e-5
    - 14:   2, 10,  450,   14,  3,     4,  3,     7,  4,     5,  8,  17372, 1.4e-5
    - 15:   2, 10,  450,   14,  3,     3,  4,    10,  3,     5,  8,  24437, 5.6e-5
    - 16:   2, 10,  450,   22,  2,     7,  2,    10,  3,     6,  7,  35223, 6.0e-5
    - 17:   2, 10,  450,   43,  1,     7,  2,    16,  2,     5,  8,  91622, 6.3e-5
    # no solution starting from log norm2 = 18

  - 5: # bits
    -ln2:   k,  N,    n, br_l,br_b, ks_l,ks_b, cb_l,cb_b, pp_l,pp_b,  cost, p_error
    - 0 :   1, 10,  450,    4,  8,     3,  4,     2,  7,     2, 13,    943, 4.8e-7
    - 1 :   1, 10,  450,    3, 10,     3,  4,     3,  5,     2, 13,   1084, 2.8e-5
    - 2 :   1, 10,  458,    4,  8,     7,  2,     3,  5,     2, 13,   1366, 6.3e-5
    - 3 :   1, 10,  450,    5,  7,     7,  2,     3,  6,     3, 10,   1657, 6.0e-5
    - 4 :   1, 10,  450,    7,  5,     3,  4,     3,  6,     3, 10,   2116, 3.3e-5
    - 5 :   2, 10,  450,    5,  8,     3,  4,     2, 10,     3, 12,   2499, 2.2e-5
    - 6 :   2, 10,  450,    6,  7,     5,  3,     2, 10,     3, 12,   2797, 4.4e-5
    - 7 :   2, 10,  450,    5,  8,     3,  4,     3,  7,     3, 12,   3573, 8.7e-6
    - 8 :   2, 10,  450,    6,  7,     5,  3,     3,  8,     3, 12,   3982, 5.7e-5
    - 9 :   2, 10,  450,    8,  5,     4,  3,     3,  8,     3, 12,   4747, 2.6e-5
    - 10:   2, 10,  451,    7,  6,     3,  4,     4,  6,     3, 12,   5652, 5.9e-5
    - 11:   2, 10,  450,    7,  6,     4,  3,     5,  5,     3, 12,   6950, 3.5e-5
    - 12:   2, 10,  450,    7,  6,     4,  3,     7,  4,     3, 12,   9540, 2.1e-5
    - 13:   2, 10,  450,   11,  4,     4,  3,     6,  5,     5,  8,  12854, 3.7e-5
    - 14:   2, 10,  450,   14,  3,     4,  3,     7,  4,     5,  8,  17372, 1.4e-5
    - 15:   2, 10,  450,   14,  3,     3,  4,    10,  3,     5,  8,  24437, 5.6e-5
    - 16:   2, 10,  450,   22,  2,     7,  2,    10,  3,     6,  7,  35223, 6.0e-5
    - 17:   2, 10,  450,   43,  1,     7,  2,    16,  2,     5,  8,  91622, 6.3e-5
    # no solution starting from log norm2 = 18

  - 6: # bits
    -ln2:   k,  N,    n, br_l,br_b, ks_l,ks_b, cb_l,cb_b, pp_l,pp_b,  cost, p_error
    - 0 :   1, 10,  450,    4,  8,     3,  4,     2,  7,     2, 13,   1128, 1.7e-6
    - 1 :   1, 10,  450,    3, 10,     4,  3,     3,  5,     2, 13,   1293, 3.9e-5
    - 2 :   1, 10,  450,    4,  8,     4,  3,     3,  5,     3, 10,   1662, 3.5e-5
    - 3 :   1, 10,  450,    4,  8,     5,  3,     4,  4,     3, 10,   2141, 4.9e-5
    - 4 :   1, 10,  450,    7,  5,     4,  3,     3,  6,     3, 10,   2519, 4.7e-5
    - 5 :   2, 10,  450,    5,  8,     3,  4,     2, 10,     3, 12,   2970, 5.0e-5
    - 6 :   2, 10,  450,    7,  6,     3,  4,     2, 10,     3, 12,   3634, 2.4e-5
    - 7 :   2, 10,  450,    5,  8,     3,  4,     3,  7,     3, 12,   4222, 2.0e-5
    - 8 :   2, 10,  450,    7,  6,     3,  4,     3,  8,     3, 12,   5145, 2.8e-6
    - 9 :   2, 10,  450,    8,  5,     5,  3,     3,  8,     3, 12,   5631, 4.2e-5
    - 10:   2, 10,  450,    7,  6,     4,  3,     4,  6,     3, 12,   6669, 3.9e-5
    - 11:   2, 10,  450,    7,  6,     5,  3,     5,  5,     3, 12,   8192, 5.8e-5
    - 12:   2, 10,  450,    7,  6,     4,  3,     7,  4,     3, 12,  11202, 5.8e-5
    - 13:   2, 10,  450,   11,  4,     5,  3,     6,  5,     5,  8,  15117, 6.0e-5
    - 14:   2, 10,  450,   14,  3,     4,  3,     7,  4,     5,  8,  20404, 4.1e-5
    - 15:   2, 10,  450,   14,  3,     4,  3,    10,  3,     5,  8,  28659, 3.2e-5
    - 16:   2, 10,  450,   22,  2,     7,  2,    11,  3,     5,  8,  43408, 5.0e-5
    - 17:   2, 10,  450,   44,  1,     7,  2,    16,  2,     5,  8, 109438, 3.8e-5
    # no solution starting from log norm2 = 18

  - 7: # bits
    -ln2:   k,  N,    n, br_l,br_b, ks_l,ks_b, cb_l,cb_b, pp_l,pp_b,  cost, p_error
    - 0 :   1, 10,  450,    4,  8,     3,  4,     2,  7,     2, 13,   1313, 4.7e-6
    - 1 :   1, 10,  450,    3, 10,     7,  2,     3,  5,     2, 13,   1517, 6.2e-5
    - 2 :   1, 10,  450,    4,  8,     7,  2,     3,  5,     3, 10,   1945, 5.6e-5
    - 3 :   1, 10,  450,    6,  6,     3,  4,     3,  6,     3, 10,   2579, 1.5e-6
    - 4 :   1, 10,  450,    7,  5,     3,  4,     3,  6,     4,  8,   3007, 8.8e-6
    - 5 :   2, 10,  450,    5,  8,     4,  3,     2, 10,     3, 12,   3454, 2.3e-5
    - 6 :   2, 10,  450,    7,  6,     3,  4,     2, 10,     3, 12,   4215, 4.8e-5
    - 7 :   2, 10,  450,    5,  8,     3,  4,     3,  7,     3, 12,   4871, 3.9e-5
    - 8 :   2, 10,  450,    7,  6,     3,  4,     3,  8,     3, 12,   5942, 5.5e-6
    - 9 :   2, 10,  456,    8,  5,     8,  2,     3,  8,     3, 12,   6612, 6.3e-5
    - 10:   2, 10,  450,    7,  6,     5,  3,     4,  6,     3, 12,   7697, 5.6e-5
    - 11:   2, 10,  450,    8,  5,     4,  3,     5,  5,     3, 12,  10241, 2.7e-5
    - 12:   2, 10,  450,    7,  6,     7,  2,     7,  4,     3, 12,  12907, 5.2e-5
    - 13:   2, 10,  450,   10,  4,     7,  2,     7,  4,     5,  8,  18974, 4.6e-5
    - 14:   2, 10,  450,   14,  3,     5,  3,     7,  4,     5,  8,  23450, 5.9e-5
    - 15:   2, 10,  450,   14,  3,     5,  3,    10,  3,     5,  8,  32884, 4.5e-5
    - 16:   2, 10,  450,   22,  2,     4,  3,    15,  2,     5,  8,  67052, 3.5e-5
    - 17:   2, 10,  450,   45,  1,    15,  1,    16,  2,     5,  8, 127994, 6.3e-5
    # no solution starting from log norm2 = 18

  - 8: # bits
    -ln2:   k,  N,    n, br_l,br_b, ks_l,ks_b, cb_l,cb_b, pp_l,pp_b,  cost, p_error
    - 0 :   1, 10,  450,    4,  8,     3,  4,     2,  7,     2, 13,   1498, 1.1e-5
    - 1 :   1, 10,  450,    5,  7,     5,  3,     2,  8,     4,  8,   1932, 5.0e-5
    - 2 :   1, 10,  450,    7,  5,     3,  4,     2,  8,     3, 10,   2393, 5.9e-5
    - 3 :   1, 10,  450,    6,  6,     3,  4,     3,  6,     3, 10,   2931, 3.7e-6
    - 4 :   1, 10,  450,    7,  5,     3,  4,     3,  6,     4,  8,   3416, 2.0e-5
    - 5 :   2, 10,  450,    5,  8,     4,  3,     2, 10,     3, 12,   3925, 5.2e-5
    - 6 :   2, 10,  450,    7,  6,     4,  3,     2, 10,     3, 12,   4811, 2.0e-5
    - 7 :   2, 10,  452,    5,  8,     3,  4,     3,  7,     3, 12,   5536, 5.9e-5
    - 8 :   2, 10,  450,    7,  6,     3,  4,     3,  8,     3, 12,   6739, 1.0e-5
    - 9 :   2, 10,  450,    6,  7,     3,  4,     4,  6,     3, 12,   7906, 2.2e-5
    - 10:   2, 10,  450,    8,  5,     4,  3,     4,  6,     3, 12,   9473, 2.9e-5
    - 11:   2, 10,  450,    8,  5,     4,  3,     5,  5,     3, 12,  11582, 5.9e-5
    - 12:   2, 10,  450,    8,  5,     3,  4,     7,  4,     3, 12,  15784, 4.1e-5
    - 13:   2, 10,  450,    8,  5,     5,  3,    10,  3,     3, 12,  22143, 4.4e-5
    - 14:   2, 10,  450,   15,  3,     5,  3,     7,  4,     5,  8,  27757, 5.2e-5
    - 15:   2, 10,  450,   14,  3,    14,  1,    10,  3,     5,  8,  37240, 5.7e-5
    - 16:   2, 10,  450,   22,  2,     5,  3,    15,  2,     5,  8,  75607, 4.5e-5
    - 17:   2, 10,  450,   45,  1,     7,  2,    17,  2,     6,  7, 156545, 5.9e-5
    # no solution starting from log norm2 = 18

  - 9: # bits
    -ln2:   k,  N,    n, br_l,br_b, ks_l,ks_b, cb_l,cb_b, pp_l,pp_b,  cost, p_error
    - 0 :   1, 10,  450,    7,  5,     7,  2,     2,  8,     4,  8,   2804, 3.4e-5
    - 1 :   1, 10,  450,    6,  6,     7,  2,     3,  6,     3, 10,   3318, 4.1e-5
    - 2 :   1, 10,  450,    6,  6,     7,  2,     4,  5,     4,  8,   4381, 3.7e-5
    - 3 :   2, 10,  452,    6,  7,     5,  3,     2, 10,     3, 12,   4929, 6.1e-5
    - 4 :   2, 10,  461,    4,  9,     8,  2,     3,  7,     3, 12,   5658, 6.3e-5
    - 5 :   2, 10,  453,    6,  7,     5,  3,     3,  8,     3, 12,   6919, 5.8e-5
    - 6 :   2, 10,  450,    7,  6,     7,  2,     3,  8,     3, 12,   7606, 3.8e-5
    - 7 :   2, 10,  453,    6,  7,     7,  2,     4,  6,     3, 12,   8937, 6.3e-5
    - 8 :   2, 10,  451,    7,  6,     5,  3,     5,  5,     3, 12,  11907, 5.3e-5
    - 9 :   2, 10,  450,    8,  5,     7,  2,     6,  5,     3, 12,  15319, 5.1e-5
    - 10:   2, 10,  458,    8,  5,    15,  1,     7,  4,     3, 12,  18030, 6.3e-5
    - 11:   2, 10,  450,   11,  4,     7,  2,     7,  4,     5,  8,  25288, 2.9e-5
    - 12:   2, 10,  452,   15,  3,     7,  2,     8,  4,     5,  8,  35202, 6.3e-5
    - 13:   2, 10,  451,   21,  2,    15,  1,    10,  3,     5,  8,  55407, 6.2e-5
    - 14:   2, 10,  450,   22,  2,     7,  2,    16,  2,     5,  8,  89591, 5.4e-5
    # no solution starting from log norm2 = 15

  - 10: # bits
    -ln2:   k,  N,    n, br_l,br_b, ks_l,ks_b, cb_l,cb_b, pp_l,pp_b,  cost, p_error
    - 0 :   1, 10,  450,    7,  5,     7,  2,     2,  8,     4,  8,   3111, 5.6e-5
    - 1 :   1, 10,  454,    6,  6,     7,  2,     3,  6,     3, 10,   3703, 6.3e-5
    - 2 :   1, 10,  450,    6,  6,     7,  2,     4,  5,     4,  8,   4843, 6.1e-5
    - 3 :   2, 10,  454,    6,  7,     5,  3,     2, 10,     3, 12,   5476, 5.9e-5
    - 4 :   2, 10,  450,    5,  8,     5,  3,     3,  7,     3, 12,   6857, 2.5e-5
    - 5 :   2, 10,  450,    6,  7,     7,  2,     3,  8,     3, 12,   7653, 1.3e-5
    - 6 :   2, 10,  450,    7,  6,     7,  2,     3,  8,     3, 12,   8409, 5.8e-5
    - 7 :   2, 10,  454,    6,  7,    15,  1,     4,  6,     3, 12,  10040, 6.2e-5
    - 8 :   2, 10,  450,    7,  6,     7,  2,     5,  5,     3, 12,  13159, 6.9e-6
    - 9 :   2, 10,  454,    8,  5,     7,  2,     6,  5,     3, 12,  17007, 6.3e-5
    - 10:   2, 10,  451,    9,  5,     7,  2,     7,  4,     3, 12,  21081, 6.2e-5
    - 11:   2, 10,  450,   11,  4,     7,  2,     7,  4,     5,  8,  27883, 4.5e-5
    - 12:   2, 10,  452,   15,  3,    15,  1,     8,  4,     5,  8,  38966, 6.2e-5
    - 13:   2, 10,  450,   22,  2,     7,  2,    10,  3,     5,  8,  62986, 2.3e-5
    - 14:   2, 10,  450,   22,  2,    14,  1,    16,  2,     5,  8,  98813, 5.3e-5
    # no solution starting from log norm2 = 15

  - 11: # bits
    -ln2:   k,  N,    n, br_l,br_b, ks_l,ks_b, cb_l,cb_b, pp_l,pp_b,  cost, p_error
    - 0 :   1, 10,  450,    5,  7,     5,  3,     3,  6,     3, 10,   3494, 4.1e-5
    - 1 :   1, 10,  450,    6,  6,     7,  2,     3,  6,     4,  8,   4173, 3.5e-5
    - 2 :   2, 10,  450,    5,  8,     5,  3,     2, 10,     3, 12,   5362, 4.3e-5
    - 3 :   2, 10,  450,    6,  7,     7,  2,     2, 10,     3, 12,   6014, 1.7e-5
    - 4 :   2, 10,  450,    5,  8,     5,  3,     3,  7,     3, 12,   7510, 2.9e-5
    - 5 :   2, 10,  450,    6,  7,     7,  2,     3,  8,     3, 12,   8383, 2.0e-5
    - 6 :   2, 10,  457,    7,  6,     7,  2,     3,  8,     3, 12,   9316, 6.2e-5
    - 7 :   2, 10,  451,    7,  6,     5,  3,     4,  6,     3, 12,  11780, 6.0e-5
    - 8 :   2, 10,  450,    7,  6,     7,  2,     5,  5,     3, 12,  14394, 1.0e-5
    - 9 :   2, 10,  454,    8,  5,    15,  1,     6,  5,     3, 12,  18769, 6.3e-5
    - 10:   2, 10,  450,    9,  5,    15,  1,     7,  4,     3, 12,  23178, 6.0e-5
    - 11:   2, 10,  451,   11,  4,     7,  2,     7,  4,     5,  8,  30522, 6.3e-5
    - 12:   2, 10,  466,   11,  4,    16,  1,    10,  3,     6,  7,  46718, 6.3e-5
    - 13:   2, 10,  450,   22,  2,     7,  2,    10,  3,     5,  8,  68826, 3.3e-5
    - 14:   2, 10,  457,   22,  2,    15,  1,    16,  2,     5,  8, 109251, 6.2e-5
    # no solution starting from log norm2 = 15

  - 12: # bits
    -ln2:   k,  N,    n, br_l,br_b, ks_l,ks_b, cb_l,cb_b, pp_l,pp_b,  cost, p_error
    - 0 :   1, 10,  450,    5,  7,     7,  2,     3,  6,     3, 10,   4378, 3.8e-5
    - 1 :   1, 10,  450,    7,  5,     5,  3,     3,  6,     3, 10,   5631, 3.6e-5
    - 2 :   2, 10,  451,    5,  8,     5,  3,     2, 10,     3, 12,   6687, 6.2e-5
    - 3 :   2, 10,  450,    6,  7,     7,  2,     2, 10,     3, 12,   7487, 4.5e-5
    - 4 :   2, 10,  450,    5,  8,     5,  3,     3,  7,     3, 12,   9362, 4.8e-5
    - 5 :   2, 10,  450,    6,  7,     7,  2,     3,  8,     3, 12,  10449, 5.3e-5
    - 6 :   2, 10,  460,    5,  8,     7,  2,     4,  6,     3, 12,  12273, 6.3e-5
    - 7 :   2, 10,  450,    7,  6,     7,  2,     4,  6,     3, 12,  14721, 1.5e-5
    - 8 :   2, 10,  450,    7,  6,     7,  2,     5,  5,     3, 12,  17960, 2.7e-5
    - 9 :   2, 10,  450,    7,  6,     7,  2,     7,  4,     3, 12,  24437, 1.9e-5
    - 10:   2, 10,  450,   11,  4,     7,  2,     6,  5,     5,  8,  32978, 2.7e-5
    - 11:   2, 10,  458,   15,  3,    15,  1,     6,  5,     5,  8,  41177, 6.2e-5
    - 12:   2, 10,  450,   14,  3,     7,  2,    10,  3,     5,  8,  62160, 1.3e-5
    - 13:   2, 10,  450,   22,  2,    14,  1,    10,  3,     5,  8,  86118, 5.9e-5
    - 14:   2, 10,  450,   43,  1,    14,  1,    16,  2,     5,  8, 232077, 4.9e-5
    # no solution starting from log norm2 = 15

  - 13: # bits
    -ln2:   k,  N,    n, br_l,br_b, ks_l,ks_b, cb_l,cb_b, pp_l,pp_b,  cost, p_error
    - 0 :   1, 10,  450,    5,  7,     7,  2,     3,  6,     3, 10,   4689, 5.4e-5
    - 1 :   1, 10,  450,    7,  5,     5,  3,     3,  6,     3, 10,   6032, 4.7e-5
    - 2 :   2, 10,  452,    5,  8,     5,  3,     2, 10,     3, 12,   7174, 6.2e-5
    - 3 :   2, 10,  450,    6,  7,     7,  2,     2, 10,     3, 12,   8021, 5.9e-5
    - 4 :   2, 10,  450,    5,  8,     5,  3,     3,  7,     3, 12,  10017, 5.6e-5
    - 5 :   2, 10,  452,    6,  7,     7,  2,     3,  8,     3, 12,  11215, 6.3e-5
    - 6 :   2, 10,  459,    5,  8,    15,  1,     4,  6,     3, 12,  13335, 6.2e-5
    - 7 :   2, 10,  450,    7,  6,     7,  2,     4,  6,     3, 12,  15744, 1.9e-5
    - 8 :   2, 10,  450,    7,  6,     7,  2,     5,  5,     3, 12,  19199, 3.6e-5
    - 9 :   2, 10,  450,    7,  6,     7,  2,     7,  4,     3, 12,  26109, 2.5e-5
    - 10:   2, 10,  450,   11,  4,     7,  2,     6,  5,     5,  8,  35239, 3.7e-5
    - 11:   2, 10,  466,   11,  4,    16,  1,     8,  4,     5,  8,  47402, 6.3e-5
    - 12:   2, 10,  450,   14,  3,     7,  2,    10,  3,     5,  8,  66383, 1.7e-5
    - 13:   2, 10,  456,   22,  2,    15,  1,    10,  3,     5,  8,  92976, 6.2e-5
    - 14:   2, 10,  450,   43,  1,    15,  1,    16,  2,     5,  8, 247803, 6.3e-5
    # no solution starting from log norm2 = 15

  - 14: # bits
    -ln2:   k,  N,    n, br_l,br_b, ks_l,ks_b, cb_l,cb_b, pp_l,pp_b,  cost, p_error
    - 0 :   1, 10,  450,    5,  7,     7,  2,     3,  6,     3, 10,   4689, 5.4e-5
    - 1 :   1, 10,  450,    7,  5,     5,  3,     3,  6,     3, 10,   6032, 4.7e-5
    - 2 :   2, 10,  452,    5,  8,     5,  3,     2, 10,     3, 12,   7174, 6.2e-5
    - 3 :   2, 10,  450,    6,  7,     7,  2,     2, 10,     3, 12,   8021, 5.9e-5
    - 4 :   2, 10,  450,    5,  8,     5,  3,     3,  7,     3, 12,  10017, 5.6e-5
    - 5 :   2, 10,  452,    6,  7,     7,  2,     3,  8,     3, 12,  11215, 6.3e-5
    - 6 :   2, 10,  459,    5,  8,    15,  1,     4,  6,     3, 12,  13335, 6.2e-5
    - 7 :   2, 10,  450,    7,  6,     7,  2,     4,  6,     3, 12,  15744, 1.9e-5
    - 8 :   2, 10,  450,    7,  6,     7,  2,     5,  5,     3, 12,  19199, 3.6e-5
    - 9 :   2, 10,  450,    7,  6,     7,  2,     7,  4,     3, 12,  26109, 2.5e-5
    - 10:   2, 10,  450,   11,  4,     7,  2,     6,  5,     5,  8,  35239, 3.7e-5
    - 11:   2, 10,  466,   11,  4,    16,  1,     8,  4,     5,  8,  47402, 6.3e-5
    - 12:   2, 10,  450,   14,  3,     7,  2,    10,  3,     5,  8,  66383, 1.7e-5
    - 13:   2, 10,  456,   22,  2,    15,  1,    10,  3,     5,  8,  92976, 6.2e-5
    - 14:   2, 10,  450,   43,  1,    15,  1,    16,  2,     5,  8, 247803, 6.3e-5
    # no solution starting from log norm2 = 15

  - 15: # bits
    -ln2:   k,  N,    n, br_l,br_b, ks_l,ks_b, cb_l,cb_b, pp_l,pp_b,  cost, p_error
    - 0 :   1, 10,  450,    5,  7,     7,  2,     3,  6,     3, 10,   4689, 5.4e-5
    - 1 :   1, 10,  450,    7,  5,     5,  3,     3,  6,     3, 10,   6032, 4.7e-5
    - 2 :   2, 10,  452,    5,  8,     5,  3,     2, 10,     3, 12,   7174, 6.2e-5
    - 3 :   2, 10,  450,    6,  7,     7,  2,     2, 10,     3, 12,   8021, 5.9e-5
    - 4 :   2, 10,  450,    5,  8,     5,  3,     3,  7,     3, 12,  10017, 5.6e-5
    - 5 :   2, 10,  452,    6,  7,     7,  2,     3,  8,     3, 12,  11215, 6.3e-5
    - 6 :   2, 10,  459,    5,  8,    15,  1,     4,  6,     3, 12,  13335, 6.2e-5
    - 7 :   2, 10,  450,    7,  6,     7,  2,     4,  6,     3, 12,  15744, 1.9e-5
    - 8 :   2, 10,  450,    7,  6,     7,  2,     5,  5,     3, 12,  19199, 3.6e-5
    - 9 :   2, 10,  450,    7,  6,     7,  2,     7,  4,     3, 12,  26109, 2.5e-5
    - 10:   2, 10,  450,   11,  4,     7,  2,     6,  5,     5,  8,  35239, 3.7e-5
    - 11:   2, 10,  466,   11,  4,    16,  1,     8,  4,     5,  8,  47402, 6.3e-5
    - 12:   2, 10,  450,   14,  3,     7,  2,    10,  3,     5,  8,  66383, 1.7e-5
    - 13:   2, 10,  456,   22,  2,    15,  1,    10,  3,     5,  8,  92976, 6.2e-5
    - 14:   2, 10,  450,   43,  1,    15,  1,    16,  2,     5,  8, 247803, 6.3e-5
    # no solution starting from log norm2 = 15

  - 16: # bits
    -ln2:   k,  N,    n, br_l,br_b, ks_l,ks_b, cb_l,cb_b, pp_l,pp_b,  cost, p_error
    - 0 :   1, 10,  454,    5,  7,     7,  2,     3,  6,     4,  8,   5508, 6.3e-5
    - 1 :   1, 10,  450,    7,  5,     7,  2,     3,  6,     3, 10,   6782, 2.6e-5
    - 2 :   2, 10,  455,    5,  8,     5,  3,     2, 10,     3, 12,   8064, 5.6e-5
    - 3 :   2, 10,  462,    6,  7,     7,  2,     2, 10,     3, 12,   9141, 6.2e-5
    - 4 :   2, 10,  451,    5,  8,     5,  3,     3,  7,     3, 12,  11246, 6.2e-5
    - 5 :   2, 10,  456,    6,  7,    15,  1,     3,  8,     3, 12,  12902, 6.3e-5
    - 6 :   2, 10,  450,    8,  5,     7,  2,     3,  8,     3, 12,  15003, 4.9e-5
    - 7 :   2, 10,  450,    7,  6,     7,  2,     4,  6,     3, 12,  17658, 3.3e-5
    - 8 :   2, 10,  450,    7,  6,     7,  2,     5,  5,     3, 12,  21549, 6.0e-5
    - 9 :   2, 10,  450,    7,  6,     7,  2,     7,  4,     3, 12,  29330, 4.3e-5
    - 10:   2, 10,  450,   11,  4,     7,  2,     6,  5,     5,  8,  39560, 6.2e-5
    - 11:   2, 10,  450,   14,  3,     7,  2,     7,  4,     5,  8,  53341, 3.3e-5
    - 12:   2, 10,  450,   14,  3,     7,  2,    10,  3,     5,  8,  74585, 2.8e-5
    - 13:   2, 10,  450,   22,  2,    14,  1,    11,  3,     5,  8, 113043, 4.9e-5
    - 14:   2, 10,  450,   44,  1,    14,  1,    16,  2,     5,  8, 283960, 4.1e-5
    # no solution starting from log norm2 = 15
