security level: 160
target p_error: 6.3e-5
per precision and log norm2:

  - 1: # bits
    -ln2:   k,  N,    n, br_l,br_b, ks_l,ks_b, cb_l,cb_b,  cost, p_error
    - 0 :   1, 11,  882,    5,  7,     7,  2,     1, 12,    386, 6.1e-5
    - 1 :   2, 10,  880,    3, 10,     7,  2,     2,  7,    441, 6.0e-5
    - 2 :   2, 10,  879,    4,  8,     7,  2,     2,  8,    561, 6.0e-5
    - 3 :   2, 10,  882,    5,  7,     7,  2,     2,  8,    683, 6.0e-5
    - 4 :   2, 10,  924,    6,  6,     8,  2,     2,  8,    831, 6.3e-5
    - 5 :   2, 10,  893,    5,  7,     7,  2,     3,  6,   1020, 6.2e-5
    - 6 :   1, 11,  876,    6,  6,     7,  2,     3,  6,   1298, 6.1e-5
    - 7 :   3, 10,  905,    4,  9,     7,  2,     3,  7,   1655, 6.3e-5
    - 8 :   3, 10,  897,    5,  8,     7,  2,     3,  7,   2022, 6.2e-5
    - 9 :   3, 10,  893,    5,  8,     7,  2,     4,  6,   2678, 6.1e-5
    - 10:   3, 10,  898,    6,  7,     7,  2,     4,  6,   3183, 6.3e-5
    - 11:   3, 10,  912,    7,  6,     8,  2,     4,  6,   3713, 6.3e-5
    - 12:   3, 10,  908,    7,  6,    15,  1,     5,  5,   4659, 6.2e-5
    - 13:   3, 10,  925,    7,  6,    15,  1,     7,  4,   6546, 6.3e-5
    - 14:   3, 10,  901,    8,  5,    15,  1,     9,  3,   9417, 6.3e-5
    - 15:   3, 10,  907,   14,  3,    15,  1,     7,  4,  12621, 6.3e-5
    - 16:   3, 10,  899,   15,  3,    15,  1,    10,  3,  19174, 6.3e-5
    - 17:   3, 10,  890,   22,  2,    15,  1,    15,  2,  41635, 6.3e-5
    - 18:   3, 10,  910,   44,  1,    15,  1,    31,  1, 172283, 6.2e-5
    # no solution starting from log norm2 = 19

  - 2: # bits
    -ln2:   k,  N,    n, br_l,br_b, ks_l,ks_b, cb_l,cb_b,  cost, p_error
    - 0 :   2, 10,  923,    3, 10,     7,  2,     2,  7,   1055, 6.3e-5
    - 1 :   2, 10,  914,    4,  8,     7,  2,     2,  8,   1331, 6.3e-5
    - 2 :   2, 10,  948,    5,  7,     8,  2,     2,  8,   1665, 6.3e-5
    - 3 :   1, 11,  897,    4,  8,     7,  2,     3,  6,   2102, 6.3e-5
    - 4 :   1, 11,  915,    5,  7,     8,  2,     3,  6,   2590, 6.3e-5
    - 5 :   1, 11,  881,    7,  5,     7,  2,     3,  6,   3371, 6.3e-5
    - 6 :   2, 10,  893,    7,  5,    15,  1,     4,  5,   4017, 6.2e-5
    - 7 :   3, 10,  947,    5,  8,     8,  2,     3,  7,   4478, 6.3e-5
    - 8 :   3, 10,  919,    5,  8,     8,  2,     4,  6,   5748, 6.2e-5
    - 9 :   3, 10,  950,    6,  7,    16,  1,     4,  6,   7011, 6.3e-5
    - 10:   3, 10,  914,    8,  5,    15,  1,     4,  6,   8982, 6.3e-5
    - 11:   3, 10,  902,    9,  5,    15,  1,     5,  5,  12302, 6.2e-5
    - 12:   3, 10,  925,    8,  5,    15,  1,     7,  4,  15334, 6.3e-5
    - 13:   3, 10,  905,   11,  4,    15,  1,     7,  4,  20588, 6.2e-5
    - 14:   3, 10,  882,   14,  3,    15,  1,    10,  3,  36319, 6.3e-5
    - 15:   3, 10,  912,   14,  3,    15,  1,    15,  2,  54828, 6.3e-5
    - 16:   3, 10,  910,   44,  1,    15,  1,    15,  2, 169194, 6.3e-5
    # no solution starting from log norm2 = 17

  - 3: # bits
    -ln2:   k,  N,    n, br_l,br_b, ks_l,ks_b, cb_l,cb_b,  cost, p_error
    - 0 :   2, 10,  899,    3, 10,     7,  2,     3,  5,   2259, 6.2e-5
    - 1 :   2, 10,  881,    4,  8,     7,  2,     3,  6,   2840, 6.0e-5
    - 2 :   2, 10,  882,    5,  7,     7,  2,     3,  6,   3456, 6.3e-5
    - 3 :   2, 10,  915,    6,  6,     7,  2,     3,  6,   4174, 6.3e-5
    - 4 :   2, 10,  900,    6,  6,     7,  2,     4,  5,   5311, 6.2e-5
    - 5 :   3, 10,  891,    5,  8,     7,  2,     3,  7,   6646, 6.3e-5
    - 6 :   3, 10,  922,    6,  7,     8,  2,     3,  7,   8023, 6.2e-5
    - 7 :   3, 10,  892,    6,  7,     7,  2,     4,  6,  10226, 6.1e-5
    - 8 :   3, 10,  901,    7,  6,     7,  2,     4,  6,  11880, 6.1e-5
    - 9 :   3, 10,  890,    7,  6,    15,  1,     5,  5,  14657, 6.1e-5
    - 10:   3, 10,  894,    7,  6,    15,  1,     7,  4,  20147, 6.3e-5
    - 11:   3, 10,  920,    9,  5,    15,  1,     7,  4,  25930, 6.3e-5
    - 12:   3, 10,  889,   14,  3,    15,  1,     7,  4,  39069, 6.3e-5
    - 13:   3, 10,  898,   14,  3,    15,  1,    10,  3,  55305, 6.2e-5
    - 14:   3, 10,  941,   22,  2,    16,  1,    10,  3,  87925, 6.3e-5
    - 15:   3, 10,  904,   44,  1,    15,  1,    16,  2, 270861, 6.3e-5
    # no solution starting from log norm2 = 16

  - 4: # bits
    -ln2:   k,  N,    n, br_l,br_b, ks_l,ks_b, cb_l,cb_b,  cost, p_error
    - 0 :   2, 10,  898,    5,  7,     7,  2,     2,  8,   4786, 6.3e-5
    - 1 :   2, 10,  928,    4,  8,     8,  2,     3,  6,   5731, 6.3e-5
    - 2 :   2, 10,  930,    5,  7,    16,  1,     3,  6,   7148, 6.3e-5
    - 3 :   1, 11,  894,    5,  7,     7,  2,     4,  5,   9803, 6.2e-5
    - 4 :   3, 10,  938,    4,  9,     8,  2,     3,  7,  10918, 6.3e-5
    - 5 :   3, 10,  914,    5,  8,     7,  2,     3,  7,  13160, 6.3e-5
    - 6 :   3, 10,  904,    5,  8,     7,  2,     4,  6,  17072, 6.2e-5
    - 7 :   3, 10,  915,    6,  7,     8,  2,     4,  6,  20383, 6.2e-5
    - 8 :   3, 10,  918,    6,  7,    15,  1,     5,  5,  25409, 6.3e-5
    - 9 :   3, 10,  900,    8,  5,    15,  1,     5,  5,  32968, 6.2e-5
    - 10:   3, 10,  894,    8,  5,    15,  1,     7,  4,  45271, 6.2e-5
    - 11:   3, 10,  888,   11,  4,    15,  1,     7,  4,  61231, 6.3e-5
    - 12:   3, 10,  904,   11,  4,    15,  1,    10,  3,  87188, 6.2e-5
    - 13:   3, 10,  891,   14,  3,    15,  1,    15,  2, 162788, 6.2e-5
    - 14:   3, 10,  932,   22,  2,    16,  1,    15,  2, 258629, 6.3e-5
    # no solution starting from log norm2 = 15

  - 5: # bits
    -ln2:   k,  N,    n, br_l,br_b, ks_l,ks_b, cb_l,cb_b,  cost, p_error
    - 0 :   2, 10,  898,    5,  7,     7,  2,     2,  8,   4786, 6.3e-5
    - 1 :   2, 10,  928,    4,  8,     8,  2,     3,  6,   5731, 6.3e-5
    - 2 :   2, 10,  930,    5,  7,    16,  1,     3,  6,   7148, 6.3e-5
    - 3 :   1, 11,  894,    5,  7,     7,  2,     4,  5,   9803, 6.2e-5
    - 4 :   3, 10,  938,    4,  9,     8,  2,     3,  7,  10918, 6.3e-5
    - 5 :   3, 10,  914,    5,  8,     7,  2,     3,  7,  13160, 6.3e-5
    - 6 :   3, 10,  904,    5,  8,     7,  2,     4,  6,  17072, 6.2e-5
    - 7 :   3, 10,  915,    6,  7,     8,  2,     4,  6,  20383, 6.2e-5
    - 8 :   3, 10,  918,    6,  7,    15,  1,     5,  5,  25409, 6.3e-5
    - 9 :   3, 10,  900,    8,  5,    15,  1,     5,  5,  32968, 6.2e-5
    - 10:   3, 10,  894,    8,  5,    15,  1,     7,  4,  45271, 6.2e-5
    - 11:   3, 10,  888,   11,  4,    15,  1,     7,  4,  61231, 6.3e-5
    - 12:   3, 10,  904,   11,  4,    15,  1,    10,  3,  87188, 6.2e-5
    - 13:   3, 10,  891,   14,  3,    15,  1,    15,  2, 162788, 6.2e-5
    - 14:   3, 10,  932,   22,  2,    16,  1,    15,  2, 258629, 6.3e-5
    # no solution starting from log norm2 = 15

  - 6: # bits
    -ln2:   k,  N,    n, br_l,br_b, ks_l,ks_b, cb_l,cb_b,  cost, p_error
    - 0 :   2, 10,  914,    5,  7,     7,  2,     2,  8,   5762, 6.3e-5
    - 1 :   1, 11,  881,    4,  8,     7,  2,     3,  6,   7367, 6.0e-5
    - 2 :   1, 11,  889,    5,  7,     7,  2,     3,  6,   8973, 6.1e-5
    - 3 :   1, 11,  872,    7,  5,     7,  2,     3,  6,  11891, 6.2e-5
    - 4 :   2, 10,  900,    7,  5,     7,  2,     4,  5,  14080, 6.3e-5
    - 5 :   3, 10,  923,    5,  8,     8,  2,     3,  7,  15623, 6.3e-5
    - 6 :   3, 10,  912,    5,  8,     7,  2,     4,  6,  20157, 6.2e-5
    - 7 :   3, 10,  930,    6,  7,     8,  2,     4,  6,  24155, 6.3e-5
    - 8 :   3, 10,  901,    8,  5,    15,  1,     4,  6,  31451, 6.2e-5
    - 9 :   3, 10,  915,    8,  5,    15,  1,     5,  5,  39002, 6.3e-5
    - 10:   3, 10,  905,    8,  5,    15,  1,     7,  4,  53351, 6.2e-5
    - 11:   3, 10,  895,   11,  4,    15,  1,     7,  4,  72001, 6.3e-5
    - 12:   3, 10,  927,   11,  4,    16,  1,    10,  3, 103253, 6.3e-5
    - 13:   3, 10,  899,   14,  3,    15,  1,    15,  2, 191062, 6.3e-5
    - 14:   3, 10,  912,   22,  2,    15,  1,    16,  2, 318999, 6.3e-5
    # no solution starting from log norm2 = 15

  - 7: # bits
    -ln2:   k,  N,    n, br_l,br_b, ks_l,ks_b, cb_l,cb_b,  cost, p_error
    - 0 :   2, 10,  948,    5,  7,     8,  2,     2,  8,   6885, 6.3e-5
    - 1 :   1, 11,  897,    4,  8,     7,  2,     3,  6,   8647, 6.3e-5
    - 2 :   1, 11,  915,    5,  7,     8,  2,     3,  6,  10653, 6.3e-5
    - 3 :   1, 11,  881,    7,  5,     7,  2,     3,  6,  13864, 6.3e-5
    - 4 :   2, 10,  893,    7,  5,    15,  1,     4,  5,  16354, 6.2e-5
    - 5 :   3, 10,  947,    5,  8,     8,  2,     3,  7,  18231, 6.3e-5
    - 6 :   3, 10,  919,    5,  8,     8,  2,     4,  6,  23301, 6.2e-5
    - 7 :   3, 10,  950,    6,  7,    16,  1,     4,  6,  28419, 6.3e-5
    - 8 :   3, 10,  914,    8,  5,    15,  1,     4,  6,  36397, 6.3e-5
    - 9 :   3, 10,  902,    9,  5,    15,  1,     5,  5,  49726, 6.2e-5
    - 10:   3, 10,  925,    8,  5,    15,  1,     7,  4,  61809, 6.3e-5
    - 11:   3, 10,  905,   11,  4,    15,  1,     7,  4,  82977, 6.2e-5
    - 12:   3, 10,  882,   14,  3,    15,  1,    10,  3, 146038, 6.3e-5
    - 13:   3, 10,  912,   14,  3,    15,  1,    15,  2, 220102, 6.3e-5
    - 14:   3, 10,  910,   44,  1,    15,  1,    15,  2, 679162, 6.3e-5
    # no solution starting from log norm2 = 15

  - 8: # bits
    -ln2:   k,  N,    n, br_l,br_b, ks_l,ks_b, cb_l,cb_b,  cost, p_error
    - 0 :   1, 11,  879,    5,  7,     7,  2,     2,  8,   8418, 6.1e-5
    - 1 :   1, 11,  915,    4,  8,    15,  1,     3,  6,  10237, 6.3e-5
    - 2 :   2, 10,  891,    6,  6,     7,  2,     3,  6,  12297, 6.3e-5
    - 3 :   2, 10,  886,    6,  6,     7,  2,     4,  5,  15768, 6.1e-5
    - 4 :   2, 10,  911,    7,  5,    15,  1,     4,  5,  18757, 6.3e-5
    - 5 :   3, 10,  906,    6,  7,     7,  2,     3,  7,  23806, 6.2e-5
    - 6 :   3, 10,  932,    5,  8,     8,  2,     4,  6,  26518, 6.3e-5
    - 7 :   3, 10,  893,    7,  6,     7,  2,     4,  6,  35486, 6.3e-5
    - 8 :   3, 10,  882,    7,  6,    14,  1,     5,  5,  43736, 6.2e-5
    - 9 :   3, 10,  914,    9,  5,    15,  1,     5,  5,  56493, 6.3e-5
    - 10:   3, 10,  893,    9,  5,    15,  1,     7,  4,  76706, 6.2e-5
    - 11:   3, 10,  920,   11,  4,    15,  1,     7,  4,  94305, 6.3e-5
    - 12:   3, 10,  885,   14,  3,    15,  1,    10,  3, 164829, 6.3e-5
    - 13:   3, 10,  944,   14,  3,    16,  1,    15,  2, 251880, 6.3e-5
    - 14:   3, 10,  931,   44,  1,    16,  1,    15,  2, 772779, 6.3e-5
    # no solution starting from log norm2 = 15

  - 9: # bits
    -ln2:   k,  N,    n, br_l,br_b, ks_l,ks_b, cb_l,cb_b,  cost, p_error
    - 0 :   2, 10,  878,    5,  7,     7,  2,     3,  6,  11556, 6.3e-5
    - 1 :   2, 10,  897,    6,  6,     7,  2,     3,  6,  13810, 6.2e-5
    - 2 :   2, 10,  890,    6,  6,     7,  2,     4,  5,  17655, 6.1e-5
    - 3 :   3, 10,  889,    5,  8,     7,  2,     3,  7,  22227, 6.0e-5
    - 4 :   3, 10,  911,    6,  7,     7,  2,     3,  7,  26646, 6.3e-5
    - 5 :   3, 10,  937,    5,  8,    16,  1,     4,  6,  30090, 6.3e-5
    - 6 :   3, 10,  896,    7,  6,     7,  2,     4,  6,  39629, 6.1e-5
    - 7 :   3, 10,  885,    7,  6,    14,  1,     5,  5,  48808, 6.2e-5
    - 8 :   3, 10,  939,    9,  5,    16,  1,     5,  5,  63833, 6.3e-5
    - 9 :   3, 10,  899,    9,  5,    15,  1,     7,  4,  85668, 6.3e-5
    - 10:   3, 10,  884,   14,  3,    15,  1,     7,  4, 130150, 6.0e-5
    - 11:   3, 10,  889,   14,  3,    15,  1,    10,  3, 183772, 6.2e-5
    - 12:   3, 10,  905,   22,  2,    15,  1,    10,  3, 288283, 6.2e-5
    - 13:   3, 10,  917,   22,  2,    15,  1,    31,  1, 879362, 6.3e-5
    # no solution starting from log norm2 = 14

  - 10: # bits
    -ln2:   k,  N,    n, br_l,br_b, ks_l,ks_b, cb_l,cb_b,  cost, p_error
    - 0 :   2, 10,  880,    5,  7,     7,  2,     3,  6,  12794, 6.3e-5
    - 1 :   2, 10,  904,    6,  6,     7,  2,     3,  6,  15348, 6.3e-5
    - 2 :   2, 10,  894,    6,  6,     7,  2,     4,  5,  19554, 6.3e-5
    - 3 :   3, 10,  890,    5,  8,     7,  2,     3,  7,  24554, 6.1e-5
    - 4 :   3, 10,  918,    6,  7,     7,  2,     3,  7,  29534, 6.3e-5
    - 5 :   3, 10,  891,    6,  7,     7,  2,     4,  6,  37709, 6.0e-5
    - 6 :   3, 10,  898,    7,  6,     7,  2,     4,  6,  43761, 6.2e-5
    - 7 :   3, 10,  888,    7,  6,    14,  1,     5,  5,  53898, 6.2e-5
    - 8 :   3, 10,  890,    7,  6,    15,  1,     7,  4,  73985, 6.2e-5
    - 9 :   3, 10,  907,    9,  5,    15,  1,     7,  4,  94784, 6.3e-5
    - 10:   3, 10,  886,   14,  3,    15,  1,     7,  4, 143542, 6.3e-5
    - 11:   3, 10,  893,   14,  3,    15,  1,    10,  3, 202790, 6.2e-5
    - 12:   3, 10,  916,   22,  2,    15,  1,    10,  3, 319213, 6.3e-5
    - 13:   3, 10,  898,   44,  1,    15,  1,    16,  2, 991837, 6.2e-5
    # no solution starting from log norm2 = 14

  - 11: # bits
    -ln2:   k,  N,    n, br_l,br_b, ks_l,ks_b, cb_l,cb_b,  cost, p_error
    - 0 :   2, 10,  882,    5,  7,     7,  2,     3,  6,  14036, 6.3e-5
    - 1 :   2, 10,  915,    6,  6,     7,  2,     3,  6,  16953, 6.3e-5
    - 2 :   2, 10,  900,    6,  6,     7,  2,     4,  5,  21497, 6.2e-5
    - 3 :   3, 10,  891,    5,  8,     7,  2,     3,  7,  26883, 6.3e-5
    - 4 :   3, 10,  922,    6,  7,     8,  2,     3,  7,  32456, 6.2e-5
    - 5 :   3, 10,  892,    6,  7,     7,  2,     4,  6,  41256, 6.1e-5
    - 6 :   3, 10,  901,    7,  6,     7,  2,     4,  6,  47930, 6.1e-5
    - 7 :   3, 10,  890,    7,  6,    15,  1,     5,  5,  59035, 6.1e-5
    - 8 :   3, 10,  894,    7,  6,    15,  1,     7,  4,  80993, 6.3e-5
    - 9 :   3, 10,  920,    9,  5,    15,  1,     7,  4, 104245, 6.3e-5
    - 10:   3, 10,  889,   14,  3,    15,  1,     7,  4, 157044, 6.3e-5
    - 11:   3, 10,  898,   14,  3,    15,  1,    10,  3, 221998, 6.2e-5
    - 12:   3, 10,  941,   22,  2,    16,  1,    10,  3, 352953, 6.3e-5
    - 13:   3, 10,  904,   44,  1,    15,  1,    16,  2, 1085813, 6.3e-5
    # no solution starting from log norm2 = 14

  - 12: # bits
    -ln2:   k,  N,    n, br_l,br_b, ks_l,ks_b, cb_l,cb_b,  cost, p_error
    - 0 :   2, 10,  882,    5,  7,     7,  2,     3,  6,  14036, 6.3e-5
    - 1 :   2, 10,  915,    6,  6,     7,  2,     3,  6,  16953, 6.3e-5
    - 2 :   2, 10,  900,    6,  6,     7,  2,     4,  5,  21497, 6.2e-5
    - 3 :   3, 10,  891,    5,  8,     7,  2,     3,  7,  26883, 6.3e-5
    - 4 :   3, 10,  922,    6,  7,     8,  2,     3,  7,  32456, 6.2e-5
    - 5 :   3, 10,  892,    6,  7,     7,  2,     4,  6,  41256, 6.1e-5
    - 6 :   3, 10,  901,    7,  6,     7,  2,     4,  6,  47930, 6.1e-5
    - 7 :   3, 10,  890,    7,  6,    15,  1,     5,  5,  59035, 6.1e-5
    - 8 :   3, 10,  894,    7,  6,    15,  1,     7,  4,  80993, 6.3e-5
    - 9 :   3, 10,  920,    9,  5,    15,  1,     7,  4, 104245, 6.3e-5
    - 10:   3, 10,  889,   14,  3,    15,  1,     7,  4, 157044, 6.3e-5
    - 11:   3, 10,  898,   14,  3,    15,  1,    10,  3, 221998, 6.2e-5
    - 12:   3, 10,  941,   22,  2,    16,  1,    10,  3, 352953, 6.3e-5
    - 13:   3, 10,  904,   44,  1,    15,  1,    16,  2, 1085813, 6.3e-5
    # no solution starting from log norm2 = 14

  - 13: # bits
    -ln2:   k,  N,    n, br_l,br_b, ks_l,ks_b, cb_l,cb_b,  cost, p_error
    - 0 :   2, 10,  893,    5,  7,     7,  2,     3,  6,  18881, 6.2e-5
    - 1 :   2, 10,  901,    5,  7,     7,  2,     4,  5,  24344, 6.3e-5
    - 2 :   3, 10,  905,    4,  9,     7,  2,     3,  7,  29502, 6.3e-5
    - 3 :   3, 10,  897,    5,  8,     7,  2,     3,  7,  35975, 6.2e-5
    - 4 :   3, 10,  893,    5,  8,     7,  2,     4,  6,  46459, 6.1e-5
    - 5 :   3, 10,  898,    6,  7,     7,  2,     4,  6,  55199, 6.3e-5
    - 6 :   3, 10,  895,    7,  6,    15,  1,     4,  6,  64375, 6.2e-5
    - 7 :   3, 10,  908,    7,  6,    15,  1,     5,  5,  79497, 6.2e-5
    - 8 :   3, 10,  925,    7,  6,    15,  1,     7,  4, 109788, 6.3e-5
    - 9 :   3, 10,  901,    8,  5,    15,  1,     9,  3, 156225, 6.3e-5
    - 10:   3, 10,  907,   14,  3,    15,  1,     7,  4, 211357, 6.3e-5
    - 11:   3, 10,  899,   15,  3,    15,  1,    10,  3, 316750, 6.3e-5
    - 12:   3, 10,  890,   22,  2,    15,  1,    15,  2, 680424, 6.3e-5
    - 13:   3, 10,  910,   44,  1,    15,  1,    31,  1, 2785213, 6.2e-5
    # no solution starting from log norm2 = 14

  - 14: # bits
    -ln2:   k,  N,    n, br_l,br_b, ks_l,ks_b, cb_l,cb_b,  cost, p_error
    - 0 :   2, 10,  893,    5,  7,     7,  2,     3,  6,  18881, 6.2e-5
    - 1 :   2, 10,  901,    5,  7,     7,  2,     4,  5,  24344, 6.3e-5
    - 2 :   3, 10,  905,    4,  9,     7,  2,     3,  7,  29502, 6.3e-5
    - 3 :   3, 10,  897,    5,  8,     7,  2,     3,  7,  35975, 6.2e-5
    - 4 :   3, 10,  893,    5,  8,     7,  2,     4,  6,  46459, 6.1e-5
    - 5 :   3, 10,  898,    6,  7,     7,  2,     4,  6,  55199, 6.3e-5
    - 6 :   3, 10,  895,    7,  6,    15,  1,     4,  6,  64375, 6.2e-5
    - 7 :   3, 10,  908,    7,  6,    15,  1,     5,  5,  79497, 6.2e-5
    - 8 :   3, 10,  925,    7,  6,    15,  1,     7,  4, 109788, 6.3e-5
    - 9 :   3, 10,  901,    8,  5,    15,  1,     9,  3, 156225, 6.3e-5
    - 10:   3, 10,  907,   14,  3,    15,  1,     7,  4, 211357, 6.3e-5
    - 11:   3, 10,  899,   15,  3,    15,  1,    10,  3, 316750, 6.3e-5
    - 12:   3, 10,  890,   22,  2,    15,  1,    15,  2, 680424, 6.3e-5
    - 13:   3, 10,  910,   44,  1,    15,  1,    31,  1, 2785213, 6.2e-5
    # no solution starting from log norm2 = 14

  - 15: # bits
    -ln2:   k,  N,    n, br_l,br_b, ks_l,ks_b, cb_l,cb_b,  cost, p_error
    - 0 :   2, 10,  893,    5,  7,     7,  2,     3,  6,  18881, 6.2e-5
    - 1 :   2, 10,  901,    5,  7,     7,  2,     4,  5,  24344, 6.3e-5
    - 2 :   3, 10,  905,    4,  9,     7,  2,     3,  7,  29502, 6.3e-5
    - 3 :   3, 10,  897,    5,  8,     7,  2,     3,  7,  35975, 6.2e-5
    - 4 :   3, 10,  893,    5,  8,     7,  2,     4,  6,  46459, 6.1e-5
    - 5 :   3, 10,  898,    6,  7,     7,  2,     4,  6,  55199, 6.3e-5
    - 6 :   3, 10,  895,    7,  6,    15,  1,     4,  6,  64375, 6.2e-5
    - 7 :   3, 10,  908,    7,  6,    15,  1,     5,  5,  79497, 6.2e-5
    - 8 :   3, 10,  925,    7,  6,    15,  1,     7,  4, 109788, 6.3e-5
    - 9 :   3, 10,  901,    8,  5,    15,  1,     9,  3, 156225, 6.3e-5
    - 10:   3, 10,  907,   14,  3,    15,  1,     7,  4, 211357, 6.3e-5
    - 11:   3, 10,  899,   15,  3,    15,  1,    10,  3, 316750, 6.3e-5
    - 12:   3, 10,  890,   22,  2,    15,  1,    15,  2, 680424, 6.3e-5
    - 13:   3, 10,  910,   44,  1,    15,  1,    31,  1, 2785213, 6.2e-5
    # no solution starting from log norm2 = 14

  - 16: # bits
    -ln2:   k,  N,    n, br_l,br_b, ks_l,ks_b, cb_l,cb_b,  cost, p_error
    - 0 :   2, 10,  901,    5,  7,     7,  2,     3,  6,  21280, 6.2e-5
    - 1 :   2, 10,  915,    5,  7,     7,  2,     4,  5,  27587, 6.3e-5
    - 2 :   3, 10,  912,    4,  9,     7,  2,     3,  7,  33219, 6.1e-5
    - 3 :   3, 10,  900,    5,  8,     7,  2,     3,  7,  40410, 6.3e-5
    - 4 :   3, 10,  895,    5,  8,     7,  2,     4,  6,  52200, 6.2e-5
    - 5 :   3, 10,  902,    6,  7,     7,  2,     4,  6,  62084, 6.2e-5
    - 6 :   3, 10,  903,    7,  6,    15,  1,     4,  6,  72566, 6.2e-5
    - 7 :   3, 10,  928,    7,  6,    15,  1,     5,  5,  90224, 6.3e-5
    - 8 :   3, 10,  885,    8,  5,    14,  1,     7,  4, 136952, 6.1e-5
    - 9 :   3, 10,  914,    8,  5,    15,  1,     9,  3, 176759, 6.2e-5
    - 10:   3, 10,  925,   14,  3,    16,  1,     7,  4, 239712, 6.3e-5
    - 11:   3, 10,  910,   15,  3,    15,  1,    10,  3, 357961, 6.3e-5
    - 12:   3, 10,  896,   22,  2,    15,  1,    15,  2, 767239, 6.3e-5
    - 13:   3, 10,  932,   44,  1,    16,  1,    31,  1, 3165401, 6.3e-5
    # no solution starting from log norm2 = 14
