security level: 128
target p_error: 6.3e-5
per precision and log norm2:

  - 1: # bits
    -ln2:   k,  N,    n, br_l,br_b, ks_l,ks_b, cb_l,cb_b, pp_l,pp_b,  cost, p_error
    - 0 :   2, 10,  581,    2, 15,     3,  3,     1, 11,     2, 15,    121, 6.0e-5
    - 1 :   2, 10,  585,    2, 15,     3,  3,     1, 11,     2, 15,    121, 5.7e-5
    - 2 :   2, 10,  567,    2, 15,     5,  2,     1, 11,     2, 15,    124, 5.7e-5
    - 3 :   2, 10,  555,    3, 12,     5,  2,     1, 13,     3, 12,    169, 5.1e-5
    - 4 :   2, 10,  580,    3, 12,     5,  2,     1, 13,     3, 12,    173, 5.9e-5
    - 5 :   2, 10,  571,    4,  9,     5,  2,     1, 14,     4,  9,    219, 6.0e-5
    - 6 :   2, 10,  608,    5,  8,     6,  2,     1, 14,     5,  8,    278, 6.1e-5
    - 7 :   2, 10,  557,    3, 12,     5,  2,     2,  8,     3, 12,    328, 6.1e-5
    - 8 :   2, 10,  619,    3, 12,     6,  2,     2,  8,     3, 12,    351, 6.3e-5
    - 9 :   2, 10,  562,    4,  9,     5,  2,     2,  9,     4,  9,    424, 5.7e-5
    - 10:   2, 10,  565,    5,  8,     5,  2,     2, 10,     5,  8,    519, 6.2e-5
    - 11:   2, 10,  579,    6,  7,     5,  2,     2, 10,     6,  7,    622, 5.9e-5
    - 12:   2, 10,  561,    5,  8,     5,  2,     3,  7,     5,  8,    771, 5.4e-5
    - 13:   2, 10,  569,    6,  7,    11,  1,     3,  8,     6,  7,    932, 6.0e-5
    - 14:   2, 10,  582,    5,  8,    11,  1,     4,  6,     5,  8,   1058, 6.3e-5
    - 15:   2, 10,  555,    7,  6,    10,  1,     4,  6,     7,  6,   1403, 5.8e-5
    - 16:   2, 10,  559,    7,  6,    10,  1,     5,  5,     7,  6,   1755, 5.6e-5
    - 17:   2, 10,  575,    8,  5,    11,  1,     6,  5,     8,  5,   2421, 6.1e-5
    - 18:   2, 10,  565,    9,  5,    11,  1,     7,  4,     9,  5,   3125, 6.1e-5
    - 19:   2, 10,  606,   11,  4,    12,  1,     7,  4,    11,  4,   3929, 6.3e-5
    - 20:   2, 10,  557,   14,  3,    11,  1,    10,  3,    14,  3,   6765, 6.3e-5
    - 21:   2, 10,  574,   22,  2,    11,  1,    10,  3,    22,  2,  10674, 6.1e-5
    - 22:   2, 10,  572,   43,  1,    11,  1,    16,  2,    43,  1,  32986, 6.1e-5
    # no solution starting from log norm2 = 23

  - 2: # bits
    -ln2:   k,  N,    n, br_l,br_b, ks_l,ks_b, cb_l,cb_b, pp_l,pp_b,  cost, p_error
    - 0 :   2, 10,  601,    3, 12,     5,  2,     1, 13,     3, 12,    447, 5.5e-5
    - 1 :   2, 10,  602,    3, 12,     6,  2,     1, 13,     3, 12,    453, 5.9e-5
    - 2 :   2, 10,  596,    2, 15,     6,  2,     2,  7,     2, 15,    561, 5.6e-5
    - 3 :   2, 10,  619,    2, 15,     6,  2,     2,  7,     2, 15,    575, 6.3e-5
    - 4 :   2, 10,  595,    3, 12,     6,  2,     2,  8,     3, 12,    778, 5.2e-5
    - 5 :   2, 10,  609,    3, 12,     6,  2,     2,  8,     3, 12,    790, 5.6e-5
    - 6 :   2, 10,  597,    4,  9,     6,  2,     2,  9,     4,  9,    998, 5.1e-5
    - 7 :   2, 10,  627,    4,  9,     6,  2,     2,  9,     4,  9,   1029, 6.0e-5
    - 8 :   2, 10,  657,    5,  8,    13,  1,     2, 10,     5,  8,   1327, 6.3e-5
    - 9 :   2, 10,  620,    4,  9,     6,  2,     3,  7,     4,  9,   1458, 5.9e-5
    - 10:   2, 10,  620,    5,  8,     6,  2,     3,  7,     5,  8,   1780, 6.3e-5
    - 11:   2, 10,  606,    5,  8,     6,  2,     4,  6,     5,  8,   2284, 6.0e-5
    - 12:   2, 10,  602,    6,  7,    12,  1,     4,  6,     6,  7,   2718, 6.2e-5
    - 13:   2, 10,  658,    7,  6,    13,  1,     4,  6,     7,  6,   3304, 6.3e-5
    - 14:   2, 10,  611,    8,  5,    12,  1,     5,  5,     8,  5,   4402, 6.2e-5
    - 15:   2, 10,  598,    8,  5,    12,  1,     7,  4,     8,  5,   5980, 5.7e-5
    - 16:   2, 10,  597,   11,  4,    12,  1,     7,  4,    11,  4,   8085, 6.1e-5
    - 17:   2, 10,  641,   15,  3,    13,  1,     7,  4,    15,  3,  11336, 6.3e-5
    - 18:   2, 10,  639,   15,  3,    13,  1,    10,  3,    15,  3,  15961, 6.2e-5
    - 19:   2, 10,  632,   22,  2,    13,  1,    15,  2,    22,  2,  34230, 6.1e-5
    - 20:   2, 10,  630,   44,  1,    13,  1,    32,  1,    44,  1, 142927, 6.2e-5
    # no solution starting from log norm2 = 21

  - 3: # bits
    -ln2:   k,  N,    n, br_l,br_b, ks_l,ks_b, cb_l,cb_b, pp_l,pp_b,  cost, p_error
    - 0 :   2, 10,  643,    2, 15,     6,  2,     2,  7,     2, 15,    922, 5.7e-5
    - 1 :   2, 10,  673,    5,  8,     7,  2,     1, 14,     5,  8,   1214, 6.0e-5
    - 2 :   2, 10,  640,    3, 12,     6,  2,     2,  8,     3, 12,   1273, 5.8e-5
    - 3 :   2, 10,  677,    3, 12,     7,  2,     2,  8,     3, 12,   1329, 6.3e-5
    - 4 :   2, 10,  644,    4,  9,     6,  2,     2,  9,     4,  9,   1633, 6.2e-5
    - 5 :   2, 10,  701,    3, 12,     7,  2,     3,  6,     3, 12,   1904, 6.3e-5
    - 6 :   2, 10,  643,    4,  9,     6,  2,     3,  7,     4,  9,   2299, 6.0e-5
    - 7 :   2, 10,  643,    5,  8,     6,  2,     3,  7,     5,  8,   2805, 5.9e-5
    - 8 :   2, 10,  663,    6,  7,     7,  2,     3,  8,     6,  7,   3382, 5.9e-5
    - 9 :   2, 10,  673,    5,  8,     7,  2,     4,  6,     5,  8,   3733, 6.3e-5
    - 10:   2, 10,  637,    7,  6,    12,  1,     4,  6,     7,  6,   4956, 5.9e-5
    - 11:   2, 10,  640,    7,  6,    12,  1,     5,  5,     7,  6,   6088, 6.1e-5
    - 12:   2, 10,  655,    8,  5,    13,  1,     6,  5,     8,  5,   8281, 6.2e-5
    - 13:   2, 10,  680,    8,  5,    14,  1,     7,  4,     8,  5,   9785, 6.2e-5
    - 14:   2, 10,  672,   11,  4,    14,  1,     7,  4,    11,  4,  13132, 6.3e-5
    - 15:   2, 10,  639,   14,  3,    13,  1,    10,  3,    14,  3,  22589, 6.2e-5
    - 16:   2, 10,  679,   14,  3,    14,  1,    15,  2,    14,  3,  34602, 6.2e-5
    - 17:   2, 10,  659,   22,  2,    13,  1,    31,  1,    22,  2, 107761, 6.2e-5
    # no solution starting from log norm2 = 18

  - 4: # bits
    -ln2:   k,  N,    n, br_l,br_b, ks_l,ks_b, cb_l,cb_b, pp_l,pp_b,  cost, p_error
    - 0 :   2, 10,  658,    2, 15,     6,  2,     2,  7,     2, 15,   1798, 5.8e-5
    - 1 :   2, 10,  637,    3, 12,     6,  2,     2,  8,     3, 12,   2439, 5.2e-5
    - 2 :   2, 10,  649,    3, 12,     6,  2,     2,  8,     3, 12,   2469, 5.6e-5
    - 3 :   2, 10,  638,    4,  9,     6,  2,     2,  9,     4,  9,   3123, 6.2e-5
    - 4 :   2, 10,  663,    4,  9,     6,  2,     2,  9,     4,  9,   3200, 6.3e-5
    - 5 :   2, 10,  678,    5,  8,     7,  2,     2, 10,     5,  8,   3967, 6.2e-5
    - 6 :   2, 10,  659,    4,  9,     6,  2,     3,  7,     4,  9,   4541, 6.0e-5
    - 7 :   2, 10,  658,    5,  8,     6,  2,     3,  7,     5,  8,   5535, 6.3e-5
    - 8 :   2, 10,  647,    5,  8,     6,  2,     4,  6,     5,  8,   7122, 6.2e-5
    - 9 :   2, 10,  642,    6,  7,    12,  1,     4,  6,     6,  7,   8467, 6.3e-5
    - 10:   2, 10,  665,    7,  6,    13,  1,     4,  6,     7,  6,   9975, 6.2e-5
    - 11:   2, 10,  699,    7,  6,    14,  1,     5,  5,     7,  6,  12643, 6.3e-5
    - 12:   2, 10,  697,    7,  6,    14,  1,     7,  4,     7,  6,  17312, 6.3e-5
    - 13:   2, 10,  672,    8,  5,    14,  1,     9,  3,     8,  5,  24406, 6.1e-5
    - 14:   2, 10,  686,   14,  3,    14,  1,     7,  4,    14,  3,  33074, 6.2e-5
    - 15:   2, 10,  661,   15,  3,    13,  1,    10,  3,    15,  3,  48787, 6.1e-5
    - 16:   2, 10,  657,   22,  2,    13,  1,    15,  2,    22,  2, 104870, 6.1e-5
    - 17:   2, 10,  657,   44,  1,    13,  1,    32,  1,    44,  1, 438462, 6.2e-5
    # no solution starting from log norm2 = 18

  - 5: # bits
    -ln2:   k,  N,    n, br_l,br_b, ks_l,ks_b, cb_l,cb_b, pp_l,pp_b,  cost, p_error
    - 0 :   2, 10,  658,    2, 15,     6,  2,     2,  7,     2, 15,   1798, 5.8e-5
    - 1 :   2, 10,  637,    3, 12,     6,  2,     2,  8,     3, 12,   2439, 5.2e-5
    - 2 :   2, 10,  649,    3, 12,     6,  2,     2,  8,     3, 12,   2469, 5.6e-5
    - 3 :   2, 10,  638,    4,  9,     6,  2,     2,  9,     4,  9,   3123, 6.2e-5
    - 4 :   2, 10,  663,    4,  9,     6,  2,     2,  9,     4,  9,   3200, 6.3e-5
    - 5 :   2, 10,  678,    5,  8,     7,  2,     2, 10,     5,  8,   3967, 6.2e-5
    - 6 :   2, 10,  659,    4,  9,     6,  2,     3,  7,     4,  9,   4541, 6.0e-5
    - 7 :   2, 10,  658,    5,  8,     6,  2,     3,  7,     5,  8,   5535, 6.3e-5
    - 8 :   2, 10,  647,    5,  8,     6,  2,     4,  6,     5,  8,   7122, 6.2e-5
    - 9 :   2, 10,  642,    6,  7,    12,  1,     4,  6,     6,  7,   8467, 6.3e-5
    - 10:   2, 10,  665,    7,  6,    13,  1,     4,  6,     7,  6,   9975, 6.2e-5
    - 11:   2, 10,  699,    7,  6,    14,  1,     5,  5,     7,  6,  12643, 6.3e-5
    - 12:   2, 10,  697,    7,  6,    14,  1,     7,  4,     7,  6,  17312, 6.3e-5
    - 13:   2, 10,  672,    8,  5,    14,  1,     9,  3,     8,  5,  24406, 6.1e-5
    - 14:   2, 10,  686,   14,  3,    14,  1,     7,  4,    14,  3,  33074, 6.2e-5
    - 15:   2, 10,  661,   15,  3,    13,  1,    10,  3,    15,  3,  48787, 6.1e-5
    - 16:   2, 10,  657,   22,  2,    13,  1,    15,  2,    22,  2, 104870, 6.1e-5
    - 17:   2, 10,  657,   44,  1,    13,  1,    32,  1,    44,  1, 438462, 6.2e-5
    # no solution starting from log norm2 = 18

  - 6: # bits
    -ln2:   k,  N,    n, br_l,br_b, ks_l,ks_b, cb_l,cb_b, pp_l,pp_b,  cost, p_error
    - 0 :   2, 10,  665,    2, 15,     6,  2,     2,  7,     2, 15,   2151, 6.3e-5
    - 1 :   2, 10,  637,    3, 12,     6,  2,     2,  8,     3, 12,   2895, 5.9e-5
    - 2 :   2, 10,  652,    3, 12,     6,  2,     2,  8,     3, 12,   2940, 6.2e-5
    - 3 :   2, 10,  639,    4,  9,     6,  2,     2,  9,     4,  9,   3709, 6.1e-5
    - 4 :   2, 10,  669,    4,  9,     7,  2,     2,  9,     4,  9,   3839, 6.2e-5
    - 5 :   2, 10,  639,    4,  9,     6,  2,     3,  7,     4,  9,   5261, 5.4e-5
    - 6 :   2, 10,  664,    4,  9,     7,  2,     3,  7,     4,  9,   5406, 5.9e-5
    - 7 :   2, 10,  663,    5,  8,     7,  2,     3,  7,     5,  8,   6585, 6.1e-5
    - 8 :   2, 10,  651,    5,  8,     6,  2,     4,  6,     5,  8,   8416, 5.7e-5
    - 9 :   2, 10,  645,    6,  7,    13,  1,     4,  6,     6,  7,  10013, 6.2e-5
    - 10:   2, 10,  701,    7,  6,    14,  1,     4,  6,     7,  6,  12143, 6.3e-5
    - 11:   2, 10,  653,    8,  5,    13,  1,     5,  5,     8,  5,  16139, 6.1e-5
    - 12:   2, 10,  641,    8,  5,    13,  1,     7,  4,     8,  5,  21892, 5.8e-5
    - 13:   2, 10,  640,   11,  4,    13,  1,     7,  4,    11,  4,  29577, 5.9e-5
    - 14:   2, 10,  683,   15,  3,    14,  1,     7,  4,    15,  3,  41359, 6.3e-5
    - 15:   2, 10,  687,   15,  3,    14,  1,    10,  3,    15,  3,  58407, 6.2e-5
    - 16:   2, 10,  673,   22,  2,    14,  1,    15,  2,    22,  2, 124310, 6.3e-5
    - 17:   2, 10,  675,   44,  1,    14,  1,    32,  1,    44,  1, 519707, 6.2e-5
    # no solution starting from log norm2 = 18

  - 7: # bits
    -ln2:   k,  N,    n, br_l,br_b, ks_l,ks_b, cb_l,cb_b, pp_l,pp_b,  cost, p_error
    - 0 :   2, 10,  677,    2, 15,     6,  2,     2,  7,     2, 15,   2522, 6.1e-5
    - 1 :   2, 10,  638,    3, 12,     6,  2,     2,  8,     3, 12,   3355, 5.4e-5
    - 2 :   2, 10,  657,    3, 12,     6,  2,     2,  8,     3, 12,   3420, 5.7e-5
    - 3 :   2, 10,  640,    4,  9,     6,  2,     2,  9,     4,  9,   4297, 6.0e-5
    - 4 :   2, 10,  682,    4,  9,     7,  2,     2,  9,     4,  9,   4500, 6.3e-5
    - 5 :   2, 10,  640,    4,  9,     6,  2,     3,  7,     4,  9,   6072, 5.2e-5
    - 6 :   2, 10,  673,    4,  9,     7,  2,     3,  7,     4,  9,   6287, 6.2e-5
    - 7 :   2, 10,  672,    5,  8,     7,  2,     3,  7,     5,  8,   7657, 5.9e-5
    - 8 :   2, 10,  654,    5,  8,     6,  2,     4,  6,     5,  8,   9712, 6.3e-5
    - 9 :   2, 10,  651,    6,  7,    13,  1,     4,  6,     6,  7,  11584, 6.2e-5
    - 10:   2, 10,  668,    6,  7,    13,  1,     5,  5,     6,  7,  14408, 6.2e-5
    - 11:   2, 10,  663,    8,  5,    13,  1,     5,  5,     8,  5,  18712, 6.3e-5
    - 12:   2, 10,  645,    8,  5,    13,  1,     7,  4,     8,  5,  25208, 6.0e-5
    - 13:   2, 10,  644,   11,  4,    13,  1,     7,  4,    11,  4,  34054, 5.9e-5
    - 14:   2, 10,  654,   11,  4,    13,  1,    10,  3,    11,  4,  48284, 6.2e-5
    - 15:   2, 10,  645,   14,  3,    13,  1,    15,  2,    14,  3,  89522, 6.0e-5
    - 16:   2, 10,  650,   22,  2,    13,  1,    16,  2,    22,  2, 148708, 5.8e-5
    - 17:   2, 10,  681,   45,  1,    14,  1,    33,  1,    45,  1, 629678, 6.3e-5
    # no solution starting from log norm2 = 18

  - 8: # bits
    -ln2:   k,  N,    n, br_l,br_b, ks_l,ks_b, cb_l,cb_b, pp_l,pp_b,  cost, p_error
    - 0 :   2, 10,  682,    2, 15,     7,  2,     2,  7,     2, 15,   2905, 6.1e-5
    - 1 :   2, 10,  638,    3, 12,     6,  2,     2,  8,     3, 12,   3812, 6.1e-5
    - 2 :   2, 10,  662,    3, 12,     6,  2,     2,  8,     3, 12,   3906, 5.8e-5
    - 3 :   2, 10,  641,    4,  9,     6,  2,     2,  9,     4,  9,   4887, 6.0e-5
    - 4 :   2, 10,  723,    4,  9,     7,  2,     2,  9,     4,  9,   5316, 6.3e-5
    - 5 :   2, 10,  640,    4,  9,     6,  2,     3,  7,     4,  9,   6878, 6.2e-5
    - 6 :   2, 10,  690,    4,  9,     7,  2,     3,  7,     4,  9,   7237, 6.2e-5
    - 7 :   2, 10,  685,    5,  8,     7,  2,     3,  7,     5,  8,   8779, 6.1e-5
    - 8 :   2, 10,  659,    5,  8,     6,  2,     4,  6,     5,  8,  11035, 6.0e-5
    - 9 :   2, 10,  659,    6,  7,    13,  1,     4,  6,     6,  7,  13198, 6.3e-5
    - 10:   2, 10,  700,    6,  7,    14,  1,     5,  5,     6,  7,  16772, 6.3e-5
    - 11:   2, 10,  680,    8,  5,    14,  1,     5,  5,     8,  5,  21484, 6.2e-5
    - 12:   2, 10,  650,    8,  5,    13,  1,     7,  4,     8,  5,  28572, 6.1e-5
    - 13:   2, 10,  648,   11,  4,    13,  1,     7,  4,    11,  4,  38563, 6.3e-5
    - 14:   2, 10,  664,   11,  4,    13,  1,    10,  3,    11,  4,  54907, 6.3e-5
    - 15:   2, 10,  650,   14,  3,    13,  1,    15,  2,    14,  3, 101289, 6.1e-5
    - 16:   2, 10,  657,   22,  2,    13,  1,    16,  2,    22,  2, 168509, 6.0e-5
    # no solution starting from log norm2 = 17

  - 9: # bits
    -ln2:   k,  N,    n, br_l,br_b, ks_l,ks_b, cb_l,cb_b, pp_l,pp_b,  cost, p_error
    - 0 :   2, 10,  691,    4,  9,     7,  2,     2,  9,     4,  9,   5775, 5.6e-5
    - 1 :   2, 10,  704,    4,  9,     7,  2,     2,  9,     4,  9,   5848, 6.0e-5
    - 2 :   2, 10,  713,    5,  8,     7,  2,     2, 10,     5,  8,   7168, 6.1e-5
    - 3 :   2, 10,  702,    4,  9,     7,  2,     3,  7,     4,  9,   8177, 6.3e-5
    - 4 :   2, 10,  702,    5,  8,     7,  2,     3,  7,     5,  8,   9963, 5.9e-5
    - 5 :   2, 10,  696,    5,  8,     7,  2,     4,  6,     5,  8,  12762, 6.2e-5
    - 6 :   2, 10,  700,    6,  7,     7,  2,     4,  6,     6,  7,  15118, 6.0e-5
    - 7 :   2, 10,  699,    7,  6,    14,  1,     4,  6,     7,  6,  17604, 6.3e-5
    - 8 :   2, 10,  707,    7,  6,    14,  1,     5,  5,     7,  6,  21669, 6.2e-5
    - 9 :   2, 10,  707,    7,  6,    14,  1,     7,  4,     7,  6,  29549, 6.2e-5
    - 10:   2, 10,  719,   10,  4,    15,  1,     7,  4,    10,  4,  41735, 6.2e-5
    - 11:   2, 10,  705,   14,  3,    14,  1,     7,  4,    14,  3,  56854, 6.2e-5
    - 12:   2, 10,  710,   14,  3,    15,  1,    10,  3,    14,  3,  80126, 6.2e-5
    - 13:   2, 10,  721,   21,  2,    15,  1,    15,  2,    21,  2, 177246, 6.2e-5
    - 14:   2, 10,  720,   44,  1,    15,  1,    16,  2,    44,  1, 390398, 6.3e-5
    # no solution starting from log norm2 = 15

  - 10: # bits
    -ln2:   k,  N,    n, br_l,br_b, ks_l,ks_b, cb_l,cb_b, pp_l,pp_b,  cost, p_error
    - 0 :   2, 10,  691,    4,  9,     7,  2,     2,  9,     4,  9,   6394, 5.8e-5
    - 1 :   2, 10,  706,    4,  9,     7,  2,     2,  9,     4,  9,   6486, 6.3e-5
    - 2 :   2, 10,  718,    5,  8,     7,  2,     2, 10,     5,  8,   7973, 6.2e-5
    - 3 :   2, 10,  705,    4,  9,     7,  2,     3,  7,     4,  9,   9061, 5.9e-5
    - 4 :   2, 10,  704,    5,  8,     7,  2,     3,  7,     5,  8,  11029, 5.9e-5
    - 5 :   2, 10,  697,    5,  8,     7,  2,     4,  6,     5,  8,  14100, 6.3e-5
    - 6 :   2, 10,  702,    6,  7,     7,  2,     4,  6,     6,  7,  16718, 5.9e-5
    - 7 :   2, 10,  704,    7,  6,    14,  1,     4,  6,     7,  6,  19518, 6.1e-5
    - 8 :   2, 10,  713,    7,  6,    15,  1,     5,  5,     7,  6,  24059, 6.3e-5
    - 9 :   2, 10,  715,    7,  6,    14,  1,     7,  4,     7,  6,  32794, 6.3e-5
    - 10:   2, 10,  706,    8,  5,    15,  1,     9,  3,     8,  5,  46713, 6.3e-5
    - 11:   2, 10,  711,   14,  3,    15,  1,     7,  4,    14,  3,  63011, 6.2e-5
    - 12:   2, 10,  719,   14,  3,    15,  1,    10,  3,    14,  3,  88918, 6.3e-5
    - 13:   2, 10,  748,   21,  2,    16,  1,    15,  2,    21,  2, 199387, 6.3e-5
    - 14:   2, 10,  726,   45,  1,    15,  1,    16,  2,    45,  1, 441573, 6.3e-5
    # no solution starting from log norm2 = 15

  - 11: # bits
    -ln2:   k,  N,    n, br_l,br_b, ks_l,ks_b, cb_l,cb_b, pp_l,pp_b,  cost, p_error
    - 0 :   2, 10,  691,    4,  9,     7,  2,     2,  9,     4,  9,   7012, 6.1e-5
    - 1 :   2, 10,  709,    4,  9,     7,  2,     2,  9,     4,  9,   7134, 6.2e-5
    - 2 :   2, 10,  725,    5,  8,     7,  2,     2, 10,     5,  8,   8801, 6.2e-5
    - 3 :   2, 10,  707,    4,  9,     7,  2,     3,  7,     4,  9,   9941, 6.1e-5
    - 4 :   2, 10,  706,    5,  8,     7,  2,     3,  7,     5,  8,  12099, 6.0e-5
    - 5 :   2, 10,  699,    5,  8,     7,  2,     4,  6,     5,  8,  15455, 5.8e-5
    - 6 :   2, 10,  704,    6,  7,     7,  2,     4,  6,     6,  7,  18323, 5.8e-5
    - 7 :   2, 10,  709,    7,  6,    14,  1,     4,  6,     7,  6,  21448, 6.2e-5
    - 8 :   2, 10,  723,    7,  6,    15,  1,     5,  5,     7,  6,  26535, 6.3e-5
    - 9 :   2, 10,  725,    7,  6,    15,  1,     7,  4,     7,  6,  36175, 6.2e-5
    - 10:   2, 10,  712,    8,  5,    15,  1,     9,  3,     8,  5,  51286, 6.3e-5
    - 11:   2, 10,  719,   14,  3,    15,  1,     7,  4,    14,  3,  69313, 6.3e-5
    - 12:   2, 10,  739,   14,  3,    15,  1,    10,  3,    14,  3,  98699, 6.3e-5
    - 13:   2, 10,  703,   22,  2,    15,  1,    15,  2,    22,  2, 219802, 6.3e-5
    - 14:   2, 10,  725,   44,  1,    15,  1,    31,  1,    44,  1, 901081, 6.2e-5
    # no solution starting from log norm2 = 15

  - 12: # bits
    -ln2:   k,  N,    n, br_l,br_b, ks_l,ks_b, cb_l,cb_b, pp_l,pp_b,  cost, p_error
    - 0 :   2, 10,  692,    4,  9,     7,  2,     2,  9,     4,  9,   8741, 6.2e-5
    - 1 :   2, 10,  720,    4,  9,     7,  2,     2,  9,     4,  9,   8978, 6.2e-5
    - 2 :   2, 10,  692,    4,  9,     7,  2,     3,  7,     4,  9,  12222, 5.9e-5
    - 3 :   2, 10,  716,    4,  9,     7,  2,     3,  7,     4,  9,  12495, 6.2e-5
    - 4 :   2, 10,  714,    5,  8,     7,  2,     3,  7,     5,  8,  15193, 6.2e-5
    - 5 :   2, 10,  702,    5,  8,     7,  2,     4,  6,     5,  8,  19332, 6.3e-5
    - 6 :   2, 10,  710,    6,  7,     7,  2,     4,  6,     6,  7,  22978, 6.2e-5
    - 7 :   2, 10,  742,    7,  6,    15,  1,     4,  6,     7,  6,  27574, 6.3e-5
    - 8 :   2, 10,  704,    8,  5,    14,  1,     5,  5,     8,  5,  36819, 6.1e-5
    - 9 :   2, 10,  694,    8,  5,    14,  1,     7,  4,     8,  5,  49772, 5.9e-5
    - 10:   2, 10,  692,   11,  4,    14,  1,     7,  4,    11,  4,  67130, 6.3e-5
    - 11:   2, 10,  729,   15,  3,    15,  1,     7,  4,    15,  3,  93239, 6.2e-5
    - 12:   2, 10,  737,   15,  3,    15,  1,    10,  3,    15,  3, 131539, 6.3e-5
    - 13:   2, 10,  720,   22,  2,    15,  1,    15,  2,    22,  2, 278360, 6.3e-5
    - 14:   2, 10,  725,   44,  1,    15,  1,    32,  1,    44,  1, 1161863, 6.3e-5
    # no solution starting from log norm2 = 15

  - 13: # bits
    -ln2:   k,  N,    n, br_l,br_b, ks_l,ks_b, cb_l,cb_b, pp_l,pp_b,  cost, p_error
    - 0 :   2, 10,  693,    4,  9,     7,  2,     2,  9,     4,  9,   9371, 5.7e-5
    - 1 :   2, 10,  725,    4,  9,     7,  2,     2,  9,     4,  9,   9661, 6.3e-5
    - 2 :   2, 10,  692,    4,  9,     7,  2,     3,  7,     4,  9,  13075, 6.2e-5
    - 3 :   2, 10,  720,    4,  9,     7,  2,     3,  7,     4,  9,  13417, 6.3e-5
    - 4 :   2, 10,  717,    5,  8,     7,  2,     3,  7,     5,  8,  16298, 6.3e-5
    - 5 :   2, 10,  704,    5,  8,     7,  2,     4,  6,     5,  8,  20705, 6.0e-5
    - 6 :   2, 10,  713,    6,  7,     7,  2,     4,  6,     6,  7,  24631, 6.1e-5
    - 7 :   2, 10,  712,    6,  7,    14,  1,     5,  5,     6,  7,  30401, 6.3e-5
    - 8 :   2, 10,  707,    8,  5,    14,  1,     5,  5,     8,  5,  39447, 6.3e-5
    - 9 :   2, 10,  695,    8,  5,    14,  1,     7,  4,     8,  5,  53207, 6.3e-5
    - 10:   2, 10,  694,   11,  4,    14,  1,     7,  4,    11,  4,  71821, 6.2e-5
    - 11:   2, 10,  703,   11,  4,    14,  1,    10,  3,    11,  4, 101371, 6.1e-5
    - 12:   2, 10,  695,   14,  3,    14,  1,    15,  2,    14,  3, 187570, 6.2e-5
    - 13:   2, 10,  732,   22,  2,    15,  1,    15,  2,    22,  2, 299944, 6.3e-5
    - 14:   2, 10,  751,   44,  1,    16,  1,    32,  1,    44,  1, 1264793, 6.3e-5
    # no solution starting from log norm2 = 15

  - 14: # bits
    -ln2:   k,  N,    n, br_l,br_b, ks_l,ks_b, cb_l,cb_b, pp_l,pp_b,  cost, p_error
    - 0 :   2, 10,  693,    4,  9,     7,  2,     2,  9,     4,  9,   9371, 5.7e-5
    - 1 :   2, 10,  725,    4,  9,     7,  2,     2,  9,     4,  9,   9661, 6.3e-5
    - 2 :   2, 10,  692,    4,  9,     7,  2,     3,  7,     4,  9,  13075, 6.2e-5
    - 3 :   2, 10,  720,    4,  9,     7,  2,     3,  7,     4,  9,  13417, 6.3e-5
    - 4 :   2, 10,  717,    5,  8,     7,  2,     3,  7,     5,  8,  16298, 6.3e-5
    - 5 :   2, 10,  704,    5,  8,     7,  2,     4,  6,     5,  8,  20705, 6.0e-5
    - 6 :   2, 10,  713,    6,  7,     7,  2,     4,  6,     6,  7,  24631, 6.1e-5
    - 7 :   2, 10,  712,    6,  7,    14,  1,     5,  5,     6,  7,  30401, 6.3e-5
    - 8 :   2, 10,  707,    8,  5,    14,  1,     5,  5,     8,  5,  39447, 6.3e-5
    - 9 :   2, 10,  695,    8,  5,    14,  1,     7,  4,     8,  5,  53207, 6.3e-5
    - 10:   2, 10,  694,   11,  4,    14,  1,     7,  4,    11,  4,  71821, 6.2e-5
    - 11:   2, 10,  703,   11,  4,    14,  1,    10,  3,    11,  4, 101371, 6.1e-5
    - 12:   2, 10,  695,   14,  3,    14,  1,    15,  2,    14,  3, 187570, 6.2e-5
    - 13:   2, 10,  732,   22,  2,    15,  1,    15,  2,    22,  2, 299944, 6.3e-5
    - 14:   2, 10,  751,   44,  1,    16,  1,    32,  1,    44,  1, 1264793, 6.3e-5
    # no solution starting from log norm2 = 15

  - 15: # bits
    -ln2:   k,  N,    n, br_l,br_b, ks_l,ks_b, cb_l,cb_b, pp_l,pp_b,  cost, p_error
    - 0 :   2, 10,  693,    4,  9,     7,  2,     2,  9,     4,  9,   9371, 5.7e-5
    - 1 :   2, 10,  725,    4,  9,     7,  2,     2,  9,     4,  9,   9661, 6.3e-5
    - 2 :   2, 10,  692,    4,  9,     7,  2,     3,  7,     4,  9,  13075, 6.2e-5
    - 3 :   2, 10,  720,    4,  9,     7,  2,     3,  7,     4,  9,  13417, 6.3e-5
    - 4 :   2, 10,  717,    5,  8,     7,  2,     3,  7,     5,  8,  16298, 6.3e-5
    - 5 :   2, 10,  704,    5,  8,     7,  2,     4,  6,     5,  8,  20705, 6.0e-5
    - 6 :   2, 10,  713,    6,  7,     7,  2,     4,  6,     6,  7,  24631, 6.1e-5
    - 7 :   2, 10,  712,    6,  7,    14,  1,     5,  5,     6,  7,  30401, 6.3e-5
    - 8 :   2, 10,  707,    8,  5,    14,  1,     5,  5,     8,  5,  39447, 6.3e-5
    - 9 :   2, 10,  695,    8,  5,    14,  1,     7,  4,     8,  5,  53207, 6.3e-5
    - 10:   2, 10,  694,   11,  4,    14,  1,     7,  4,    11,  4,  71821, 6.2e-5
    - 11:   2, 10,  703,   11,  4,    14,  1,    10,  3,    11,  4, 101371, 6.1e-5
    - 12:   2, 10,  695,   14,  3,    14,  1,    15,  2,    14,  3, 187570, 6.2e-5
    - 13:   2, 10,  732,   22,  2,    15,  1,    15,  2,    22,  2, 299944, 6.3e-5
    - 14:   2, 10,  751,   44,  1,    16,  1,    32,  1,    44,  1, 1264793, 6.3e-5
    # no solution starting from log norm2 = 15

  - 16: # bits
    -ln2:   k,  N,    n, br_l,br_b, ks_l,ks_b, cb_l,cb_b, pp_l,pp_b,  cost, p_error
    - 0 :   2, 10,  693,    4,  9,     7,  2,     2,  9,     4,  9,  10484, 6.3e-5
    - 1 :   2, 10,  744,    4,  9,     7,  2,     2,  9,     4,  9,  11000, 6.3e-5
    - 2 :   2, 10,  693,    4,  9,     7,  2,     3,  7,     4,  9,  14669, 5.9e-5
    - 3 :   2, 10,  733,    4,  9,     7,  2,     3,  7,     4,  9,  15215, 6.3e-5
    - 4 :   2, 10,  727,    5,  8,     7,  2,     3,  7,     5,  8,  18428, 6.2e-5
    - 5 :   2, 10,  707,    5,  8,     7,  2,     4,  6,     5,  8,  23289, 6.2e-5
    - 6 :   2, 10,  720,    6,  7,     7,  2,     4,  6,     6,  7,  27797, 6.1e-5
    - 7 :   2, 10,  725,    6,  7,    15,  1,     5,  5,     6,  7,  34560, 6.2e-5
    - 8 :   2, 10,  716,    8,  5,    15,  1,     5,  5,     8,  5,  44665, 6.2e-5
    - 9 :   2, 10,  699,    8,  5,    14,  1,     7,  4,     8,  5,  59966, 6.3e-5
    - 10:   2, 10,  698,   11,  4,    14,  1,     7,  4,    11,  4,  80932, 6.1e-5
    - 11:   2, 10,  709,   11,  4,    15,  1,    10,  3,    11,  4, 114528, 6.3e-5
    - 12:   2, 10,  699,   14,  3,    14,  1,    15,  2,    14,  3, 211555, 6.2e-5
    - 13:   2, 10,  704,   22,  2,    15,  1,    16,  2,    22,  2, 351079, 6.3e-5
    # no solution starting from log norm2 = 14
