security level: 160
target p_error: 6.3e-5
per precision and log norm2:

  - 1: # bits
    -ln2:   k,  N,    n, br_l,br_b, ks_l,ks_b, cb_l,cb_b, pp_l,pp_b,  cost, p_error
    - 0 :   2, 10,  713,    2, 13,     5,  2,     1,  9,     2, 14,    143, 6.1e-5
    - 1 :   2, 10,  698,    3, 10,     5,  2,     1, 10,     2, 14,    170, 5.5e-5
    - 2 :   2, 10,  803,    3, 10,     4,  3,     1, 10,     2, 14,    185, 6.2e-5
    - 3 :   2, 10,  773,    4,  8,     6,  2,     1, 11,     3, 10,    242, 6.3e-5
    - 4 :   3, 10,  763,    4,  9,     5,  2,     1, 13,     1, 31,    306, 6.2e-5
    - 5 :   2, 10,  724,    3, 10,     5,  2,     2,  7,     2, 14,    335, 6.1e-5
    - 6 :   2, 10,  713,    4,  8,     5,  2,     2,  8,     3, 10,    438, 6.1e-5
    - 7 :   3, 10,  727,    3, 12,     5,  2,     2,  8,     1, 31,    483, 6.1e-5
    - 8 :   2, 10,  734,    4,  8,     6,  2,     3,  6,     3, 10,    666, 6.3e-5
    - 9 :   3, 10,  736,    3, 12,     5,  2,     3,  6,     1, 31,    721, 5.9e-5
    - 10:   3, 10,  719,    6,  7,     5,  2,     2, 10,     2, 20,    877, 6.3e-5
    - 11:   3, 10,  734,    7,  6,     6,  2,     2, 10,     2, 20,    979, 6.1e-5
    - 12:   3, 10,  736,    5,  8,     6,  2,     3,  7,     2, 20,   1200, 6.2e-5
    - 13:   3, 10,  728,    7,  6,     6,  2,     3,  8,     2, 20,   1448, 6.3e-5
    - 14:   3, 10,  730,    9,  5,    11,  1,     3,  8,     2, 20,   1729, 6.0e-5
    - 15:   3, 10,  802,    7,  6,    13,  1,     4,  6,     2, 20,   2092, 6.3e-5
    - 16:   3, 10,  724,    8,  5,    11,  1,     5,  5,     2, 20,   2620, 6.3e-5
    - 17:   3, 10,  717,    8,  5,    11,  1,     7,  4,     2, 20,   3624, 5.9e-5
    - 18:   3, 10,  714,   11,  4,    11,  1,     7,  4,     2, 20,   4492, 5.9e-5
    - 19:   3, 10,  772,   15,  3,    12,  1,     7,  4,     2, 20,   6046, 6.3e-5
    - 20:   3, 10,  733,   21,  2,    11,  1,    10,  3,     2, 20,  10824, 6.0e-5
    - 21:   3, 10,  760,   22,  2,    12,  1,    15,  2,     2, 20,  17403, 6.3e-5
    - 22:   3, 10,  768,   45,  1,    12,  1,    32,  1,     3, 15,  72832, 6.3e-5
    # no solution starting from log norm2 = 23

  - 2: # bits
    -ln2:   k,  N,    n, br_l,br_b, ks_l,ks_b, cb_l,cb_b, pp_l,pp_b,  cost, p_error
    - 0 :   2, 10,  794,    4,  8,     6,  2,     1, 11,     2, 14,    601, 6.2e-5
    - 1 :   3, 10,  799,    3, 12,     6,  2,     1, 12,     1, 31,    725, 6.3e-5
    - 2 :   2, 10,  752,    3, 10,     6,  2,     2,  7,     2, 14,    811, 5.9e-5
    - 3 :   2, 10,  768,    4,  8,     6,  2,     2,  7,     2, 14,    982, 5.9e-5
    - 4 :   2, 10,  781,    3, 10,     6,  2,     3,  5,     2, 14,   1174, 6.1e-5
    - 5 :   3, 10,  882,    3, 12,     7,  2,     2,  8,     1, 31,   1326, 6.3e-5
    - 6 :   3, 10,  764,    3, 12,     6,  2,     3,  6,     1, 31,   1657, 6.3e-5
    - 7 :   3, 10,  780,    5,  8,     6,  2,     2, 10,     2, 20,   1942, 6.0e-5
    - 8 :   3, 10,  802,    6,  7,     6,  2,     2, 10,     2, 20,   2215, 6.1e-5
    - 9 :   3, 10,  766,    5,  8,     6,  2,     3,  7,     2, 20,   2721, 5.9e-5
    - 10:   3, 10,  802,    6,  7,     6,  2,     3,  7,     2, 20,   3137, 6.3e-5
    - 11:   3, 10,  779,    8,  5,     6,  2,     3,  8,     2, 20,   3711, 6.1e-5
    - 12:   3, 10,  762,    7,  6,    12,  1,     4,  6,     2, 20,   4369, 5.8e-5
    - 13:   3, 10,  769,    7,  6,    12,  1,     5,  5,     2, 20,   5384, 5.8e-5
    - 14:   3, 10,  774,    7,  6,    12,  1,     7,  4,     2, 20,   7389, 6.1e-5
    - 15:   3, 10,  806,    9,  5,    13,  1,     7,  4,     2, 20,   9038, 6.2e-5
    - 16:   3, 10,  768,   14,  3,    12,  1,     7,  4,     2, 20,  12073, 5.8e-5
    - 17:   3, 10,  777,   14,  3,    12,  1,    10,  3,     2, 20,  17081, 6.3e-5
    - 18:   3, 10,  831,   22,  2,    14,  1,    10,  3,     3, 15,  27708, 6.3e-5
    - 19:   3, 10,  798,   44,  1,    13,  1,    16,  2,     2, 20,  73763, 6.1e-5
    # no solution starting from log norm2 = 20

  - 3: # bits
    -ln2:   k,  N,    n, br_l,br_b, ks_l,ks_b, cb_l,cb_b, pp_l,pp_b,  cost, p_error
    - 0 :   2, 10,  824,    3, 10,     6,  2,     2,  7,     2, 14,   1370, 5.9e-5
    - 1 :   2, 10,  815,    4,  8,     6,  2,     2,  8,     3, 10,   1770, 6.3e-5
    - 2 :   3, 10,  828,    3, 12,     6,  2,     2,  8,     1, 31,   1970, 5.8e-5
    - 3 :   3, 10,  886,    4,  9,     7,  2,     2,  9,     1, 31,   2508, 6.2e-5
    - 4 :   3, 10,  835,    3, 12,     6,  2,     3,  6,     1, 31,   2747, 6.2e-5
    - 5 :   3, 10,  829,    3, 12,     6,  2,     4,  5,     1, 31,   3493, 6.1e-5
    - 6 :   3, 10,  846,    4,  9,     7,  2,     3,  7,     2, 20,   3983, 6.3e-5
    - 7 :   3, 10,  835,    5,  8,     7,  2,     3,  7,     2, 20,   4487, 5.8e-5
    - 8 :   3, 10,  829,    7,  6,     7,  2,     3,  8,     2, 20,   5532, 6.3e-5
    - 9 :   3, 10,  838,    6,  7,     7,  2,     4,  6,     2, 20,   6463, 5.9e-5
    - 10:   3, 10,  867,    7,  6,    14,  1,     4,  6,     2, 20,   7445, 6.2e-5
    - 11:   3, 10,  823,    8,  5,    13,  1,     5,  5,     2, 20,   9512, 6.0e-5
    - 12:   3, 10,  818,    8,  5,    13,  1,     7,  4,     2, 20,  12844, 6.2e-5
    - 13:   3, 10,  815,   11,  4,    13,  1,     7,  4,     2, 20,  16103, 6.0e-5
    - 14:   3, 10,  857,   15,  3,    14,  1,     7,  4,     2, 20,  21412, 6.2e-5
    - 15:   3, 10,  832,   21,  2,    13,  1,    10,  3,     2, 20,  38423, 6.2e-5
    - 16:   3, 10,  850,   22,  2,    14,  1,    15,  2,     2, 20,  59917, 6.2e-5
    - 17:   3, 10,  861,   45,  1,    14,  1,    32,  1,     3, 15, 247086, 6.2e-5
    # no solution starting from log norm2 = 18

  - 4: # bits
    -ln2:   k,  N,    n, br_l,br_b, ks_l,ks_b, cb_l,cb_b, pp_l,pp_b,  cost, p_error
    - 0 :   2, 10,  816,    4,  8,     6,  2,     2,  7,     2, 14,   3095, 6.3e-5
    - 1 :   2, 10,  828,    3, 10,     6,  2,     3,  5,     2, 14,   3683, 6.1e-5
    - 2 :   3, 10,  865,    3, 12,     7,  2,     2,  8,     1, 31,   3918, 6.1e-5
    - 3 :   3, 10,  818,    3, 12,     6,  2,     3,  6,     1, 31,   5231, 5.8e-5
    - 4 :   3, 10,  834,    5,  8,     6,  2,     2, 10,     2, 20,   6110, 6.3e-5
    - 5 :   3, 10,  843,    6,  7,     7,  2,     2, 10,     2, 20,   6928, 6.1e-5
    - 6 :   3, 10,  853,    8,  5,     7,  2,     2, 10,     2, 20,   8489, 6.1e-5
    - 7 :   3, 10,  841,    6,  7,     7,  2,     3,  7,     2, 20,   9772, 6.3e-5
    - 8 :   3, 10,  828,    8,  5,     7,  2,     3,  8,     2, 20,  11699, 6.2e-5
    - 9 :   3, 10,  811,    7,  6,    13,  1,     4,  6,     2, 20,  13756, 5.7e-5
    - 10:   3, 10,  816,    7,  6,    13,  1,     5,  5,     2, 20,  16904, 6.0e-5
    - 11:   3, 10,  872,   10,  4,    14,  1,     5,  5,     2, 20,  22856, 6.3e-5
    - 12:   3, 10,  841,    9,  5,    13,  1,     7,  4,     2, 20,  28028, 6.3e-5
    - 13:   3, 10,  815,   14,  3,    13,  1,     7,  4,     2, 20,  38094, 6.1e-5
    - 14:   3, 10,  823,   14,  3,    13,  1,    10,  3,     2, 20,  53794, 6.0e-5
    - 15:   3, 10,  855,   22,  2,    14,  1,    10,  3,     2, 20,  80829, 6.3e-5
    - 16:   3, 10,  835,   44,  1,    14,  1,    16,  2,     2, 20, 230936, 6.3e-5
    # no solution starting from log norm2 = 17

  - 5: # bits
    -ln2:   k,  N,    n, br_l,br_b, ks_l,ks_b, cb_l,cb_b, pp_l,pp_b,  cost, p_error
    - 0 :   2, 10,  816,    4,  8,     6,  2,     2,  7,     2, 14,   3095, 6.3e-5
    - 1 :   2, 10,  828,    3, 10,     6,  2,     3,  5,     2, 14,   3683, 6.1e-5
    - 2 :   3, 10,  865,    3, 12,     7,  2,     2,  8,     1, 31,   3918, 6.1e-5
    - 3 :   3, 10,  818,    3, 12,     6,  2,     3,  6,     1, 31,   5231, 5.8e-5
    - 4 :   3, 10,  834,    5,  8,     6,  2,     2, 10,     2, 20,   6110, 6.3e-5
    - 5 :   3, 10,  843,    6,  7,     7,  2,     2, 10,     2, 20,   6928, 6.1e-5
    - 6 :   3, 10,  853,    8,  5,     7,  2,     2, 10,     2, 20,   8489, 6.1e-5
    - 7 :   3, 10,  841,    6,  7,     7,  2,     3,  7,     2, 20,   9772, 6.3e-5
    - 8 :   3, 10,  828,    8,  5,     7,  2,     3,  8,     2, 20,  11699, 6.2e-5
    - 9 :   3, 10,  811,    7,  6,    13,  1,     4,  6,     2, 20,  13756, 5.7e-5
    - 10:   3, 10,  816,    7,  6,    13,  1,     5,  5,     2, 20,  16904, 6.0e-5
    - 11:   3, 10,  872,   10,  4,    14,  1,     5,  5,     2, 20,  22856, 6.3e-5
    - 12:   3, 10,  841,    9,  5,    13,  1,     7,  4,     2, 20,  28028, 6.3e-5
    - 13:   3, 10,  815,   14,  3,    13,  1,     7,  4,     2, 20,  38094, 6.1e-5
    - 14:   3, 10,  823,   14,  3,    13,  1,    10,  3,     2, 20,  53794, 6.0e-5
    - 15:   3, 10,  855,   22,  2,    14,  1,    10,  3,     2, 20,  80829, 6.3e-5
    - 16:   3, 10,  835,   44,  1,    14,  1,    16,  2,     2, 20, 230936, 6.3e-5
    # no solution starting from log norm2 = 17

  - 6: # bits
    -ln2:   k,  N,    n, br_l,br_b, ks_l,ks_b, cb_l,cb_b, pp_l,pp_b,  cost, p_error
    - 0 :   2, 10,  823,    4,  8,     6,  2,     2,  7,     2, 14,   3717, 6.3e-5
    - 1 :   2, 10,  835,    3, 10,     7,  2,     3,  5,     2, 14,   4413, 6.0e-5
    - 2 :   2, 10,  836,    6,  6,     7,  2,     2,  8,     3, 10,   5359, 6.0e-5
    - 3 :   3, 10,  820,    3, 12,     6,  2,     3,  6,     1, 31,   6204, 6.1e-5
    - 4 :   3, 10,  835,    5,  8,     7,  2,     2, 10,     2, 20,   7309, 6.0e-5
    - 5 :   3, 10,  858,    6,  7,     7,  2,     2, 10,     2, 20,   8360, 6.2e-5
    - 6 :   3, 10,  822,    5,  8,     6,  2,     3,  7,     2, 20,  10136, 6.3e-5
    - 7 :   3, 10,  854,    6,  7,     7,  2,     3,  7,     2, 20,  11699, 6.3e-5
    - 8 :   3, 10,  834,    8,  5,     7,  2,     3,  8,     2, 20,  13939, 6.1e-5
    - 9 :   3, 10,  815,    7,  6,    13,  1,     4,  6,     2, 20,  16293, 6.2e-5
    - 10:   3, 10,  823,    7,  6,    13,  1,     5,  5,     2, 20,  20033, 6.0e-5
    - 11:   3, 10,  830,    7,  6,    13,  1,     7,  4,     2, 20,  27446, 6.1e-5
    - 12:   3, 10,  877,    9,  5,    14,  1,     7,  4,     2, 20,  34083, 6.3e-5
    - 13:   3, 10,  822,   14,  3,    13,  1,     7,  4,     2, 20,  45119, 5.9e-5
    - 14:   3, 10,  833,   14,  3,    14,  1,    10,  3,     2, 20,  63794, 6.1e-5
    - 15:   3, 10,  880,   22,  2,    15,  1,    11,  3,     3, 15, 112146, 6.3e-5
    - 16:   3, 10,  858,   44,  1,    14,  1,    16,  2,     2, 20, 277526, 6.3e-5
    # no solution starting from log norm2 = 17

  - 7: # bits
    -ln2:   k,  N,    n, br_l,br_b, ks_l,ks_b, cb_l,cb_b, pp_l,pp_b,  cost, p_error
    - 0 :   2, 10,  832,    4,  8,     6,  2,     2,  7,     2, 14,   4356, 6.3e-5
    - 1 :   3, 10,  819,    3, 12,     6,  2,     2,  8,     1, 31,   5149, 6.0e-5
    - 2 :   3, 10,  837,    4,  9,     7,  2,     2,  9,     1, 31,   6306, 6.1e-5
    - 3 :   3, 10,  823,    3, 12,     6,  2,     3,  6,     1, 31,   7187, 5.8e-5
    - 4 :   3, 10,  842,    5,  8,     7,  2,     2, 10,     2, 20,   8525, 6.3e-5
    - 5 :   3, 10,  900,    6,  7,     7,  2,     2, 10,     2, 20,  10061, 6.3e-5
    - 6 :   3, 10,  822,    5,  8,     7,  2,     3,  7,     2, 20,  11741, 6.3e-5
    - 7 :   3, 10,  877,    6,  7,     7,  2,     3,  7,     2, 20,  13785, 6.2e-5
    - 8 :   3, 10,  841,    8,  5,     7,  2,     3,  8,     2, 20,  16220, 6.2e-5
    - 9 :   3, 10,  821,    7,  6,    13,  1,     4,  6,     2, 20,  18883, 6.0e-5
    - 10:   3, 10,  832,    7,  6,    13,  1,     5,  5,     2, 20,  23244, 6.0e-5
    - 11:   3, 10,  842,    7,  6,    14,  1,     7,  4,     2, 20,  31907, 6.3e-5
    - 12:   3, 10,  873,   10,  4,    14,  1,     7,  4,     2, 20,  42145, 6.3e-5
    - 13:   3, 10,  830,   14,  3,    13,  1,     7,  4,     2, 20,  52295, 6.1e-5
    - 14:   3, 10,  849,   14,  3,    14,  1,    10,  3,     2, 20,  74400, 6.2e-5
    - 15:   3, 10,  818,   22,  2,    13,  1,    15,  2,     2, 20, 154014, 6.0e-5
    - 16:   3, 10,  855,   45,  1,    14,  1,    16,  2,     3, 15, 332972, 6.3e-5
    # no solution starting from log norm2 = 17

  - 8: # bits
    -ln2:   k,  N,    n, br_l,br_b, ks_l,ks_b, cb_l,cb_b, pp_l,pp_b,  cost, p_error
    - 0 :   2, 10,  836,    4,  8,     7,  2,     2,  7,     2, 14,   5011, 6.3e-5
    - 1 :   3, 10,  821,    3, 12,     6,  2,     2,  8,     1, 31,   5871, 6.0e-5
    - 2 :   3, 10,  844,    4,  9,     7,  2,     2,  9,     1, 31,   7230, 6.1e-5
    - 3 :   3, 10,  825,    3, 12,     6,  2,     3,  6,     1, 31,   8168, 6.3e-5
    - 4 :   3, 10,  853,    5,  8,     7,  2,     2, 10,     2, 20,   9790, 6.1e-5
    - 5 :   3, 10,  831,    4,  9,     7,  2,     3,  7,     2, 20,  11809, 5.9e-5
    - 6 :   3, 10,  825,    5,  8,     7,  2,     3,  7,     2, 20,  13347, 6.0e-5
    - 7 :   3, 10,  822,    7,  6,     7,  2,     3,  8,     2, 20,  16491, 6.0e-5
    - 8 :   3, 10,  851,    8,  5,     7,  2,     3,  8,     2, 20,  18581, 6.1e-5
    - 9 :   3, 10,  828,    7,  6,    13,  1,     4,  6,     2, 20,  21521, 6.0e-5
    - 10:   3, 10,  843,    7,  6,    14,  1,     5,  5,     2, 20,  26598, 6.1e-5
    - 11:   3, 10,  869,    7,  6,    14,  1,     7,  4,     2, 20,  36903, 6.3e-5
    - 12:   3, 10,  807,   11,  4,    13,  1,     7,  4,     2, 20,  47926, 6.2e-5
    - 13:   3, 10,  840,   14,  3,    14,  1,     7,  4,     2, 20,  59747, 6.2e-5
    - 14:   3, 10,  835,   15,  3,    14,  1,    10,  3,     2, 20,  87501, 6.2e-5
    - 15:   3, 10,  823,   22,  2,    13,  1,    15,  2,     2, 20, 174617, 6.3e-5
    - 16:   3, 10,  856,   44,  1,    14,  1,    31,  1,     2, 20, 680332, 6.3e-5
    # no solution starting from log norm2 = 17

  - 9: # bits
    -ln2:   k,  N,    n, br_l,br_b, ks_l,ks_b, cb_l,cb_b, pp_l,pp_b,  cost, p_error
    - 0 :   3, 10,  888,    3, 12,     7,  2,     3,  6,     1, 31,   9720, 6.1e-5
    - 1 :   3, 10,  902,    5,  8,     7,  2,     2, 10,     2, 20,  11438, 6.3e-5
    - 2 :   3, 10,  919,    6,  7,     7,  2,     2, 10,     2, 20,  13053, 6.3e-5
    - 3 :   3, 10,  890,    5,  8,     7,  2,     3,  7,     2, 20,  15757, 6.0e-5
    - 4 :   3, 10,  914,    6,  7,     7,  2,     3,  7,     2, 20,  18046, 6.2e-5
    - 5 :   3, 10,  902,    8,  5,     7,  2,     3,  8,     2, 20,  21777, 6.1e-5
    - 6 :   3, 10,  898,    7,  6,     7,  2,     4,  6,     2, 20,  25265, 6.2e-5
    - 7 :   3, 10,  888,    7,  6,    14,  1,     5,  5,     2, 20,  30879, 6.2e-5
    - 8 :   3, 10,  934,   10,  4,    16,  1,     5,  5,     2, 20,  41573, 6.3e-5
    - 9 :   3, 10,  910,    9,  5,    15,  1,     7,  4,     2, 20,  50863, 6.3e-5
    - 10:   3, 10,  886,   14,  3,    15,  1,     7,  4,     2, 20,  69775, 6.1e-5
    - 11:   3, 10,  893,   14,  3,    15,  1,    10,  3,     2, 20,  97702, 6.3e-5
    - 12:   3, 10,  925,   22,  2,    16,  1,    10,  3,     2, 20, 147135, 6.3e-5
    - 13:   3, 10,  905,   44,  1,    15,  1,    16,  2,     2, 20, 420022, 6.2e-5
    # no solution starting from log norm2 = 14

  - 10: # bits
    -ln2:   k,  N,    n, br_l,br_b, ks_l,ks_b, cb_l,cb_b, pp_l,pp_b,  cost, p_error
    - 0 :   3, 10,  889,    3, 12,     7,  2,     3,  6,     1, 31,  10759, 6.2e-5
    - 1 :   3, 10,  906,    5,  8,     7,  2,     2, 10,     2, 20,  12715, 6.3e-5
    - 2 :   3, 10,  924,    6,  7,     8,  2,     2, 10,     2, 20,  14588, 6.2e-5
    - 3 :   3, 10,  891,    5,  8,     7,  2,     3,  7,     2, 20,  17436, 6.2e-5
    - 4 :   3, 10,  918,    6,  7,     8,  2,     3,  7,     2, 20,  20085, 6.2e-5
    - 5 :   3, 10,  906,    8,  5,     7,  2,     3,  8,     2, 20,  24179, 6.1e-5
    - 6 :   3, 10,  901,    7,  6,     7,  2,     4,  6,     2, 20,  27986, 6.2e-5
    - 7 :   3, 10,  890,    7,  6,    15,  1,     5,  5,     2, 20,  34204, 6.2e-5
    - 8 :   3, 10,  896,    7,  6,    15,  1,     7,  4,     2, 20,  46488, 6.2e-5
    - 9 :   3, 10,  927,    9,  5,    16,  1,     7,  4,     2, 20,  57006, 6.3e-5
    - 10:   3, 10,  889,   14,  3,    15,  1,     7,  4,     2, 20,  77205, 6.2e-5
    - 11:   3, 10,  899,   14,  3,    15,  1,    10,  3,     2, 20, 108321, 6.2e-5
    - 12:   3, 10,  945,   23,  2,    16,  1,    10,  3,     3, 15, 179840, 6.3e-5
    - 13:   3, 10,  917,   44,  1,    15,  1,    16,  2,     2, 20, 468535, 6.2e-5
    # no solution starting from log norm2 = 14

  - 11: # bits
    -ln2:   k,  N,    n, br_l,br_b, ks_l,ks_b, cb_l,cb_b, pp_l,pp_b,  cost, p_error
    - 0 :   3, 10,  890,    3, 12,     7,  2,     3,  6,     1, 31,  11801, 6.3e-5
    - 1 :   3, 10,  911,    5,  8,     7,  2,     2, 10,     2, 20,  14011, 6.3e-5
    - 2 :   3, 10,  936,    6,  7,     8,  2,     2, 10,     2, 20,  16177, 6.3e-5
    - 3 :   3, 10,  893,    5,  8,     7,  2,     3,  7,     2, 20,  19134, 6.0e-5
    - 4 :   3, 10,  926,    6,  7,     8,  2,     3,  7,     2, 20,  22156, 6.2e-5
    - 5 :   3, 10,  910,    8,  5,     7,  2,     3,  8,     2, 20,  26598, 6.3e-5
    - 6 :   3, 10,  904,    7,  6,     7,  2,     4,  6,     2, 20,  30720, 6.2e-5
    - 7 :   3, 10,  894,    7,  6,    15,  1,     5,  5,     2, 20,  37553, 6.2e-5
    - 8 :   3, 10,  902,    7,  6,    15,  1,     7,  4,     2, 20,  51084, 6.2e-5
    - 9 :   3, 10,  916,   10,  4,    15,  1,     7,  4,     2, 20,  66663, 6.3e-5
    - 10:   3, 10,  893,   14,  3,    15,  1,     7,  4,     2, 20,  84758, 6.2e-5
    - 11:   3, 10,  906,   14,  3,    15,  1,    10,  3,     2, 20, 119167, 6.2e-5
    - 12:   3, 10,  909,   21,  2,    15,  1,    15,  2,     2, 20, 245710, 6.3e-5
    - 13:   3, 10,  917,   44,  1,    15,  1,    16,  2,     3, 15, 525615, 6.3e-5
    # no solution starting from log norm2 = 14

  - 12: # bits
    -ln2:   k,  N,    n, br_l,br_b, ks_l,ks_b, cb_l,cb_b, pp_l,pp_b,  cost, p_error
    - 0 :   3, 10,  890,    3, 12,     7,  2,     3,  6,     1, 31,  11801, 6.3e-5
    - 1 :   3, 10,  911,    5,  8,     7,  2,     2, 10,     2, 20,  14011, 6.3e-5
    - 2 :   3, 10,  936,    6,  7,     8,  2,     2, 10,     2, 20,  16177, 6.3e-5
    - 3 :   3, 10,  893,    5,  8,     7,  2,     3,  7,     2, 20,  19134, 6.0e-5
    - 4 :   3, 10,  926,    6,  7,     8,  2,     3,  7,     2, 20,  22156, 6.2e-5
    - 5 :   3, 10,  910,    8,  5,     7,  2,     3,  8,     2, 20,  26598, 6.3e-5
    - 6 :   3, 10,  904,    7,  6,     7,  2,     4,  6,     2, 20,  30720, 6.2e-5
    - 7 :   3, 10,  894,    7,  6,    15,  1,     5,  5,     2, 20,  37553, 6.2e-5
    - 8 :   3, 10,  902,    7,  6,    15,  1,     7,  4,     2, 20,  51084, 6.2e-5
    - 9 :   3, 10,  916,   10,  4,    15,  1,     7,  4,     2, 20,  66663, 6.3e-5
    - 10:   3, 10,  893,   14,  3,    15,  1,     7,  4,     2, 20,  84758, 6.2e-5
    - 11:   3, 10,  906,   14,  3,    15,  1,    10,  3,     2, 20, 119167, 6.2e-5
    - 12:   3, 10,  909,   21,  2,    15,  1,    15,  2,     2, 20, 245710, 6.3e-5
    - 13:   3, 10,  917,   44,  1,    15,  1,    16,  2,     3, 15, 525615, 6.3e-5
    # no solution starting from log norm2 = 14

  - 13: # bits
    -ln2:   k,  N,    n, br_l,br_b, ks_l,ks_b, cb_l,cb_b, pp_l,pp_b,  cost, p_error
    - 0 :   3, 10,  895,    3, 12,     7,  2,     3,  6,     1, 31,  15809, 6.3e-5
    - 1 :   3, 10,  937,    5,  8,     8,  2,     2, 10,     2, 20,  19175, 6.3e-5
    - 2 :   3, 10,  907,    4,  9,     7,  2,     3,  7,     2, 20,  22621, 6.3e-5
    - 3 :   3, 10,  899,    5,  8,     7,  2,     3,  7,     2, 20,  25643, 6.2e-5
    - 4 :   3, 10,  896,    7,  6,     7,  2,     3,  8,     2, 20,  31881, 6.2e-5
    - 5 :   3, 10,  913,    8,  5,    15,  1,     3,  8,     2, 20,  36250, 6.3e-5
    - 6 :   3, 10,  901,    7,  6,    15,  1,     4,  6,     2, 20,  41539, 6.2e-5
    - 7 :   3, 10,  922,    7,  6,    15,  1,     5,  5,     2, 20,  51287, 6.3e-5
    - 8 :   3, 10,  883,    8,  5,    14,  1,     7,  4,     2, 20,  73362, 6.3e-5
    - 9 :   3, 10,  880,   11,  4,    15,  1,     7,  4,     2, 20,  92432, 6.3e-5
    - 10:   3, 10,  918,   14,  3,    15,  1,     7,  4,     2, 20, 115734, 6.3e-5
    - 11:   3, 10,  912,   15,  3,    15,  1,    10,  3,     2, 20, 168996, 6.3e-5
    - 12:   3, 10,  896,   22,  2,    15,  1,    15,  2,     2, 20, 336678, 6.3e-5
    - 13:   3, 10,  914,   44,  1,    15,  1,    32,  1,     2, 20, 1330550, 6.3e-5
    # no solution starting from log norm2 = 14

  - 14: # bits
    -ln2:   k,  N,    n, br_l,br_b, ks_l,ks_b, cb_l,cb_b, pp_l,pp_b,  cost, p_error
    - 0 :   3, 10,  895,    3, 12,     7,  2,     3,  6,     1, 31,  15809, 6.3e-5
    - 1 :   3, 10,  937,    5,  8,     8,  2,     2, 10,     2, 20,  19175, 6.3e-5
    - 2 :   3, 10,  907,    4,  9,     7,  2,     3,  7,     2, 20,  22621, 6.3e-5
    - 3 :   3, 10,  899,    5,  8,     7,  2,     3,  7,     2, 20,  25643, 6.2e-5
    - 4 :   3, 10,  896,    7,  6,     7,  2,     3,  8,     2, 20,  31881, 6.2e-5
    - 5 :   3, 10,  913,    8,  5,    15,  1,     3,  8,     2, 20,  36250, 6.3e-5
    - 6 :   3, 10,  901,    7,  6,    15,  1,     4,  6,     2, 20,  41539, 6.2e-5
    - 7 :   3, 10,  922,    7,  6,    15,  1,     5,  5,     2, 20,  51287, 6.3e-5
    - 8 :   3, 10,  883,    8,  5,    14,  1,     7,  4,     2, 20,  73362, 6.3e-5
    - 9 :   3, 10,  880,   11,  4,    15,  1,     7,  4,     2, 20,  92432, 6.3e-5
    - 10:   3, 10,  918,   14,  3,    15,  1,     7,  4,     2, 20, 115734, 6.3e-5
    - 11:   3, 10,  912,   15,  3,    15,  1,    10,  3,     2, 20, 168996, 6.3e-5
    - 12:   3, 10,  896,   22,  2,    15,  1,    15,  2,     2, 20, 336678, 6.3e-5
    - 13:   3, 10,  914,   44,  1,    15,  1,    32,  1,     2, 20, 1330550, 6.3e-5
    # no solution starting from log norm2 = 14

  - 15: # bits
    -ln2:   k,  N,    n, br_l,br_b, ks_l,ks_b, cb_l,cb_b, pp_l,pp_b,  cost, p_error
    - 0 :   3, 10,  895,    3, 12,     7,  2,     3,  6,     1, 31,  15809, 6.3e-5
    - 1 :   3, 10,  937,    5,  8,     8,  2,     2, 10,     2, 20,  19175, 6.3e-5
    - 2 :   3, 10,  907,    4,  9,     7,  2,     3,  7,     2, 20,  22621, 6.3e-5
    - 3 :   3, 10,  899,    5,  8,     7,  2,     3,  7,     2, 20,  25643, 6.2e-5
    - 4 :   3, 10,  896,    7,  6,     7,  2,     3,  8,     2, 20,  31881, 6.2e-5
    - 5 :   3, 10,  913,    8,  5,    15,  1,     3,  8,     2, 20,  36250, 6.3e-5
    - 6 :   3, 10,  901,    7,  6,    15,  1,     4,  6,     2, 20,  41539, 6.2e-5
    - 7 :   3, 10,  922,    7,  6,    15,  1,     5,  5,     2, 20,  51287, 6.3e-5
    - 8 :   3, 10,  883,    8,  5,    14,  1,     7,  4,     2, 20,  73362, 6.3e-5
    - 9 :   3, 10,  880,   11,  4,    15,  1,     7,  4,     2, 20,  92432, 6.3e-5
    - 10:   3, 10,  918,   14,  3,    15,  1,     7,  4,     2, 20, 115734, 6.3e-5
    - 11:   3, 10,  912,   15,  3,    15,  1,    10,  3,     2, 20, 168996, 6.3e-5
    - 12:   3, 10,  896,   22,  2,    15,  1,    15,  2,     2, 20, 336678, 6.3e-5
    - 13:   3, 10,  914,   44,  1,    15,  1,    32,  1,     2, 20, 1330550, 6.3e-5
    # no solution starting from log norm2 = 14

  - 16: # bits
    -ln2:   k,  N,    n, br_l,br_b, ks_l,ks_b, cb_l,cb_b, pp_l,pp_b,  cost, p_error
    - 0 :   3, 10,  898,    3, 12,     7,  2,     3,  6,     1, 31,  17754, 6.3e-5
    - 1 :   3, 10,  895,    3, 12,     7,  2,     4,  5,     1, 31,  22539, 6.2e-5
    - 2 :   3, 10,  915,    4,  9,     7,  2,     3,  7,     2, 20,  25497, 6.2e-5
    - 3 :   3, 10,  903,    5,  8,     7,  2,     3,  7,     2, 20,  28810, 6.2e-5
    - 4 :   3, 10,  899,    7,  6,     7,  2,     3,  8,     2, 20,  35776, 6.3e-5
    - 5 :   3, 10,  907,    6,  7,     7,  2,     4,  6,     2, 20,  41509, 6.2e-5
    - 6 :   3, 10,  912,    7,  6,    15,  1,     4,  6,     2, 20,  46994, 6.3e-5
    - 7 :   3, 10,  888,    8,  5,    15,  1,     5,  5,     2, 20,  61238, 6.2e-5
    - 8 :   3, 10,  887,    8,  5,    14,  1,     7,  4,     2, 20,  82638, 6.2e-5
    - 9 :   3, 10,  883,   11,  4,    15,  1,     7,  4,     2, 20, 104016, 6.2e-5
    - 10:   3, 10,  908,   15,  3,    15,  1,     7,  4,     2, 20, 136026, 6.3e-5
    - 11:   3, 10,  935,   15,  3,    16,  1,    10,  3,     3, 15, 206951, 6.3e-5
    - 12:   3, 10,  905,   22,  2,    15,  1,    15,  2,     2, 20, 381656, 6.2e-5
    - 13:   3, 10,  927,   45,  1,    16,  1,    32,  1,     2, 20, 1548025, 6.3e-5
    # no solution starting from log norm2 = 14
