security level: 112
target p_error: 6.3e-5
per precision and log norm2:

  - 1: # bits
    -ln2:   k,  N,    n, br_l,br_b, ks_l,ks_b, cb_l,cb_b,  cost, p_error
    - 0 :   2, 10,  506,    2, 15,     3,  3,     1, 11,    111, 6.2e-5
    - 1 :   2, 10,  509,    2, 15,     3,  3,     1, 11,    112, 6.2e-5
    - 2 :   2, 10,  492,    2, 15,     5,  2,     1, 11,    114, 5.8e-5
    - 3 :   2, 10,  482,    3, 12,     5,  2,     1, 13,    156, 6.1e-5
    - 4 :   2, 10,  501,    3, 12,     5,  2,     1, 13,    159, 5.7e-5
    - 5 :   2, 10,  495,    4,  9,     5,  2,     1, 14,    203, 5.9e-5
    - 6 :   2, 10,  524,    5,  8,     6,  2,     1, 15,    256, 6.1e-5
    - 7 :   2, 10,  484,    3, 12,     5,  2,     2,  9,    304, 6.0e-5
    - 8 :   2, 10,  527,    3, 12,     6,  2,     2,  9,    320, 6.1e-5
    - 9 :   2, 10,  488,    4,  9,     5,  2,     2,  9,    393, 6.3e-5
    - 10:   2, 10,  490,    5,  8,     5,  2,     2, 10,    482, 5.9e-5
    - 11:   2, 10,  500,    6,  7,     5,  2,     2, 10,    576, 6.0e-5
    - 12:   2, 10,  487,    5,  8,     5,  2,     3,  7,    716, 6.3e-5
    - 13:   2, 10,  502,    6,  7,     5,  2,     3,  8,    861, 6.1e-5
    - 14:   2, 10,  497,    5,  8,    11,  1,     4,  6,    974, 6.0e-5
    - 15:   2, 10,  520,    5,  8,    11,  1,     5,  5,   1240, 6.3e-5
    - 16:   2, 10,  484,    7,  6,    10,  1,     5,  5,   1633, 6.0e-5
    - 17:   2, 10,  493,    8,  5,    11,  1,     6,  5,   2240, 6.0e-5
    - 18:   2, 10,  508,    8,  5,    11,  1,     7,  4,   2649, 6.1e-5
    - 19:   2, 10,  508,   11,  4,    11,  1,     7,  4,   3591, 6.2e-5
    - 20:   2, 10,  483,   14,  3,    10,  1,    10,  3,   6311, 6.0e-5
    - 21:   2, 10,  512,   14,  3,    11,  1,    15,  2,   9725, 6.3e-5
    - 22:   2, 10,  527,   22,  2,    12,  1,    16,  2,  16361, 6.2e-5
    # no solution starting from log norm2 = 23

  - 2: # bits
    -ln2:   k,  N,    n, br_l,br_b, ks_l,ks_b, cb_l,cb_b,  cost, p_error
    - 0 :   2, 10,  568,    2, 15,     6,  2,     1, 11,    317, 6.2e-5
    - 1 :   2, 10,  524,    3, 12,     6,  2,     1, 13,    413, 5.5e-5
    - 2 :   2, 10,  519,    2, 15,     6,  2,     2,  7,    513, 6.0e-5
    - 3 :   2, 10,  538,    2, 15,     6,  2,     2,  7,    525, 5.8e-5
    - 4 :   2, 10,  518,    3, 12,     6,  2,     2,  9,    715, 5.8e-5
    - 5 :   2, 10,  530,    3, 12,     6,  2,     2,  9,    725, 5.3e-5
    - 6 :   2, 10,  520,    4,  9,     6,  2,     2,  9,    919, 5.2e-5
    - 7 :   2, 10,  543,    4,  9,     6,  2,     2,  9,    943, 5.8e-5
    - 8 :   2, 10,  556,    5,  8,     6,  2,     2, 10,   1166, 6.2e-5
    - 9 :   2, 10,  536,    4,  9,     6,  2,     3,  7,   1338, 5.8e-5
    - 10:   2, 10,  538,    5,  8,     6,  2,     3,  7,   1640, 6.3e-5
    - 11:   2, 10,  526,    5,  8,     6,  2,     4,  6,   2109, 6.3e-5
    - 12:   2, 10,  523,    6,  7,    11,  1,     4,  6,   2509, 6.1e-5
    - 13:   2, 10,  552,    7,  6,    12,  1,     4,  6,   2984, 6.1e-5
    - 14:   2, 10,  530,    8,  5,    12,  1,     5,  5,   4073, 5.9e-5
    - 15:   2, 10,  567,    7,  6,    13,  1,     7,  4,   5129, 6.3e-5
    - 16:   2, 10,  561,    8,  5,    13,  1,     9,  3,   7359, 6.2e-5
    - 17:   2, 10,  546,   15,  3,    13,  1,     7,  4,  10403, 6.3e-5
    - 18:   2, 10,  540,   15,  3,    12,  1,    10,  3,  14600, 6.3e-5
    - 19:   2, 10,  542,   22,  2,    12,  1,    15,  2,  31609, 6.1e-5
    - 20:   2, 10,  537,   44,  1,    12,  1,    32,  1, 131809, 6.0e-5
    # no solution starting from log norm2 = 21

  - 3: # bits
    -ln2:   k,  N,    n, br_l,br_b, ks_l,ks_b, cb_l,cb_b,  cost, p_error
    - 0 :   2, 10,  560,    2, 15,     6,  2,     2,  7,    840, 6.1e-5
    - 1 :   2, 10,  589,    5,  8,     6,  2,     1, 14,   1101, 6.3e-5
    - 2 :   2, 10,  558,    3, 12,     6,  2,     2,  8,   1165, 5.9e-5
    - 3 :   2, 10,  587,    3, 12,     7,  2,     2,  8,   1210, 6.3e-5
    - 4 :   2, 10,  561,    4,  9,     6,  2,     2,  9,   1497, 6.2e-5
    - 5 :   2, 10,  599,    3, 12,     7,  2,     3,  6,   1722, 6.3e-5
    - 6 :   2, 10,  560,    4,  9,     6,  2,     3,  7,   2114, 5.7e-5
    - 7 :   2, 10,  560,    5,  8,     6,  2,     3,  7,   2583, 6.3e-5
    - 8 :   2, 10,  574,    6,  7,     6,  2,     3,  8,   3096, 6.3e-5
    - 9 :   2, 10,  579,    5,  8,     7,  2,     4,  6,   3413, 6.0e-5
    - 10:   2, 10,  595,    6,  7,    14,  1,     4,  6,   4147, 6.2e-5
    - 11:   2, 10,  556,    7,  6,    12,  1,     5,  5,   5620, 6.2e-5
    - 12:   2, 10,  602,    9,  5,    14,  1,     5,  5,   7451, 6.3e-5
    - 13:   2, 10,  576,    8,  5,    13,  1,     7,  4,   8899, 6.0e-5
    - 14:   2, 10,  574,   11,  4,    13,  1,     7,  4,  12020, 6.3e-5
    - 15:   2, 10,  609,   11,  4,    14,  1,    10,  3,  17450, 6.3e-5
    - 16:   2, 10,  577,   14,  3,    13,  1,    15,  2,  31671, 6.2e-5
    - 17:   2, 10,  587,   22,  2,    13,  1,    16,  2,  52888, 6.3e-5
    # no solution starting from log norm2 = 18

  - 4: # bits
    -ln2:   k,  N,    n, br_l,br_b, ks_l,ks_b, cb_l,cb_b,  cost, p_error
    - 0 :   2, 10,  572,    2, 15,     6,  2,     2,  7,   1639, 5.6e-5
    - 1 :   2, 10,  555,    3, 12,     6,  2,     2,  8,   2237, 6.0e-5
    - 2 :   2, 10,  565,    3, 12,     6,  2,     2,  8,   2262, 6.1e-5
    - 3 :   2, 10,  557,    4,  9,     6,  2,     2,  9,   2873, 5.1e-5
    - 4 :   2, 10,  575,    4,  9,     6,  2,     2,  9,   2928, 6.2e-5
    - 5 :   2, 10,  582,    5,  8,     7,  2,     2, 10,   3610, 5.9e-5
    - 6 :   2, 10,  571,    4,  9,     6,  2,     3,  7,   4166, 5.8e-5
    - 7 :   2, 10,  572,    5,  8,     6,  2,     3,  7,   5095, 6.0e-5
    - 8 :   2, 10,  563,    5,  8,     6,  2,     4,  6,   6572, 5.6e-5
    - 9 :   2, 10,  557,    6,  7,    12,  1,     4,  6,   7804, 6.3e-5
    - 10:   2, 10,  573,    7,  6,    13,  1,     4,  6,   9153, 5.9e-5
    - 11:   2, 10,  585,    7,  6,    13,  1,     5,  5,  11391, 6.3e-5
    - 12:   2, 10,  579,    7,  6,    13,  1,     7,  4,  15564, 6.1e-5
    - 13:   2, 10,  576,    8,  5,    13,  1,     9,  3,  22389, 6.3e-5
    - 14:   2, 10,  582,   14,  3,    13,  1,     7,  4,  30188, 6.2e-5
    - 15:   2, 10,  586,   14,  3,    13,  1,    10,  3,  42750, 6.3e-5
    - 16:   2, 10,  568,   22,  2,    13,  1,    15,  2,  97108, 6.2e-5
    - 17:   2, 10,  592,   45,  1,    14,  1,    16,  2, 214025, 6.3e-5
    # no solution starting from log norm2 = 18

  - 5: # bits
    -ln2:   k,  N,    n, br_l,br_b, ks_l,ks_b, cb_l,cb_b,  cost, p_error
    - 0 :   2, 10,  572,    2, 15,     6,  2,     2,  7,   1639, 5.6e-5
    - 1 :   2, 10,  555,    3, 12,     6,  2,     2,  8,   2237, 6.0e-5
    - 2 :   2, 10,  565,    3, 12,     6,  2,     2,  8,   2262, 6.1e-5
    - 3 :   2, 10,  557,    4,  9,     6,  2,     2,  9,   2873, 5.1e-5
    - 4 :   2, 10,  575,    4,  9,     6,  2,     2,  9,   2928, 6.2e-5
    - 5 :   2, 10,  582,    5,  8,     7,  2,     2, 10,   3610, 5.9e-5
    - 6 :   2, 10,  571,    4,  9,     6,  2,     3,  7,   4166, 5.8e-5
    - 7 :   2, 10,  572,    5,  8,     6,  2,     3,  7,   5095, 6.0e-5
    - 8 :   2, 10,  563,    5,  8,     6,  2,     4,  6,   6572, 5.6e-5
    - 9 :   2, 10,  557,    6,  7,    12,  1,     4,  6,   7804, 6.3e-5
    - 10:   2, 10,  573,    7,  6,    13,  1,     4,  6,   9153, 5.9e-5
    - 11:   2, 10,  585,    7,  6,    13,  1,     5,  5,  11391, 6.3e-5
    - 12:   2, 10,  579,    7,  6,    13,  1,     7,  4,  15564, 6.1e-5
    - 13:   2, 10,  576,    8,  5,    13,  1,     9,  3,  22389, 6.3e-5
    - 14:   2, 10,  582,   14,  3,    13,  1,     7,  4,  30188, 6.2e-5
    - 15:   2, 10,  586,   14,  3,    13,  1,    10,  3,  42750, 6.3e-5
    - 16:   2, 10,  568,   22,  2,    13,  1,    15,  2,  97108, 6.2e-5
    - 17:   2, 10,  592,   45,  1,    14,  1,    16,  2, 214025, 6.3e-5
    # no solution starting from log norm2 = 18

  - 6: # bits
    -ln2:   k,  N,    n, br_l,br_b, ks_l,ks_b, cb_l,cb_b,  cost, p_error
    - 0 :   2, 10,  577,    2, 15,     6,  2,     2,  7,   1956, 6.1e-5
    - 1 :   2, 10,  556,    3, 12,     6,  2,     2,  8,   2656, 5.2e-5
    - 2 :   2, 10,  568,    3, 12,     6,  2,     2,  8,   2691, 6.0e-5
    - 3 :   2, 10,  557,    4,  9,     6,  2,     2,  9,   3406, 6.1e-5
    - 4 :   2, 10,  583,    4,  9,     6,  2,     2,  9,   3502, 6.1e-5
    - 5 :   2, 10,  594,    5,  8,     7,  2,     2, 10,   4334, 6.2e-5
    - 6 :   2, 10,  576,    4,  9,     6,  2,     3,  7,   4941, 6.0e-5
    - 7 :   2, 10,  578,    5,  8,     6,  2,     3,  7,   6048, 6.0e-5
    - 8 :   2, 10,  565,    5,  8,     6,  2,     4,  6,   7749, 5.9e-5
    - 9 :   2, 10,  559,    6,  7,    13,  1,     4,  6,   9216, 6.3e-5
    - 10:   2, 10,  587,    7,  6,    13,  1,     4,  6,  10918, 6.2e-5
    - 11:   2, 10,  566,    8,  5,    13,  1,     5,  5,  14885, 6.2e-5
    - 12:   2, 10,  612,    7,  6,    14,  1,     7,  4,  18837, 6.3e-5
    - 13:   2, 10,  595,    8,  5,    14,  1,     9,  3,  26707, 6.3e-5
    - 14:   2, 10,  582,   15,  3,    13,  1,     7,  4,  37838, 6.3e-5
    - 15:   2, 10,  578,   15,  3,    13,  1,    10,  3,  53127, 6.3e-5
    - 16:   2, 10,  578,   22,  2,    13,  1,    15,  2, 114580, 6.1e-5
    - 17:   2, 10,  575,   44,  1,    13,  1,    32,  1, 477771, 6.0e-5
    # no solution starting from log norm2 = 18

  - 7: # bits
    -ln2:   k,  N,    n, br_l,br_b, ks_l,ks_b, cb_l,cb_b,  cost, p_error
    - 0 :   2, 10,  584,    2, 15,     6,  2,     2,  7,   2281, 6.3e-5
    - 1 :   2, 10,  556,    3, 12,     6,  2,     2,  8,   3072, 5.9e-5
    - 2 :   2, 10,  572,    3, 12,     6,  2,     2,  8,   3127, 5.6e-5
    - 3 :   2, 10,  558,    4,  9,     6,  2,     2,  9,   3944, 5.8e-5
    - 4 :   2, 10,  588,    4,  9,     7,  2,     2,  9,   4092, 6.0e-5
    - 5 :   2, 10,  557,    4,  9,     6,  2,     3,  7,   5584, 6.0e-5
    - 6 :   2, 10,  583,    4,  9,     6,  2,     3,  7,   5737, 6.1e-5
    - 7 :   2, 10,  582,    5,  8,     7,  2,     3,  7,   7018, 5.8e-5
    - 8 :   2, 10,  568,    5,  8,     6,  2,     4,  6,   8941, 5.5e-5
    - 9 :   2, 10,  563,    6,  7,    13,  1,     4,  6,  10642, 6.1e-5
    - 10:   2, 10,  572,    6,  7,    13,  1,     5,  5,  13166, 5.9e-5
    - 11:   2, 10,  573,    8,  5,    13,  1,     5,  5,  17216, 6.1e-5
    - 12:   2, 10,  559,    8,  5,    13,  1,     7,  4,  23282, 5.7e-5
    - 13:   2, 10,  559,   11,  4,    13,  1,     7,  4,  31513, 5.5e-5
    - 14:   2, 10,  608,   15,  3,    14,  1,     7,  4,  44462, 6.3e-5
    - 15:   2, 10,  598,   15,  3,    14,  1,    10,  3,  62004, 6.2e-5
    - 16:   2, 10,  594,   22,  2,    14,  1,    15,  2, 133074, 6.3e-5
    - 17:   2, 10,  588,   44,  1,    14,  1,    32,  1, 552733, 6.3e-5
    # no solution starting from log norm2 = 18

  - 8: # bits
    -ln2:   k,  N,    n, br_l,br_b, ks_l,ks_b, cb_l,cb_b,  cost, p_error
    - 0 :   2, 10,  595,    2, 15,     6,  2,     2,  7,   2624, 6.3e-5
    - 1 :   2, 10,  557,    3, 12,     6,  2,     2,  8,   3493, 5.2e-5
    - 2 :   2, 10,  575,    3, 12,     6,  2,     2,  8,   3563, 6.3e-5
    - 3 :   2, 10,  559,    4,  9,     6,  2,     2,  9,   4483, 5.5e-5
    - 4 :   2, 10,  601,    4,  9,     7,  2,     2,  9,   4711, 6.1e-5
    - 5 :   2, 10,  558,    4,  9,     6,  2,     3,  7,   6330, 5.6e-5
    - 6 :   2, 10,  587,    4,  9,     7,  2,     3,  7,   6544, 6.0e-5
    - 7 :   2, 10,  589,    5,  8,     7,  2,     3,  7,   8004, 6.3e-5
    - 8 :   2, 10,  570,    5,  8,     6,  2,     4,  6,  10129, 6.2e-5
    - 9 :   2, 10,  568,    6,  7,    13,  1,     4,  6,  12092, 5.9e-5
    - 10:   2, 10,  581,    6,  7,    13,  1,     5,  5,  15004, 6.2e-5
    - 11:   2, 10,  583,    8,  5,    13,  1,     5,  5,  19634, 6.1e-5
    - 12:   2, 10,  562,    8,  5,    13,  1,     7,  4,  26344, 5.9e-5
    - 13:   2, 10,  562,   11,  4,    13,  1,     7,  4,  35655, 5.6e-5
    - 14:   2, 10,  569,   11,  4,    13,  1,    10,  3,  50455, 6.2e-5
    - 15:   2, 10,  563,   14,  3,    13,  1,    15,  2,  93810, 5.6e-5
    - 16:   2, 10,  566,   22,  2,    13,  1,    16,  2, 155711, 5.7e-5
    - 17:   2, 10,  604,   45,  1,    14,  1,    32,  1, 645079, 6.3e-5
    # no solution starting from log norm2 = 18

  - 9: # bits
    -ln2:   k,  N,    n, br_l,br_b, ks_l,ks_b, cb_l,cb_b,  cost, p_error
    - 0 :   2, 10,  601,    4,  9,     7,  2,     2,  9,   5274, 5.6e-5
    - 1 :   2, 10,  610,    4,  9,     7,  2,     2,  9,   5324, 5.9e-5
    - 2 :   2, 10,  614,    5,  8,     7,  2,     2, 10,   6507, 5.9e-5
    - 3 :   2, 10,  608,    4,  9,     7,  2,     3,  7,   7468, 6.1e-5
    - 4 :   2, 10,  609,    5,  8,     7,  2,     3,  7,   9121, 5.6e-5
    - 5 :   2, 10,  638,    6,  7,     7,  2,     3,  8,  11072, 6.3e-5
    - 6 :   2, 10,  607,    6,  7,     7,  2,     4,  6,  13876, 5.8e-5
    - 7 :   2, 10,  614,    7,  6,     7,  2,     4,  6,  16114, 6.2e-5
    - 8 :   2, 10,  607,    7,  6,    14,  1,     5,  5,  19794, 6.3e-5
    - 9 :   2, 10,  606,    7,  6,    14,  1,     7,  4,  27011, 6.1e-5
    - 10:   2, 10,  618,    9,  5,    14,  1,     7,  4,  34578, 6.3e-5
    - 11:   2, 10,  607,   14,  3,    14,  1,     7,  4,  52224, 5.8e-5
    - 12:   2, 10,  608,   14,  3,    14,  1,    10,  3,  73424, 6.0e-5
    - 13:   2, 10,  630,   22,  2,    15,  1,    10,  3, 116221, 6.2e-5
    - 14:   2, 10,  628,   43,  1,    15,  1,    16,  2, 353977, 6.3e-5
    # no solution starting from log norm2 = 15

  - 10: # bits
    -ln2:   k,  N,    n, br_l,br_b, ks_l,ks_b, cb_l,cb_b,  cost, p_error
    - 0 :   2, 10,  601,    4,  9,     7,  2,     2,  9,   5837, 5.8e-5
    - 1 :   2, 10,  611,    4,  9,     7,  2,     2,  9,   5899, 6.3e-5
    - 2 :   2, 10,  616,    5,  8,     7,  2,     2, 10,   7216, 6.1e-5
    - 3 :   2, 10,  610,    4,  9,     7,  2,     3,  7,   8268, 5.6e-5
    - 4 :   2, 10,  610,    5,  8,     7,  2,     3,  7,  10086, 5.8e-5
    - 5 :   2, 10,  637,    6,  7,    15,  1,     3,  8,  12440, 6.2e-5
    - 6 :   2, 10,  608,    6,  7,     7,  2,     4,  6,  15329, 5.8e-5
    - 7 :   2, 10,  606,    7,  6,    14,  1,     4,  6,  17831, 6.0e-5
    - 8 :   2, 10,  611,    7,  6,    14,  1,     5,  5,  21915, 5.9e-5
    - 9 :   2, 10,  609,    7,  6,    14,  1,     7,  4,  29853, 6.1e-5
    - 10:   2, 10,  625,    9,  5,    15,  1,     7,  4,  38381, 6.3e-5
    - 11:   2, 10,  610,   14,  3,    14,  1,     7,  4,  57713, 5.9e-5
    - 12:   2, 10,  611,   14,  3,    14,  1,    10,  3,  81093, 6.3e-5
    - 13:   2, 10,  652,   23,  2,    16,  1,    10,  3, 136286, 6.3e-5
    - 14:   2, 10,  616,   44,  1,    14,  1,    16,  2, 394590, 6.3e-5
    # no solution starting from log norm2 = 15

  - 11: # bits
    -ln2:   k,  N,    n, br_l,br_b, ks_l,ks_b, cb_l,cb_b,  cost, p_error
    - 0 :   2, 10,  601,    4,  9,     7,  2,     2,  9,   6399, 6.1e-5
    - 1 :   2, 10,  613,    4,  9,     7,  2,     2,  9,   6481, 6.1e-5
    - 2 :   2, 10,  619,    5,  8,     7,  2,     2, 10,   7936, 6.0e-5
    - 3 :   2, 10,  611,    4,  9,     7,  2,     3,  7,   9061, 5.9e-5
    - 4 :   2, 10,  611,    5,  8,     7,  2,     3,  7,  11053, 6.1e-5
    - 5 :   2, 10,  606,    5,  8,     7,  2,     4,  6,  14167, 5.8e-5
    - 6 :   2, 10,  609,    6,  7,     7,  2,     4,  6,  16785, 5.9e-5
    - 7 :   2, 10,  619,    7,  6,     7,  2,     4,  6,  19547, 6.3e-5
    - 8 :   2, 10,  615,    7,  6,    14,  1,     5,  5,  24051, 6.0e-5
    - 9 :   2, 10,  613,    7,  6,    14,  1,     7,  4,  32742, 6.0e-5
    - 10:   2, 10,  639,    9,  5,    15,  1,     7,  4,  42471, 6.3e-5
    - 11:   2, 10,  613,   14,  3,    14,  1,     7,  4,  63232, 6.2e-5
    - 12:   2, 10,  615,   14,  3,    15,  1,    10,  3,  88911, 6.3e-5
    - 13:   2, 10,  644,   15,  3,    15,  1,    16,  2, 153460, 6.3e-5
    - 14:   2, 10,  622,   44,  1,    15,  1,    16,  2, 433019, 6.1e-5
    # no solution starting from log norm2 = 15

  - 12: # bits
    -ln2:   k,  N,    n, br_l,br_b, ks_l,ks_b, cb_l,cb_b,  cost, p_error
    - 0 :   2, 10,  602,    4,  9,     7,  2,     2,  9,   7980, 5.9e-5
    - 1 :   2, 10,  619,    4,  9,     7,  2,     2,  9,   8123, 6.1e-5
    - 2 :   2, 10,  630,    5,  8,     7,  2,     2, 10,   9996, 6.2e-5
    - 3 :   2, 10,  616,    4,  9,     7,  2,     3,  7,  11355, 5.8e-5
    - 4 :   2, 10,  616,    5,  8,     7,  2,     3,  7,  13851, 6.1e-5
    - 5 :   2, 10,  608,    5,  8,     7,  2,     4,  6,  17709, 6.1e-5
    - 6 :   2, 10,  613,    6,  7,     7,  2,     4,  6,  21022, 5.8e-5
    - 7 :   2, 10,  619,    7,  6,    14,  1,     4,  6,  24641, 6.3e-5
    - 8 :   2, 10,  633,    7,  6,    15,  1,     5,  5,  30563, 6.2e-5
    - 9 :   2, 10,  628,    7,  6,    15,  1,     7,  4,  41487, 6.3e-5
    - 10:   2, 10,  623,    8,  5,    15,  1,     9,  3,  59287, 6.1e-5
    - 11:   2, 10,  629,   14,  3,    15,  1,     7,  4,  80126, 6.2e-5
    - 12:   2, 10,  638,   14,  3,    15,  1,    10,  3, 113316, 6.3e-5
    - 13:   2, 10,  614,   22,  2,    14,  1,    15,  2, 254852, 6.2e-5
    - 14:   2, 10,  649,   45,  1,    15,  1,    17,  2, 600410, 6.3e-5
    # no solution starting from log norm2 = 15

  - 13: # bits
    -ln2:   k,  N,    n, br_l,br_b, ks_l,ks_b, cb_l,cb_b,  cost, p_error
    - 0 :   2, 10,  602,    4,  9,     7,  2,     2,  9,   8545, 6.2e-5
    - 1 :   2, 10,  621,    4,  9,     7,  2,     2,  9,   8717, 6.3e-5
    - 2 :   2, 10,  636,    5,  8,     7,  2,     2, 10,  10770, 6.2e-5
    - 3 :   2, 10,  617,    4,  9,     7,  2,     3,  7,  12159, 6.3e-5
    - 4 :   2, 10,  618,    5,  8,     7,  2,     3,  7,  14845, 6.0e-5
    - 5 :   2, 10,  609,    5,  8,     7,  2,     4,  6,  18950, 5.9e-5
    - 6 :   2, 10,  614,    6,  7,     7,  2,     4,  6,  22493, 6.0e-5
    - 7 :   2, 10,  623,    7,  6,    15,  1,     4,  6,  26479, 6.3e-5
    - 8 :   2, 10,  650,    7,  6,    15,  1,     5,  5,  33174, 6.3e-5
    - 9 :   2, 10,  640,    7,  6,    15,  1,     7,  4,  44797, 6.3e-5
    - 10:   2, 10,  629,    8,  5,    15,  1,     9,  3,  63648, 6.2e-5
    - 11:   2, 10,  640,   14,  3,    15,  1,     7,  4,  86412, 6.3e-5
    - 12:   2, 10,  619,   15,  3,    15,  1,    10,  3, 127190, 6.2e-5
    - 13:   2, 10,  617,   22,  2,    15,  1,    15,  2, 272752, 6.3e-5
    - 14:   2, 10,  616,   44,  1,    15,  1,    32,  1, 1134676, 6.3e-5
    # no solution starting from log norm2 = 15

  - 14: # bits
    -ln2:   k,  N,    n, br_l,br_b, ks_l,ks_b, cb_l,cb_b,  cost, p_error
    - 0 :   2, 10,  602,    4,  9,     7,  2,     2,  9,   8545, 6.2e-5
    - 1 :   2, 10,  621,    4,  9,     7,  2,     2,  9,   8717, 6.3e-5
    - 2 :   2, 10,  636,    5,  8,     7,  2,     2, 10,  10770, 6.2e-5
    - 3 :   2, 10,  617,    4,  9,     7,  2,     3,  7,  12159, 6.3e-5
    - 4 :   2, 10,  618,    5,  8,     7,  2,     3,  7,  14845, 6.0e-5
    - 5 :   2, 10,  609,    5,  8,     7,  2,     4,  6,  18950, 5.9e-5
    - 6 :   2, 10,  614,    6,  7,     7,  2,     4,  6,  22493, 6.0e-5
    - 7 :   2, 10,  623,    7,  6,    15,  1,     4,  6,  26479, 6.3e-5
    - 8 :   2, 10,  650,    7,  6,    15,  1,     5,  5,  33174, 6.3e-5
    - 9 :   2, 10,  640,    7,  6,    15,  1,     7,  4,  44797, 6.3e-5
    - 10:   2, 10,  629,    8,  5,    15,  1,     9,  3,  63648, 6.2e-5
    - 11:   2, 10,  640,   14,  3,    15,  1,     7,  4,  86412, 6.3e-5
    - 12:   2, 10,  619,   15,  3,    15,  1,    10,  3, 127190, 6.2e-5
    - 13:   2, 10,  617,   22,  2,    15,  1,    15,  2, 272752, 6.3e-5
    - 14:   2, 10,  616,   44,  1,    15,  1,    32,  1, 1134676, 6.3e-5
    # no solution starting from log norm2 = 15

  - 15: # bits
    -ln2:   k,  N,    n, br_l,br_b, ks_l,ks_b, cb_l,cb_b,  cost, p_error
    - 0 :   2, 10,  602,    4,  9,     7,  2,     2,  9,   8545, 6.2e-5
    - 1 :   2, 10,  621,    4,  9,     7,  2,     2,  9,   8717, 6.3e-5
    - 2 :   2, 10,  636,    5,  8,     7,  2,     2, 10,  10770, 6.2e-5
    - 3 :   2, 10,  617,    4,  9,     7,  2,     3,  7,  12159, 6.3e-5
    - 4 :   2, 10,  618,    5,  8,     7,  2,     3,  7,  14845, 6.0e-5
    - 5 :   2, 10,  609,    5,  8,     7,  2,     4,  6,  18950, 5.9e-5
    - 6 :   2, 10,  614,    6,  7,     7,  2,     4,  6,  22493, 6.0e-5
    - 7 :   2, 10,  623,    7,  6,    15,  1,     4,  6,  26479, 6.3e-5
    - 8 :   2, 10,  650,    7,  6,    15,  1,     5,  5,  33174, 6.3e-5
    - 9 :   2, 10,  640,    7,  6,    15,  1,     7,  4,  44797, 6.3e-5
    - 10:   2, 10,  629,    8,  5,    15,  1,     9,  3,  63648, 6.2e-5
    - 11:   2, 10,  640,   14,  3,    15,  1,     7,  4,  86412, 6.3e-5
    - 12:   2, 10,  619,   15,  3,    15,  1,    10,  3, 127190, 6.2e-5
    - 13:   2, 10,  617,   22,  2,    15,  1,    15,  2, 272752, 6.3e-5
    - 14:   2, 10,  616,   44,  1,    15,  1,    32,  1, 1134676, 6.3e-5
    # no solution starting from log norm2 = 15

  - 16: # bits
    -ln2:   k,  N,    n, br_l,br_b, ks_l,ks_b, cb_l,cb_b,  cost, p_error
    - 0 :   2, 10,  603,    4,  9,     7,  2,     2,  9,   9574, 5.7e-5
    - 1 :   2, 10,  627,    4,  9,     7,  2,     2,  9,   9817, 6.2e-5
    - 2 :   2, 10,  656,    5,  8,     8,  2,     2, 10,  12339, 6.3e-5
    - 3 :   2, 10,  622,    4,  9,     7,  2,     3,  7,  13701, 6.0e-5
    - 4 :   2, 10,  622,    5,  8,     7,  2,     3,  7,  16707, 6.2e-5
    - 5 :   2, 10,  611,    5,  8,     7,  2,     4,  6,  21305, 5.8e-5
    - 6 :   2, 10,  617,    6,  7,     7,  2,     4,  6,  25310, 6.1e-5
    - 7 :   2, 10,  640,    7,  6,    15,  1,     4,  6,  30186, 6.3e-5
    - 8 :   2, 10,  613,    8,  5,    14,  1,     5,  5,  40690, 6.2e-5
    - 9 :   2, 10,  603,    8,  5,    14,  1,     7,  4,  55063, 5.8e-5
    - 10:   2, 10,  602,   11,  4,    14,  1,     7,  4,  74387, 6.1e-5
    - 11:   2, 10,  632,   15,  3,    15,  1,     7,  4, 102995, 6.3e-5
    - 12:   2, 10,  630,   15,  3,    15,  1,    10,  3, 144315, 6.3e-5
    - 13:   2, 10,  627,   22,  2,    15,  1,    15,  2, 309272, 6.1e-5
    - 14:   2, 10,  625,   44,  1,    15,  1,    32,  1, 1285814, 6.2e-5
    # no solution starting from log norm2 = 15
