security level: 80
target p_error: 6.3e-5
per precision and log norm2:

  - 1: # bits
    -ln2:   k,  N,    n, br_l,br_b, ks_l,ks_b, cb_l,cb_b, pp_l,pp_b,  cost, p_error
    - 0 :   1, 10,  450,    2, 13,     2,  5,     1,  9,     2, 13,     42, 8.1e-9
    - 1 :   1, 10,  450,    3, 10,     2,  5,     1, 10,     3, 10,     57, 3.7e-15
    - 2 :   1, 10,  450,    3, 10,     2,  5,     1, 10,     3, 10,     57, 1.2e-5
    - 3 :   1, 10,  450,    4,  8,     2,  5,     1, 11,     4,  8,     73, 5.2e-5
    - 4 :   1, 10,  450,    3, 10,     2,  5,     2,  7,     3, 10,    113, 4.4e-13
    - 5 :   1, 10,  450,    3, 10,     3,  4,     2,  7,     3, 10,    114, 4.9e-5
    - 6 :   1, 10,  450,    4,  8,     2,  5,     2,  7,     4,  8,    144, 1.4e-6
    - 7 :   1, 10,  450,    6,  6,     2,  5,     2,  8,     6,  6,    206, 1.3e-7
    - 8 :   1, 10,  450,    7,  5,     2,  5,     2,  8,     7,  5,    237, 2.5e-5
    - 9 :   1, 10,  450,    6,  6,     2,  5,     3,  6,     6,  6,    308, 6.5e-6
    - 10:   1, 10,  450,    6,  6,     2,  5,     4,  5,     6,  6,    411, 3.6e-5
    - 11:   2, 10,  450,    6,  7,     2,  5,     2, 10,     6,  7,    542, 4.4e-7
    - 12:   2, 10,  450,    4,  9,     3,  4,     3,  7,     4,  9,    558, 4.7e-5
    - 13:   2, 10,  450,    6,  7,     2,  5,     3,  8,     6,  7,    812, 5.4e-7
    - 14:   2, 10,  450,    5,  8,     2,  5,     4,  6,     5,  8,    911, 2.9e-6
    - 15:   2, 10,  450,    6,  7,     2,  5,     4,  6,     6,  7,   1081, 4.5e-5
    - 16:   2, 10,  450,    7,  6,     2,  5,     5,  5,     7,  6,   1563, 5.2e-8
    - 17:   2, 10,  450,    9,  5,     4,  3,     5,  5,     9,  5,   1991, 6.0e-5
    - 18:   2, 10,  450,    8,  5,     2,  5,     7,  4,     8,  5,   2484, 9.9e-6
    - 19:   2, 10,  450,   11,  4,     2,  5,     7,  4,    11,  4,   3376, 1.2e-5
    - 20:   2, 10,  450,   11,  4,     2,  5,    10,  3,    11,  4,   4822, 4.4e-5
    - 21:   2, 10,  450,   21,  2,     3,  4,    10,  3,    21,  2,   9071, 3.9e-5
    - 22:   2, 10,  450,   22,  2,     2,  5,    16,  2,    22,  2,  15188, 2.3e-5
    # no solution starting from log norm2 = 23

  - 2: # bits
    -ln2:   k,  N,    n, br_l,br_b, ks_l,ks_b, cb_l,cb_b, pp_l,pp_b,  cost, p_error
    - 0 :   1, 10,  450,    2, 13,     2,  5,     2,  6,     2, 13,    198, 5.6e-7
    - 1 :   1, 10,  450,    3, 10,     2,  5,     2,  7,     3, 10,    271, 1.1e-10
    - 2 :   1, 10,  450,    3, 10,     2,  5,     2,  7,     3, 10,    271, 3.5e-6
    - 3 :   1, 10,  450,    4,  8,     2,  5,     2,  7,     4,  8,    344, 1.4e-7
    - 4 :   1, 10,  450,    3, 10,     3,  4,     3,  5,     3, 10,    385, 2.0e-5
    - 5 :   1, 10,  450,    4,  8,     3,  4,     3,  6,     4,  8,    489, 3.5e-5
    - 6 :   1, 10,  450,    4,  8,     4,  3,     4,  4,     4,  8,    634, 6.2e-5
    - 7 :   1, 10,  450,    7,  5,     2,  5,     3,  6,     7,  5,    799, 8.6e-6
    - 8 :   2, 10,  450,    5,  8,     3,  4,     2, 10,     5,  8,   1025, 3.6e-6
    - 9 :   2, 10,  450,    4,  9,     2,  5,     3,  7,     4,  9,   1202, 5.4e-5
    - 10:   2, 10,  450,    5,  8,     3,  4,     3,  7,     5,  8,   1479, 6.2e-7
    - 11:   2, 10,  450,    5,  8,     2,  5,     4,  6,     5,  8,   1929, 9.2e-6
    - 12:   2, 10,  450,    6,  7,     2,  5,     4,  6,     6,  7,   2288, 3.3e-5
    - 13:   2, 10,  450,    7,  6,     3,  4,     4,  6,     7,  6,   2649, 1.1e-5
    - 14:   2, 10,  450,    7,  6,     3,  4,     5,  5,     7,  6,   3273, 3.1e-5
    - 15:   2, 10,  450,    7,  6,     3,  4,     7,  4,     7,  6,   4521, 8.9e-6
    - 16:   2, 10,  450,    9,  5,     7,  2,     7,  4,     9,  5,   5762, 5.8e-5
    - 17:   2, 10,  450,   14,  3,     3,  4,     7,  4,    14,  3,   8813, 2.6e-5
    - 18:   2, 10,  450,   14,  3,     3,  4,    10,  3,    14,  3,  12469, 1.8e-5
    - 19:   2, 10,  450,   15,  3,     7,  2,    16,  2,    15,  3,  21172, 5.7e-5
    - 20:   2, 10,  450,   44,  1,     3,  4,    16,  2,    44,  1,  61109, 4.0e-5
    # no solution starting from log norm2 = 21

  - 3: # bits
    -ln2:   k,  N,    n, br_l,br_b, ks_l,ks_b, cb_l,cb_b, pp_l,pp_b,  cost, p_error
    - 0 :   1, 10,  450,    3, 10,     3,  4,     2,  7,     3, 10,    432, 4.2e-5
    - 1 :   1, 10,  450,    4,  8,     3,  4,     2,  7,     4,  8,    547, 1.8e-6
    - 2 :   1, 10,  450,    4,  8,     3,  4,     3,  6,     4,  8,    761, 1.0e-7
    - 3 :   1, 10,  450,    7,  5,     3,  4,     2,  8,     7,  5,    893, 1.7e-5
    - 4 :   1, 10,  450,    6,  6,     3,  4,     3,  6,     6,  6,   1085, 5.6e-6
    - 5 :   1, 10,  450,    7,  5,     4,  3,     3,  6,     7,  5,   1249, 4.9e-5
    - 6 :   1, 10,  450,    7,  5,     4,  3,     4,  5,     7,  5,   1603, 5.0e-5
    - 7 :   2, 10,  450,    4,  9,     4,  3,     3,  7,     4,  9,   1858, 3.9e-5
    - 8 :   2, 10,  450,    5,  8,     5,  3,     3,  7,     5,  8,   2283, 6.0e-5
    - 9 :   2, 10,  450,    5,  8,     3,  4,     4,  6,     5,  8,   2953, 1.4e-5
    - 10:   2, 10,  450,    6,  7,     4,  3,     4,  6,     6,  7,   3505, 1.7e-5
    - 11:   2, 10,  450,    6,  7,     4,  3,     5,  5,     6,  7,   4313, 5.8e-5
    - 12:   2, 10,  450,    8,  5,     7,  2,     5,  5,     8,  5,   5677, 4.6e-5
    - 13:   2, 10,  450,    8,  5,     3,  4,     7,  4,     8,  5,   7783, 2.9e-5
    - 14:   2, 10,  450,   11,  4,     3,  4,     7,  4,    11,  4,  10569, 3.3e-5
    - 15:   2, 10,  450,   11,  4,     4,  3,    10,  3,    11,  4,  14911, 1.7e-5
    - 16:   2, 10,  450,   15,  3,    14,  1,    11,  3,    15,  3,  22164, 6.0e-5
    - 17:   2, 10,  450,   22,  2,     3,  4,    16,  2,    22,  2,  46412, 5.0e-5
    - 18:   2, 10,  450,   44,  1,    14,  1,    32,  1,    44,  1, 182544, 6.1e-5
    # no solution starting from log norm2 = 19

  - 4: # bits
    -ln2:   k,  N,    n, br_l,br_b, ks_l,ks_b, cb_l,cb_b, pp_l,pp_b,  cost, p_error
    - 0 :   1, 10,  450,    4,  8,     3,  4,     2,  7,     4,  8,   1039, 5.3e-9
    - 1 :   1, 10,  450,    3, 10,     3,  4,     3,  5,     3, 10,   1156, 1.5e-5
    - 2 :   1, 10,  450,    4,  8,     3,  4,     3,  6,     4,  8,   1468, 2.3e-5
    - 3 :   1, 10,  450,    5,  7,     4,  3,     3,  6,     5,  7,   1785, 5.5e-5
    - 4 :   1, 10,  450,    7,  5,     3,  4,     3,  6,     7,  5,   2404, 6.1e-7
    - 5 :   1, 10,  450,    9,  4,     5,  3,     3,  6,     9,  4,   3039, 5.8e-5
    - 6 :   2, 10,  450,    4,  9,     3,  4,     3,  7,     4,  9,   3618, 3.9e-6
    - 7 :   2, 10,  450,    5,  8,     3,  4,     3,  7,     5,  8,   4438, 8.4e-6
    - 8 :   2, 10,  450,    6,  7,     5,  3,     3,  8,     6,  7,   5279, 3.8e-5
    - 9 :   2, 10,  450,    6,  7,     3,  4,     4,  6,     6,  7,   6875, 2.1e-6
    - 10:   2, 10,  450,    7,  6,     3,  4,     4,  6,     7,  6,   7949, 3.8e-5
    - 11:   2, 10,  450,    7,  6,     4,  3,     5,  5,     7,  6,   9832, 1.6e-5
    - 12:   2, 10,  450,    8,  5,     7,  2,     6,  5,     8,  5,  13320, 4.0e-5
    - 13:   2, 10,  450,    9,  5,     4,  3,     7,  4,     9,  5,  17254, 4.4e-5
    - 14:   2, 10,  450,   14,  3,     4,  3,     7,  4,    14,  3,  26450, 1.3e-5
    - 15:   2, 10,  450,   14,  3,     3,  4,    10,  3,    14,  3,  37407, 5.2e-5
    - 16:   2, 10,  450,   22,  2,     7,  2,    10,  3,    22,  2,  58280, 5.9e-5
    - 17:   2, 10,  450,   43,  1,     5,  3,    16,  2,    43,  1, 179217, 5.8e-5
    # no solution starting from log norm2 = 18

  - 5: # bits
    -ln2:   k,  N,    n, br_l,br_b, ks_l,ks_b, cb_l,cb_b, pp_l,pp_b,  cost, p_error
    - 0 :   1, 10,  450,    4,  8,     3,  4,     2,  7,     4,  8,   1039, 5.3e-9
    - 1 :   1, 10,  450,    3, 10,     3,  4,     3,  5,     3, 10,   1156, 1.5e-5
    - 2 :   1, 10,  450,    4,  8,     3,  4,     3,  6,     4,  8,   1468, 2.3e-5
    - 3 :   1, 10,  450,    5,  7,     4,  3,     3,  6,     5,  7,   1785, 5.5e-5
    - 4 :   1, 10,  450,    7,  5,     3,  4,     3,  6,     7,  5,   2404, 6.1e-7
    - 5 :   1, 10,  450,    9,  4,     5,  3,     3,  6,     9,  4,   3039, 5.8e-5
    - 6 :   2, 10,  450,    4,  9,     3,  4,     3,  7,     4,  9,   3618, 3.9e-6
    - 7 :   2, 10,  450,    5,  8,     3,  4,     3,  7,     5,  8,   4438, 8.4e-6
    - 8 :   2, 10,  450,    6,  7,     5,  3,     3,  8,     6,  7,   5279, 3.8e-5
    - 9 :   2, 10,  450,    6,  7,     3,  4,     4,  6,     6,  7,   6875, 2.1e-6
    - 10:   2, 10,  450,    7,  6,     3,  4,     4,  6,     7,  6,   7949, 3.8e-5
    - 11:   2, 10,  450,    7,  6,     4,  3,     5,  5,     7,  6,   9832, 1.6e-5
    - 12:   2, 10,  450,    8,  5,     7,  2,     6,  5,     8,  5,  13320, 4.0e-5
    - 13:   2, 10,  450,    9,  5,     4,  3,     7,  4,     9,  5,  17254, 4.4e-5
    - 14:   2, 10,  450,   14,  3,     4,  3,     7,  4,    14,  3,  26450, 1.3e-5
    - 15:   2, 10,  450,   14,  3,     3,  4,    10,  3,    14,  3,  37407, 5.2e-5
    - 16:   2, 10,  450,   22,  2,     7,  2,    10,  3,    22,  2,  58280, 5.9e-5
    - 17:   2, 10,  450,   43,  1,     5,  3,    16,  2,    43,  1, 179217, 5.8e-5
    # no solution starting from log norm2 = 18

  - 6: # bits
    -ln2:   k,  N,    n, br_l,br_b, ks_l,ks_b, cb_l,cb_b, pp_l,pp_b,  cost, p_error
    - 0 :   1, 10,  450,    4,  8,     3,  4,     2,  7,     4,  8,   1240, 2.0e-8
    - 1 :   1, 10,  450,    3, 10,     3,  4,     3,  5,     3, 10,   1371, 4.3e-5
    - 2 :   1, 10,  451,    4,  8,     3,  4,     3,  6,     4,  8,   1743, 6.2e-5
    - 3 :   1, 10,  450,    4,  8,     4,  3,     4,  4,     4,  8,   2247, 6.1e-5
    - 4 :   1, 10,  450,    7,  5,     3,  4,     3,  6,     7,  5,   2850, 2.1e-6
    - 5 :   2, 10,  450,    5,  8,     3,  4,     2, 10,     5,  8,   3642, 4.6e-5
    - 6 :   2, 10,  450,    4,  9,     3,  4,     3,  7,     4,  9,   4265, 8.8e-6
    - 7 :   2, 10,  450,    5,  8,     3,  4,     3,  7,     5,  8,   5231, 1.9e-5
    - 8 :   2, 10,  450,    6,  7,    14,  1,     3,  8,     6,  7,   6333, 6.1e-5
    - 9 :   2, 10,  450,    6,  7,     3,  4,     4,  6,     6,  7,   8083, 4.6e-6
    - 10:   2, 10,  450,    7,  6,     4,  3,     4,  6,     7,  6,   9359, 1.9e-5
    - 11:   2, 10,  450,    7,  6,     4,  3,     5,  5,     7,  6,  11542, 4.5e-5
    - 12:   2, 10,  450,    7,  6,     4,  3,     7,  4,     7,  6,  15910, 1.6e-5
    - 13:   2, 10,  450,    9,  5,     7,  2,     7,  4,     9,  5,  20257, 4.4e-5
    - 14:   2, 10,  450,   14,  3,     4,  3,     7,  4,    14,  3,  30995, 3.8e-5
    - 15:   2, 10,  450,   14,  3,     4,  3,    10,  3,    14,  3,  43790, 2.9e-5
    - 16:   2, 10,  450,   15,  3,     7,  2,    16,  2,    15,  3,  74248, 4.3e-5
    - 17:   2, 10,  450,   44,  1,     4,  3,    16,  2,    44,  1, 214309, 5.5e-5
    # no solution starting from log norm2 = 18

  - 7: # bits
    -ln2:   k,  N,    n, br_l,br_b, ks_l,ks_b, cb_l,cb_b, pp_l,pp_b,  cost, p_error
    - 0 :   1, 10,  450,    4,  8,     3,  4,     2,  7,     4,  8,   1441, 6.4e-8
    - 1 :   1, 10,  450,    3, 10,     4,  3,     3,  5,     3, 10,   1592, 5.3e-5
    - 2 :   1, 10,  450,    4,  8,     7,  2,     3,  6,     4,  8,   2041, 5.0e-5
    - 3 :   1, 10,  450,    6,  6,     3,  4,     3,  6,     6,  6,   2868, 2.2e-7
    - 4 :   1, 10,  450,    7,  5,     3,  4,     3,  6,     7,  5,   3295, 5.9e-6
    - 5 :   2, 10,  450,    5,  8,     4,  3,     2, 10,     5,  8,   4222, 2.1e-5
    - 6 :   2, 10,  450,    4,  9,     3,  4,     3,  7,     4,  9,   4913, 1.8e-5
    - 7 :   2, 10,  450,    5,  8,     3,  4,     3,  7,     5,  8,   6024, 3.8e-5
    - 8 :   2, 10,  450,    5,  8,     3,  4,     4,  6,     5,  8,   7840, 1.7e-6
    - 9 :   2, 10,  450,    6,  7,     3,  4,     4,  6,     6,  7,   9292, 9.3e-6
    - 10:   2, 10,  450,    7,  6,     4,  3,     4,  6,     7,  6,  10757, 4.6e-5
    - 11:   2, 10,  451,    7,  6,     5,  3,     5,  5,     7,  6,  13282, 6.2e-5
    - 12:   2, 10,  450,    7,  6,     4,  3,     7,  4,     7,  6,  18244, 4.1e-5
    - 13:   2, 10,  450,   10,  4,     7,  2,     7,  4,    10,  4,  25699, 4.6e-5
    - 14:   2, 10,  450,   14,  3,     5,  3,     7,  4,    14,  3,  35554, 5.4e-5
    - 15:   2, 10,  450,   14,  3,     5,  3,    10,  3,    14,  3,  50177, 4.0e-5
    - 16:   2, 10,  450,   22,  2,     4,  3,    15,  2,    22,  2, 116048, 2.8e-5
    - 17:   2, 10,  450,   44,  1,     7,  2,    16,  2,    44,  1, 245322, 4.8e-5
    # no solution starting from log norm2 = 18

  - 8: # bits
    -ln2:   k,  N,    n, br_l,br_b, ks_l,ks_b, cb_l,cb_b, pp_l,pp_b,  cost, p_error
    - 0 :   1, 10,  450,    4,  8,     3,  4,     2,  7,     4,  8,   1642, 1.7e-7
    - 1 :   1, 10,  450,    5,  7,     4,  3,     2,  8,     5,  7,   1996, 6.3e-5
    - 2 :   1, 10,  450,    7,  5,     3,  4,     2,  8,     7,  5,   2681, 1.9e-6
    - 3 :   1, 10,  450,    6,  6,     3,  4,     3,  6,     6,  6,   3256, 5.9e-7
    - 4 :   1, 10,  450,    7,  5,     3,  4,     3,  6,     7,  5,   3741, 1.4e-5
    - 5 :   2, 10,  450,    5,  8,     4,  3,     2, 10,     5,  8,   4790, 4.7e-5
    - 6 :   2, 10,  450,    4,  9,     3,  4,     3,  7,     4,  9,   5560, 3.3e-5
    - 7 :   2, 10,  451,    5,  8,     3,  4,     3,  7,     5,  8,   6825, 6.2e-5
    - 8 :   2, 10,  450,    5,  8,     3,  4,     4,  6,     5,  8,   8860, 3.2e-6
    - 9 :   2, 10,  450,    6,  7,     3,  4,     4,  6,     6,  7,  10500, 1.7e-5
    - 10:   2, 10,  450,    7,  6,     5,  3,     4,  6,     7,  6,  12172, 6.0e-5
    - 11:   2, 10,  450,    8,  5,     4,  3,     5,  5,     8,  5,  16986, 1.9e-5
    - 12:   2, 10,  450,    7,  6,     5,  3,     7,  4,     7,  6,  20595, 5.2e-5
    - 13:   2, 10,  450,    8,  5,     7,  2,     9,  3,     8,  5,  29793, 5.1e-5
    - 14:   2, 10,  450,   15,  3,     5,  3,     7,  4,    15,  3,  42888, 4.7e-5
    - 15:   2, 10,  450,   14,  3,     7,  2,    10,  3,    14,  3,  56583, 5.6e-5
    - 16:   2, 10,  450,   22,  2,     4,  3,    15,  2,    22,  2, 130712, 6.2e-5
    - 17:   2, 10,  450,   45,  1,     7,  2,    17,  2,    45,  1, 299858, 5.5e-5
    # no solution starting from log norm2 = 18

  - 9: # bits
    -ln2:   k,  N,    n, br_l,br_b, ks_l,ks_b, cb_l,cb_b, pp_l,pp_b,  cost, p_error
    - 0 :   1, 10,  453,    7,  5,     5,  3,     2,  8,     7,  5,   3043, 6.2e-5
    - 1 :   1, 10,  450,    6,  6,     5,  3,     3,  6,     6,  6,   3661, 4.2e-5
    - 2 :   1, 10,  450,    6,  6,     7,  2,     4,  5,     6,  6,   4702, 3.3e-5
    - 3 :   2, 10,  450,    4,  9,     5,  3,     3,  7,     4,  9,   6242, 1.6e-5
    - 4 :   2, 10,  461,    4,  9,     8,  2,     3,  7,     4,  9,   6379, 6.3e-5
    - 5 :   2, 10,  452,    6,  7,     5,  3,     3,  8,     6,  7,   9070, 5.7e-5
    - 6 :   2, 10,  450,    5,  8,     7,  2,     4,  6,     5,  8,   9951, 1.4e-5
    - 7 :   2, 10,  450,    6,  7,     7,  2,     4,  6,     6,  7,  11779, 5.9e-5
    - 8 :   2, 10,  465,    6,  7,    15,  1,     5,  5,     6,  7,  14862, 6.3e-5
    - 9 :   2, 10,  456,    9,  5,    15,  1,     5,  5,     9,  5,  21515, 6.2e-5
    - 10:   2, 10,  450,    8,  5,     7,  2,     7,  4,     8,  5,  26069, 2.6e-5
    - 11:   2, 10,  450,   11,  4,     7,  2,     7,  4,    11,  4,  35376, 2.9e-5
    - 12:   2, 10,  450,   11,  4,     7,  2,    10,  3,    11,  4,  49831, 5.9e-5
    - 13:   2, 10,  450,   14,  3,     7,  2,    15,  2,    14,  3,  93425, 3.3e-5
    - 14:   2, 10,  450,   22,  2,     7,  2,    16,  2,    22,  2, 154919, 4.1e-5
    # no solution starting from log norm2 = 15

  - 10: # bits
    -ln2:   k,  N,    n, br_l,br_b, ks_l,ks_b, cb_l,cb_b, pp_l,pp_b,  cost, p_error
    - 0 :   1, 10,  450,    7,  5,     7,  2,     2,  8,     7,  5,   3375, 4.4e-5
    - 1 :   1, 10,  450,    6,  6,     5,  3,     3,  6,     6,  6,   4051, 6.2e-5
    - 2 :   1, 10,  450,    6,  6,     7,  2,     4,  5,     6,  6,   5196, 5.4e-5
    - 3 :   2, 10,  450,    4,  9,     5,  3,     3,  7,     4,  9,   6893, 1.9e-5
    - 4 :   2, 10,  450,    5,  8,     5,  3,     3,  7,     5,  8,   8442, 2.4e-5
    - 5 :   2, 10,  450,    6,  7,     7,  2,     3,  8,     6,  7,  10030, 1.0e-5
    - 6 :   2, 10,  450,    5,  8,     7,  2,     4,  6,     5,  8,  10978, 2.2e-5
    - 7 :   2, 10,  459,    6,  7,     7,  2,     4,  6,     6,  7,  13128, 6.2e-5
    - 8 :   2, 10,  450,    7,  6,     5,  3,     5,  5,     7,  6,  18404, 6.0e-5
    - 9 :   2, 10,  450,    8,  5,     7,  2,     6,  5,     8,  5,  24825, 1.5e-5
    - 10:   2, 10,  450,    8,  5,     7,  2,     7,  4,     8,  5,  28724, 4.0e-5
    - 11:   2, 10,  450,   11,  4,     7,  2,     7,  4,    11,  4,  38979, 4.4e-5
    - 12:   2, 10,  450,   11,  4,    14,  1,    10,  3,    11,  4,  55016, 5.9e-5
    - 13:   2, 10,  450,   14,  3,     7,  2,    15,  2,    14,  3, 102850, 5.1e-5
    - 14:   2, 10,  450,   22,  2,     7,  2,    16,  2,    22,  2, 170537, 6.3e-5
    # no solution starting from log norm2 = 15

  - 11: # bits
    -ln2:   k,  N,    n, br_l,br_b, ks_l,ks_b, cb_l,cb_b, pp_l,pp_b,  cost, p_error
    - 0 :   1, 10,  454,    7,  5,     7,  2,     2,  8,     7,  5,   3734, 6.3e-5
    - 1 :   1, 10,  450,    6,  6,     7,  2,     3,  6,     6,  6,   4462, 3.1e-5
    - 2 :   1, 10,  450,    9,  4,     5,  3,     3,  6,     9,  4,   6415, 3.5e-5
    - 3 :   2, 10,  450,    4,  9,     5,  3,     3,  7,     4,  9,   7544, 2.2e-5
    - 4 :   2, 10,  450,    5,  8,     5,  3,     3,  7,     5,  8,   9239, 2.9e-5
    - 5 :   2, 10,  450,    6,  7,     7,  2,     3,  8,     6,  7,  10977, 1.5e-5
    - 6 :   2, 10,  450,    5,  8,     7,  2,     4,  6,     5,  8,  12005, 3.2e-5
    - 7 :   2, 10,  464,    6,  7,    15,  1,     4,  6,     6,  7,  14612, 6.3e-5
    - 8 :   2, 10,  451,    7,  6,     5,  3,     5,  5,     7,  6,  20139, 6.3e-5
    - 9 :   2, 10,  450,    8,  5,     7,  2,     6,  5,     8,  5,  27126, 2.2e-5
    - 10:   2, 10,  450,    8,  5,     7,  2,     7,  4,     8,  5,  31380, 5.8e-5
    - 11:   2, 10,  451,   11,  4,     7,  2,     7,  4,    11,  4,  42627, 6.1e-5
    - 12:   2, 10,  465,   11,  4,    16,  1,    10,  3,    11,  4,  61065, 6.3e-5
    - 13:   2, 10,  450,   14,  3,    14,  1,    15,  2,    14,  3, 112422, 4.8e-5
    - 14:   2, 10,  450,   22,  2,    14,  1,    16,  2,    22,  2, 186304, 6.1e-5
    # no solution starting from log norm2 = 15

  - 12: # bits
    -ln2:   k,  N,    n, br_l,br_b, ks_l,ks_b, cb_l,cb_b, pp_l,pp_b,  cost, p_error
    - 0 :   1, 10,  453,    5,  7,     5,  3,     3,  6,     5,  7,   4737, 6.0e-5
    - 1 :   1, 10,  450,    7,  5,     4,  3,     3,  6,     7,  5,   6339, 2.0e-5
    - 2 :   1, 10,  450,    9,  4,     7,  2,     3,  6,     9,  4,   8019, 3.2e-5
    - 3 :   2, 10,  450,    4,  9,     5,  3,     3,  7,     4,  9,   9410, 3.4e-5
    - 4 :   2, 10,  450,    5,  8,     5,  3,     3,  7,     5,  8,  11524, 4.7e-5
    - 5 :   2, 10,  450,    6,  7,     7,  2,     3,  8,     6,  7,  13691, 4.1e-5
    - 6 :   2, 10,  457,    5,  8,     7,  2,     4,  6,     5,  8,  15103, 6.3e-5
    - 7 :   2, 10,  450,    7,  6,     7,  2,     4,  6,     7,  6,  20485, 9.1e-6
    - 8 :   2, 10,  450,    7,  6,     7,  2,     5,  5,     7,  6,  25165, 1.6e-5
    - 9 :   2, 10,  450,    8,  5,     7,  2,     6,  5,     8,  5,  33871, 5.9e-5
    - 10:   2, 10,  450,    9,  5,     7,  2,     7,  4,     9,  5,  43850, 3.1e-5
    - 11:   2, 10,  450,   11,  4,    14,  1,     8,  4,    11,  4,  60590, 6.3e-5
    - 12:   2, 10,  450,   14,  3,     7,  2,    10,  3,    14,  3,  94584, 1.2e-5
    - 13:   2, 10,  450,   22,  2,    14,  1,    10,  3,    22,  2, 147363, 4.7e-5
    - 14:   2, 10,  452,   22,  2,    15,  1,    31,  1,    22,  2, 447249, 6.2e-5
    # no solution starting from log norm2 = 15

  - 13: # bits
    -ln2:   k,  N,    n, br_l,br_b, ks_l,ks_b, cb_l,cb_b, pp_l,pp_b,  cost, p_error
    - 0 :   1, 10,  450,    5,  7,     7,  2,     3,  6,     5,  7,   5074, 3.5e-5
    - 1 :   1, 10,  450,    7,  5,     4,  3,     3,  6,     7,  5,   6787, 2.4e-5
    - 2 :   1, 10,  450,    9,  4,     7,  2,     3,  6,     9,  4,   8585, 4.4e-5
    - 3 :   2, 10,  450,    4,  9,     5,  3,     3,  7,     4,  9,  10063, 3.9e-5
    - 4 :   2, 10,  450,    5,  8,     5,  3,     3,  7,     5,  8,  12323, 5.5e-5
    - 5 :   2, 10,  450,    6,  7,     7,  2,     3,  8,     6,  7,  14640, 5.4e-5
    - 6 :   2, 10,  455,    5,  8,    15,  1,     4,  6,     5,  8,  16333, 6.2e-5
    - 7 :   2, 10,  450,    7,  6,     7,  2,     4,  6,     7,  6,  21892, 1.2e-5
    - 8 :   2, 10,  450,    7,  6,     7,  2,     5,  5,     7,  6,  26885, 2.1e-5
    - 9 :   2, 10,  455,    8,  5,     7,  2,     6,  5,     8,  5,  36373, 6.2e-5
    - 10:   2, 10,  450,    9,  5,     7,  2,     7,  4,     9,  5,  46827, 4.2e-5
    - 11:   2, 10,  461,   11,  4,    15,  1,     8,  4,    11,  4,  65475, 6.3e-5
    - 12:   2, 10,  450,   14,  3,     7,  2,    10,  3,    14,  3, 100968, 1.6e-5
    - 13:   2, 10,  450,   22,  2,    15,  1,    10,  3,    22,  2, 157334, 6.0e-5
    - 14:   2, 10,  450,   43,  1,    14,  1,    16,  2,    43,  1, 481418, 4.5e-5
    # no solution starting from log norm2 = 15

  - 14: # bits
    -ln2:   k,  N,    n, br_l,br_b, ks_l,ks_b, cb_l,cb_b, pp_l,pp_b,  cost, p_error
    - 0 :   1, 10,  450,    5,  7,     7,  2,     3,  6,     5,  7,   5074, 3.5e-5
    - 1 :   1, 10,  450,    7,  5,     4,  3,     3,  6,     7,  5,   6787, 2.4e-5
    - 2 :   1, 10,  450,    9,  4,     7,  2,     3,  6,     9,  4,   8585, 4.4e-5
    - 3 :   2, 10,  450,    4,  9,     5,  3,     3,  7,     4,  9,  10063, 3.9e-5
    - 4 :   2, 10,  450,    5,  8,     5,  3,     3,  7,     5,  8,  12323, 5.5e-5
    - 5 :   2, 10,  450,    6,  7,     7,  2,     3,  8,     6,  7,  14640, 5.4e-5
    - 6 :   2, 10,  455,    5,  8,    15,  1,     4,  6,     5,  8,  16333, 6.2e-5
    - 7 :   2, 10,  450,    7,  6,     7,  2,     4,  6,     7,  6,  21892, 1.2e-5
    - 8 :   2, 10,  450,    7,  6,     7,  2,     5,  5,     7,  6,  26885, 2.1e-5
    - 9 :   2, 10,  455,    8,  5,     7,  2,     6,  5,     8,  5,  36373, 6.2e-5
    - 10:   2, 10,  450,    9,  5,     7,  2,     7,  4,     9,  5,  46827, 4.2e-5
    - 11:   2, 10,  461,   11,  4,    15,  1,     8,  4,    11,  4,  65475, 6.3e-5
    - 12:   2, 10,  450,   14,  3,     7,  2,    10,  3,    14,  3, 100968, 1.6e-5
    - 13:   2, 10,  450,   22,  2,    15,  1,    10,  3,    22,  2, 157334, 6.0e-5
    - 14:   2, 10,  450,   43,  1,    14,  1,    16,  2,    43,  1, 481418, 4.5e-5
    # no solution starting from log norm2 = 15

  - 15: # bits
    -ln2:   k,  N,    n, br_l,br_b, ks_l,ks_b, cb_l,cb_b, pp_l,pp_b,  cost, p_error
    - 0 :   1, 10,  450,    5,  7,     7,  2,     3,  6,     5,  7,   5074, 3.5e-5
    - 1 :   1, 10,  450,    7,  5,     4,  3,     3,  6,     7,  5,   6787, 2.4e-5
    - 2 :   1, 10,  450,    9,  4,     7,  2,     3,  6,     9,  4,   8585, 4.4e-5
    - 3 :   2, 10,  450,    4,  9,     5,  3,     3,  7,     4,  9,  10063, 3.9e-5
    - 4 :   2, 10,  450,    5,  8,     5,  3,     3,  7,     5,  8,  12323, 5.5e-5
    - 5 :   2, 10,  450,    6,  7,     7,  2,     3,  8,     6,  7,  14640, 5.4e-5
    - 6 :   2, 10,  455,    5,  8,    15,  1,     4,  6,     5,  8,  16333, 6.2e-5
    - 7 :   2, 10,  450,    7,  6,     7,  2,     4,  6,     7,  6,  21892, 1.2e-5
    - 8 :   2, 10,  450,    7,  6,     7,  2,     5,  5,     7,  6,  26885, 2.1e-5
    - 9 :   2, 10,  455,    8,  5,     7,  2,     6,  5,     8,  5,  36373, 6.2e-5
    - 10:   2, 10,  450,    9,  5,     7,  2,     7,  4,     9,  5,  46827, 4.2e-5
    - 11:   2, 10,  461,   11,  4,    15,  1,     8,  4,    11,  4,  65475, 6.3e-5
    - 12:   2, 10,  450,   14,  3,     7,  2,    10,  3,    14,  3, 100968, 1.6e-5
    - 13:   2, 10,  450,   22,  2,    15,  1,    10,  3,    22,  2, 157334, 6.0e-5
    - 14:   2, 10,  450,   43,  1,    14,  1,    16,  2,    43,  1, 481418, 4.5e-5
    # no solution starting from log norm2 = 15

  - 16: # bits
    -ln2:   k,  N,    n, br_l,br_b, ks_l,ks_b, cb_l,cb_b, pp_l,pp_b,  cost, p_error
    - 0 :   1, 10,  452,    5,  7,     7,  2,     3,  6,     5,  7,   5704, 6.3e-5
    - 1 :   1, 10,  450,    7,  5,     4,  3,     3,  6,     7,  5,   7599, 3.4e-5
    - 2 :   1, 10,  450,    7,  5,     4,  3,     4,  5,     7,  5,   9722, 3.4e-5
    - 3 :   2, 10,  450,    4,  9,     5,  3,     3,  7,     4,  9,  11290, 5.1e-5
    - 4 :   2, 10,  451,    5,  8,     5,  3,     3,  7,     5,  8,  13840, 6.1e-5
    - 5 :   2, 10,  459,    6,  7,     7,  2,     3,  8,     6,  7,  16593, 6.3e-5
    - 6 :   2, 10,  450,    6,  7,     5,  3,     4,  6,     6,  7,  21213, 3.9e-5
    - 7 :   2, 10,  450,    7,  6,     7,  2,     4,  6,     7,  6,  24575, 2.0e-5
    - 8 :   2, 10,  450,    7,  6,     7,  2,     5,  5,     7,  6,  30195, 3.5e-5
    - 9 :   2, 10,  450,    7,  6,     7,  2,     7,  4,     7,  6,  41435, 1.8e-5
    - 10:   2, 10,  452,    9,  5,     7,  2,     7,  4,     9,  5,  52731, 6.3e-5
    - 11:   2, 10,  450,   14,  3,     7,  2,     7,  4,    14,  3,  80577, 3.2e-5
    - 12:   2, 10,  450,   14,  3,     7,  2,    10,  3,    14,  3, 113493, 2.6e-5
    - 13:   2, 10,  450,   15,  3,    14,  1,    16,  2,    15,  3, 192020, 4.4e-5
    - 14:   2, 10,  457,   43,  1,    15,  1,    16,  2,    43,  1, 545076, 6.2e-5
    # no solution starting from log norm2 = 15
