security level: 144
target p_error: 6.3e-5
per precision and log norm2:

  - 1: # bits
    -ln2:   k,  N,    n, br_l,br_b, ks_l,ks_b, cb_l,cb_b,  cost, p_error
    - 0 :   2, 10,  844,    3, 11,     5,  3,     1, 12,    219, 6.2e-5
    - 1 :   2, 10,  807,    4,  9,     7,  2,     1, 13,    276, 6.1e-5
    - 2 :   2, 10,  815,    6,  7,     7,  2,     1, 14,    393, 6.3e-5
    - 3 :   2, 10,  784,    3, 11,     7,  2,     2,  8,    409, 5.9e-5
    - 4 :   1, 11,  800,    3, 11,     7,  2,     2,  8,    455, 6.3e-5
    - 5 :   2, 10,  805,    4,  9,     7,  2,     2,  9,    530, 6.2e-5
    - 6 :   1, 11,  806,    5,  8,     7,  2,     2,  9,    698, 6.1e-5
    - 7 :   2, 10,  834,    4,  9,     8,  2,     3,  7,    805, 6.3e-5
    - 8 :   2, 10,  807,    4,  9,     7,  2,     4,  5,   1040, 6.1e-5
    - 9 :   2, 10,  810,    7,  6,     7,  2,     3,  7,   1302, 6.3e-5
    - 10:   2, 10,  791,    7,  6,     7,  2,     4,  6,   1705, 6.3e-5
    - 11:   2, 10,  802,    8,  5,     7,  2,     4,  6,   1947, 6.2e-5
    - 12:   2, 10,  799,    8,  5,    14,  1,     5,  5,   2444, 6.3e-5
    - 13:   2, 10,  839,    8,  5,    16,  1,     7,  4,   3514, 6.3e-5
    - 14:   2, 10,  783,   10,  4,    14,  1,     9,  3,   5323, 6.1e-5
    - 15:   2, 10,  827,   14,  3,    15,  1,     9,  3,   7589, 6.3e-5
    - 16:   2, 10,  801,   21,  2,    15,  1,    14,  2,  17130, 6.2e-5
    - 17:   3, 10,  836,   22,  2,    16,  1,    11,  3,  29762, 6.3e-5
    - 18:   3, 10,  816,   44,  1,    15,  1,    16,  2,  85009, 6.2e-5
    # no solution starting from log norm2 = 19

  - 2: # bits
    -ln2:   k,  N,    n, br_l,br_b, ks_l,ks_b, cb_l,cb_b,  cost, p_error
    - 0 :   2, 10,  830,    2, 15,     7,  2,     2,  7,    712, 6.3e-5
    - 1 :   2, 10,  779,    3, 11,     7,  2,     2,  8,    936, 6.1e-5
    - 2 :   2, 10,  796,    3, 11,     7,  2,     2,  8,    950, 6.2e-5
    - 3 :   2, 10,  786,    4,  9,     7,  2,     2,  9,   1199, 6.1e-5
    - 4 :   2, 10,  809,    3, 11,     7,  2,     3,  6,   1356, 6.3e-5
    - 5 :   2, 10,  791,    4,  9,     7,  2,     3,  7,   1707, 5.9e-5
    - 6 :   2, 10,  794,    5,  8,     7,  2,     3,  7,   2083, 6.3e-5
    - 7 :   2, 10,  813,    6,  7,     7,  2,     3,  7,   2493, 6.3e-5
    - 8 :   2, 10,  813,    6,  7,     7,  2,     4,  6,   3234, 6.3e-5
    - 9 :   2, 10,  821,    7,  6,    15,  1,     4,  6,   3802, 6.3e-5
    - 10:   2, 10,  775,    8,  5,    14,  1,     5,  5,   5079, 5.9e-5
    - 11:   2, 10,  792,   10,  4,    14,  1,     5,  5,   6343, 6.2e-5
    - 12:   2, 10,  792,   10,  4,    15,  1,     7,  4,   8712, 6.2e-5
    - 13:   2, 10,  810,   14,  3,    15,  1,     7,  4,  12172, 6.3e-5
    - 14:   2, 10,  789,   14,  3,    15,  1,    14,  2,  23387, 6.3e-5
    - 15:   2, 10,  815,   21,  2,    15,  1,    15,  2,  37806, 6.3e-5
    - 16:   3, 10,  809,   22,  2,    15,  1,    16,  2,  86423, 6.2e-5
    # no solution starting from log norm2 = 17

  - 3: # bits
    -ln2:   k,  N,    n, br_l,br_b, ks_l,ks_b, cb_l,cb_b,  cost, p_error
    - 0 :   2, 10,  781,    3, 11,     7,  2,     2,  8,   1467, 6.2e-5
    - 1 :   2, 10,  822,    3, 11,     7,  2,     2,  8,   1521, 6.3e-5
    - 2 :   2, 10,  794,    4,  9,     7,  2,     2,  9,   1889, 6.1e-5
    - 3 :   2, 10,  814,    5,  8,     7,  2,     2,  9,   2333, 6.3e-5
    - 4 :   2, 10,  804,    4,  9,     7,  2,     3,  7,   2667, 6.3e-5
    - 5 :   2, 10,  815,    5,  8,     7,  2,     3,  7,   3276, 6.3e-5
    - 6 :   2, 10,  828,    5,  8,    15,  1,     4,  6,   4339, 6.3e-5
    - 7 :   1, 11,  806,    8,  5,    15,  1,     3,  7,   5590, 6.3e-5
    - 8 :   2, 10,  779,    8,  5,    14,  1,     4,  6,   6365, 6.0e-5
    - 9 :   2, 10,  784,    8,  5,    14,  1,     5,  5,   7815, 6.2e-5
    - 10:   1, 11,  793,   10,  4,    15,  1,     5,  5,  10548, 6.2e-5
    - 11:   2, 10,  824,   11,  4,    15,  1,     7,  4,  14857, 6.3e-5
    - 12:   2, 10,  793,   14,  3,    14,  1,     9,  3,  23159, 6.3e-5
    - 13:   1, 11,  792,   14,  3,    14,  1,    14,  2,  37865, 6.2e-5
    - 14:   3, 10,  809,   22,  2,    15,  1,    10,  3,  82247, 6.1e-5
    - 15:   3, 10,  817,   22,  2,    15,  1,    31,  1, 251005, 6.3e-5
    # no solution starting from log norm2 = 16

  - 4: # bits
    -ln2:   k,  N,    n, br_l,br_b, ks_l,ks_b, cb_l,cb_b,  cost, p_error
    - 0 :   2, 10,  789,    3, 11,     7,  2,     2,  8,   2833, 6.2e-5
    - 1 :   2, 10,  783,    4,  9,     7,  2,     2,  9,   3588, 6.0e-5
    - 2 :   2, 10,  796,    3, 11,     7,  2,     3,  6,   4025, 6.1e-5
    - 3 :   2, 10,  786,    4,  9,     7,  2,     3,  7,   5100, 6.0e-5
    - 4 :   2, 10,  788,    5,  8,     7,  2,     3,  7,   6220, 6.1e-5
    - 5 :   1, 11,  792,    4,  9,     7,  2,     4,  5,   7351, 6.3e-5
    - 6 :   1, 11,  801,    7,  6,     7,  2,     3,  7,   9379, 6.2e-5
    - 7 :   2, 10,  806,    7,  6,     7,  2,     4,  6,  11120, 6.3e-5
    - 8 :   2, 10,  838,    8,  5,    16,  1,     4,  6,  13082, 6.3e-5
    - 9 :   2, 10,  817,    8,  5,    15,  1,     6,  4,  18691, 6.3e-5
    - 10:   2, 10,  781,   10,  4,    14,  1,     7,  4,  25897, 6.2e-5
    - 11:   2, 10,  805,   10,  4,    15,  1,     9,  3,  33559, 6.2e-5
    - 12:   2, 10,  818,   14,  3,    15,  1,    10,  3,  51723, 6.3e-5
    - 13:   2, 10,  790,   21,  2,    14,  1,    15,  2, 111314, 6.2e-5
    - 14:   3, 10,  809,   22,  2,    15,  1,    15,  2, 243294, 6.2e-5
    - 15:   3, 10,  818,   44,  1,    15,  1,    32,  1, 1027118, 6.3e-5
    # no solution starting from log norm2 = 16

  - 5: # bits
    -ln2:   k,  N,    n, br_l,br_b, ks_l,ks_b, cb_l,cb_b,  cost, p_error
    - 0 :   2, 10,  789,    3, 11,     7,  2,     2,  8,   2833, 6.2e-5
    - 1 :   2, 10,  783,    4,  9,     7,  2,     2,  9,   3588, 6.0e-5
    - 2 :   2, 10,  796,    3, 11,     7,  2,     3,  6,   4025, 6.1e-5
    - 3 :   2, 10,  786,    4,  9,     7,  2,     3,  7,   5100, 6.0e-5
    - 4 :   2, 10,  788,    5,  8,     7,  2,     3,  7,   6220, 6.1e-5
    - 5 :   1, 11,  792,    4,  9,     7,  2,     4,  5,   7351, 6.3e-5
    - 6 :   1, 11,  801,    7,  6,     7,  2,     3,  7,   9379, 6.2e-5
    - 7 :   2, 10,  806,    7,  6,     7,  2,     4,  6,  11120, 6.3e-5
    - 8 :   2, 10,  838,    8,  5,    16,  1,     4,  6,  13082, 6.3e-5
    - 9 :   2, 10,  817,    8,  5,    15,  1,     6,  4,  18691, 6.3e-5
    - 10:   2, 10,  781,   10,  4,    14,  1,     7,  4,  25897, 6.2e-5
    - 11:   2, 10,  805,   10,  4,    15,  1,     9,  3,  33559, 6.2e-5
    - 12:   2, 10,  818,   14,  3,    15,  1,    10,  3,  51723, 6.3e-5
    - 13:   2, 10,  790,   21,  2,    14,  1,    15,  2, 111314, 6.2e-5
    - 14:   3, 10,  809,   22,  2,    15,  1,    15,  2, 243294, 6.2e-5
    - 15:   3, 10,  818,   44,  1,    15,  1,    32,  1, 1027118, 6.3e-5
    # no solution starting from log norm2 = 16

  - 6: # bits
    -ln2:   k,  N,    n, br_l,br_b, ks_l,ks_b, cb_l,cb_b,  cost, p_error
    - 0 :   2, 10,  793,    3, 11,     7,  2,     2,  8,   3379, 5.9e-5
    - 1 :   2, 10,  784,    4,  9,     7,  2,     2,  9,   4267, 6.3e-5
    - 2 :   2, 10,  802,    3, 11,     7,  2,     3,  6,   4783, 6.1e-5
    - 3 :   2, 10,  788,    4,  9,     7,  2,     3,  7,   6038, 6.1e-5
    - 4 :   2, 10,  791,    5,  8,     7,  2,     3,  7,   7369, 6.1e-5
    - 5 :   2, 10,  804,    6,  7,     7,  2,     3,  7,   8777, 6.3e-5
    - 6 :   2, 10,  804,    6,  7,     7,  2,     4,  6,  11353, 6.2e-5
    - 7 :   2, 10,  803,    7,  6,    14,  1,     4,  6,  13224, 6.3e-5
    - 8 :   2, 10,  773,    8,  5,    14,  1,     5,  5,  17889, 6.0e-5
    - 9 :   2, 10,  786,   10,  4,    14,  1,     5,  5,  22273, 6.1e-5
    - 10:   2, 10,  786,   10,  4,    14,  1,     7,  4,  30505, 6.2e-5
    - 11:   1, 11,  792,   10,  4,    14,  1,     9,  3,  41907, 6.3e-5
    - 12:   2, 10,  784,   14,  3,    14,  1,    14,  2,  81762, 6.2e-5
    - 13:   2, 10,  799,   21,  2,    15,  1,    15,  2, 131121, 6.2e-5
    - 14:   3, 10,  824,   22,  2,    15,  1,    15,  2, 286570, 6.2e-5
    - 15:   3, 10,  832,   45,  1,    16,  1,    32,  1, 1235036, 6.3e-5
    # no solution starting from log norm2 = 16

  - 7: # bits
    -ln2:   k,  N,    n, br_l,br_b, ks_l,ks_b, cb_l,cb_b,  cost, p_error
    - 0 :   2, 10,  796,    3, 11,     7,  2,     2,  8,   3925, 6.2e-5
    - 1 :   2, 10,  786,    4,  9,     7,  2,     2,  9,   4951, 6.1e-5
    - 2 :   2, 10,  809,    3, 11,     7,  2,     3,  6,   5552, 6.3e-5
    - 3 :   2, 10,  791,    4,  9,     7,  2,     3,  7,   6985, 5.9e-5
    - 4 :   2, 10,  794,    5,  8,     7,  2,     3,  7,   8523, 6.3e-5
    - 5 :   2, 10,  813,    6,  7,     7,  2,     3,  7,  10202, 6.3e-5
    - 6 :   2, 10,  813,    6,  7,     7,  2,     4,  6,  13166, 6.3e-5
    - 7 :   2, 10,  821,    7,  6,    15,  1,     4,  6,  15470, 6.3e-5
    - 8 :   2, 10,  775,    8,  5,    14,  1,     5,  5,  20598, 5.9e-5
    - 9 :   2, 10,  792,   10,  4,    14,  1,     5,  5,  25726, 6.2e-5
    - 10:   2, 10,  792,   10,  4,    15,  1,     7,  4,  35201, 6.2e-5
    - 11:   2, 10,  810,   14,  3,    15,  1,     7,  4,  49182, 6.3e-5
    - 12:   2, 10,  789,   14,  3,    15,  1,    14,  2,  94027, 6.3e-5
    - 13:   2, 10,  815,   21,  2,    15,  1,    15,  2, 151953, 6.3e-5
    - 14:   3, 10,  809,   22,  2,    15,  1,    16,  2, 346771, 6.2e-5
    # no solution starting from log norm2 = 15

  - 8: # bits
    -ln2:   k,  N,    n, br_l,br_b, ks_l,ks_b, cb_l,cb_b,  cost, p_error
    - 0 :   2, 10,  801,    3, 11,     7,  2,     2,  8,   4482, 6.1e-5
    - 1 :   2, 10,  788,    4,  9,     7,  2,     2,  9,   5638, 6.0e-5
    - 2 :   2, 10,  821,    3, 11,     7,  2,     3,  6,   6358, 6.2e-5
    - 3 :   2, 10,  793,    4,  9,     7,  2,     3,  7,   7929, 6.3e-5
    - 4 :   2, 10,  798,    5,  8,     7,  2,     3,  7,   9692, 6.2e-5
    - 5 :   2, 10,  826,    6,  7,     8,  2,     3,  7,  11713, 6.2e-5
    - 6 :   2, 10,  807,    6,  7,    15,  1,     4,  6,  15052, 6.3e-5
    - 7 :   2, 10,  774,    8,  5,    14,  1,     4,  6,  19018, 5.9e-5
    - 8 :   2, 10,  777,    8,  5,    14,  1,     5,  5,  23315, 6.0e-5
    - 9 :   2, 10,  800,   10,  4,    14,  1,     5,  5,  29257, 6.3e-5
    - 10:   2, 10,  800,   10,  4,    15,  1,     7,  4,  39981, 6.2e-5
    - 11:   1, 11,  818,   14,  3,    15,  1,     7,  4,  60423, 6.3e-5
    - 12:   2, 10,  795,   14,  3,    15,  1,    14,  2, 106444, 6.3e-5
    - 13:   1, 11,  819,   21,  2,    15,  1,    15,  2, 183879, 6.3e-5
    - 14:   3, 10,  820,   22,  2,    15,  1,    16,  2, 392728, 6.2e-5
    # no solution starting from log norm2 = 15

  - 9: # bits
    -ln2:   k,  N,    n, br_l,br_b, ks_l,ks_b, cb_l,cb_b,  cost, p_error
    - 0 :   2, 10,  790,    4,  9,     7,  2,     2,  9,   6327, 6.0e-5
    - 1 :   2, 10,  836,    3, 11,     8,  2,     3,  6,   7230, 6.3e-5
    - 2 :   2, 10,  797,    4,  9,     7,  2,     3,  7,   8893, 6.0e-5
    - 3 :   2, 10,  803,    5,  8,     7,  2,     3,  7,  10877, 6.1e-5
    - 4 :   2, 10,  832,    6,  7,    15,  1,     3,  7,  13383, 6.3e-5
    - 5 :   2, 10,  834,    6,  7,    15,  1,     4,  6,  17168, 6.3e-5
    - 6 :   2, 10,  775,    8,  5,    14,  1,     4,  6,  21241, 6.2e-5
    - 7 :   2, 10,  779,    8,  5,    14,  1,     5,  5,  26041, 6.1e-5
    - 8 :   2, 10,  809,   10,  4,    15,  1,     5,  5,  32890, 6.3e-5
    - 9 :   2, 10,  812,   10,  4,    15,  1,     7,  4,  44958, 6.2e-5
    - 10:   2, 10,  785,   14,  3,    14,  1,     9,  3,  76882, 6.2e-5
    - 11:   2, 10,  804,   14,  3,    15,  1,    14,  2, 119239, 6.2e-5
    - 12:   3, 10,  817,   14,  3,    15,  1,    15,  2, 262758, 6.3e-5
    - 13:   3, 10,  841,   22,  2,    16,  1,    16,  2, 441468, 6.3e-5
    # no solution starting from log norm2 = 14

  - 10: # bits
    -ln2:   k,  N,    n, br_l,br_b, ks_l,ks_b, cb_l,cb_b,  cost, p_error
    - 0 :   2, 10,  792,    4,  9,     7,  2,     2,  9,   7019, 6.0e-5
    - 1 :   2, 10,  808,    5,  8,     7,  2,     2,  9,   8640, 6.1e-5
    - 2 :   2, 10,  800,    4,  9,     7,  2,     3,  7,   9854, 6.2e-5
    - 3 :   2, 10,  808,    5,  8,     7,  2,     3,  7,  12072, 6.2e-5
    - 4 :   2, 10,  827,    5,  8,     8,  2,     4,  6,  15779, 6.3e-5
    - 5 :   1, 11,  793,    8,  5,    14,  1,     3,  7,  20458, 6.3e-5
    - 6 :   2, 10,  777,    8,  5,    14,  1,     4,  6,  23488, 6.1e-5
    - 7 :   2, 10,  781,    8,  5,    14,  1,     5,  5,  28776, 6.3e-5
    - 8 :   2, 10,  833,   10,  4,    15,  1,     5,  5,  36970, 6.3e-5
    - 9 :   2, 10,  823,    8,  5,    15,  1,     9,  3,  51299, 6.3e-5
    - 10:   2, 10,  789,   14,  3,    14,  1,     9,  3,  84975, 6.2e-5
    - 11:   2, 10,  817,   14,  3,    15,  1,    14,  2, 132595, 6.3e-5
    - 12:   3, 10,  831,   14,  3,    16,  1,    15,  2, 291404, 6.3e-5
    - 13:   3, 10,  835,   44,  1,    16,  1,    15,  2, 902504, 6.3e-5
    # no solution starting from log norm2 = 14

  - 11: # bits
    -ln2:   k,  N,    n, br_l,br_b, ks_l,ks_b, cb_l,cb_b,  cost, p_error
    - 0 :   2, 10,  794,    4,  9,     7,  2,     2,  9,   7713, 6.1e-5
    - 1 :   2, 10,  814,    5,  8,     7,  2,     2,  9,   9527, 6.3e-5
    - 2 :   2, 10,  804,    4,  9,     7,  2,     3,  7,  10829, 6.3e-5
    - 3 :   2, 10,  815,    5,  8,     7,  2,     3,  7,  13299, 6.3e-5
    - 4 :   2, 10,  828,    5,  8,    15,  1,     4,  6,  17553, 6.3e-5
    - 5 :   2, 10,  786,    7,  6,     7,  2,     4,  6,  22641, 6.2e-5
    - 6 :   2, 10,  779,    8,  5,    14,  1,     4,  6,  25742, 6.0e-5
    - 7 :   2, 10,  784,    8,  5,    14,  1,     5,  5,  31545, 6.2e-5
    - 8 :   1, 11,  793,   10,  4,    15,  1,     5,  5,  42663, 6.2e-5
    - 9 :   2, 10,  824,   11,  4,    15,  1,     7,  4,  59827, 6.3e-5
    - 10:   2, 10,  793,   14,  3,    14,  1,     9,  3,  93117, 6.3e-5
    - 11:   1, 11,  792,   14,  3,    14,  1,    14,  2, 152104, 6.2e-5
    - 12:   3, 10,  809,   22,  2,    15,  1,    10,  3, 330066, 6.1e-5
    - 13:   3, 10,  817,   22,  2,    15,  1,    31,  1, 1005111, 6.3e-5
    # no solution starting from log norm2 = 14

  - 12: # bits
    -ln2:   k,  N,    n, br_l,br_b, ks_l,ks_b, cb_l,cb_b,  cost, p_error
    - 0 :   2, 10,  794,    4,  9,     7,  2,     2,  9,   7713, 6.1e-5
    - 1 :   2, 10,  814,    5,  8,     7,  2,     2,  9,   9527, 6.3e-5
    - 2 :   2, 10,  804,    4,  9,     7,  2,     3,  7,  10829, 6.3e-5
    - 3 :   2, 10,  815,    5,  8,     7,  2,     3,  7,  13299, 6.3e-5
    - 4 :   2, 10,  828,    5,  8,    15,  1,     4,  6,  17553, 6.3e-5
    - 5 :   2, 10,  786,    7,  6,     7,  2,     4,  6,  22641, 6.2e-5
    - 6 :   2, 10,  779,    8,  5,    14,  1,     4,  6,  25742, 6.0e-5
    - 7 :   2, 10,  784,    8,  5,    14,  1,     5,  5,  31545, 6.2e-5
    - 8 :   1, 11,  793,   10,  4,    15,  1,     5,  5,  42663, 6.2e-5
    - 9 :   2, 10,  824,   11,  4,    15,  1,     7,  4,  59827, 6.3e-5
    - 10:   2, 10,  793,   14,  3,    14,  1,     9,  3,  93117, 6.3e-5
    - 11:   1, 11,  792,   14,  3,    14,  1,    14,  2, 152104, 6.2e-5
    - 12:   3, 10,  809,   22,  2,    15,  1,    10,  3, 330066, 6.1e-5
    - 13:   3, 10,  817,   22,  2,    15,  1,    31,  1, 1005111, 6.3e-5
    # no solution starting from log norm2 = 14

  - 13: # bits
    -ln2:   k,  N,    n, br_l,br_b, ks_l,ks_b, cb_l,cb_b,  cost, p_error
    - 0 :   2, 10,  805,    4,  9,     7,  2,     2,  9,  10387, 6.2e-5
    - 1 :   2, 10,  782,    4,  9,     7,  2,     3,  7,  14174, 5.9e-5
    - 2 :   2, 10,  834,    4,  9,     8,  2,     3,  7,  14862, 6.3e-5
    - 3 :   2, 10,  807,    4,  9,     7,  2,     4,  5,  18555, 6.1e-5
    - 4 :   2, 10,  810,    7,  6,     7,  2,     3,  7,  23955, 6.3e-5
    - 5 :   2, 10,  791,    7,  6,     7,  2,     4,  6,  30317, 6.3e-5
    - 6 :   2, 10,  788,    8,  5,    14,  1,     4,  6,  34582, 6.1e-5
    - 7 :   2, 10,  799,    8,  5,    14,  1,     5,  5,  42577, 6.3e-5
    - 8 :   2, 10,  839,    8,  5,    16,  1,     7,  4,  59873, 6.3e-5
    - 9 :   2, 10,  783,   10,  4,    14,  1,     9,  3,  89337, 6.1e-5
    - 10:   2, 10,  827,   14,  3,    15,  1,     9,  3, 127464, 6.3e-5
    - 11:   3, 10,  809,   14,  3,    15,  1,    10,  3, 282674, 6.3e-5
    - 12:   3, 10,  848,   15,  3,    16,  1,    16,  2, 487480, 6.3e-5
    - 13:   3, 10,  816,   44,  1,    15,  1,    16,  2, 1385837, 6.2e-5
    # no solution starting from log norm2 = 14

  - 14: # bits
    -ln2:   k,  N,    n, br_l,br_b, ks_l,ks_b, cb_l,cb_b,  cost, p_error
    - 0 :   2, 10,  805,    4,  9,     7,  2,     2,  9,  10387, 6.2e-5
    - 1 :   2, 10,  782,    4,  9,     7,  2,     3,  7,  14174, 5.9e-5
    - 2 :   2, 10,  834,    4,  9,     8,  2,     3,  7,  14862, 6.3e-5
    - 3 :   2, 10,  807,    4,  9,     7,  2,     4,  5,  18555, 6.1e-5
    - 4 :   2, 10,  810,    7,  6,     7,  2,     3,  7,  23955, 6.3e-5
    - 5 :   2, 10,  791,    7,  6,     7,  2,     4,  6,  30317, 6.3e-5
    - 6 :   2, 10,  788,    8,  5,    14,  1,     4,  6,  34582, 6.1e-5
    - 7 :   2, 10,  799,    8,  5,    14,  1,     5,  5,  42577, 6.3e-5
    - 8 :   2, 10,  839,    8,  5,    16,  1,     7,  4,  59873, 6.3e-5
    - 9 :   2, 10,  783,   10,  4,    14,  1,     9,  3,  89337, 6.1e-5
    - 10:   2, 10,  827,   14,  3,    15,  1,     9,  3, 127464, 6.3e-5
    - 11:   3, 10,  809,   14,  3,    15,  1,    10,  3, 282674, 6.3e-5
    - 12:   3, 10,  848,   15,  3,    16,  1,    16,  2, 487480, 6.3e-5
    - 13:   3, 10,  816,   44,  1,    15,  1,    16,  2, 1385837, 6.2e-5
    # no solution starting from log norm2 = 14

  - 15: # bits
    -ln2:   k,  N,    n, br_l,br_b, ks_l,ks_b, cb_l,cb_b,  cost, p_error
    - 0 :   2, 10,  805,    4,  9,     7,  2,     2,  9,  10387, 6.2e-5
    - 1 :   2, 10,  782,    4,  9,     7,  2,     3,  7,  14174, 5.9e-5
    - 2 :   2, 10,  834,    4,  9,     8,  2,     3,  7,  14862, 6.3e-5
    - 3 :   2, 10,  807,    4,  9,     7,  2,     4,  5,  18555, 6.1e-5
    - 4 :   2, 10,  810,    7,  6,     7,  2,     3,  7,  23955, 6.3e-5
    - 5 :   2, 10,  791,    7,  6,     7,  2,     4,  6,  30317, 6.3e-5
    - 6 :   2, 10,  788,    8,  5,    14,  1,     4,  6,  34582, 6.1e-5
    - 7 :   2, 10,  799,    8,  5,    14,  1,     5,  5,  42577, 6.3e-5
    - 8 :   2, 10,  839,    8,  5,    16,  1,     7,  4,  59873, 6.3e-5
    - 9 :   2, 10,  783,   10,  4,    14,  1,     9,  3,  89337, 6.1e-5
    - 10:   2, 10,  827,   14,  3,    15,  1,     9,  3, 127464, 6.3e-5
    - 11:   3, 10,  809,   14,  3,    15,  1,    10,  3, 282674, 6.3e-5
    - 12:   3, 10,  848,   15,  3,    16,  1,    16,  2, 487480, 6.3e-5
    - 13:   3, 10,  816,   44,  1,    15,  1,    16,  2, 1385837, 6.2e-5
    # no solution starting from log norm2 = 14

  - 16: # bits
    -ln2:   k,  N,    n, br_l,br_b, ks_l,ks_b, cb_l,cb_b,  cost, p_error
    - 0 :   2, 10,  814,    4,  9,     7,  2,     2,  9,  11708, 6.2e-5
    - 1 :   2, 10,  783,    4,  9,     7,  2,     3,  7,  15897, 5.9e-5
    - 2 :   1, 11,  820,    4,  9,    15,  1,     3,  7,  18939, 6.3e-5
    - 3 :   2, 10,  816,    4,  9,     7,  2,     4,  5,  20967, 6.2e-5
    - 4 :   2, 10,  822,    7,  6,     7,  2,     3,  7,  27097, 6.2e-5
    - 5 :   2, 10,  794,    7,  6,     7,  2,     4,  6,  34081, 6.3e-5
    - 6 :   2, 10,  794,    8,  5,    14,  1,     4,  6,  38970, 6.2e-5
    - 7 :   2, 10,  810,    8,  5,    15,  1,     5,  5,  48253, 6.3e-5
    - 8 :   2, 10,  775,   10,  4,    14,  1,     7,  4,  78737, 6.1e-5
    - 9 :   2, 10,  787,   10,  4,    14,  1,     9,  3, 100681, 6.2e-5
    - 10:   1, 11,  791,   14,  3,    15,  1,     9,  3, 149675, 6.3e-5
    - 11:   3, 10,  820,   14,  3,    15,  1,    10,  3, 319566, 6.2e-5
    - 12:   3, 10,  832,   21,  2,    15,  1,    15,  2, 709766, 6.3e-5
    - 13:   3, 10,  834,   44,  1,    16,  1,    16,  2, 1572404, 6.3e-5
    # no solution starting from log norm2 = 14
