security level: 192
target p_error: 6.3e-5
per precision and log norm2:

  - 1: # bits
    -ln2:   k,  N,    n, br_l,br_b, ks_l,ks_b, cb_l,cb_b, pp_l,pp_b,  cost, p_error
    - 0 :   2, 10,  891,    4,  7,     5,  2,     1,  9,     4,  7,    288, 6.3e-5
    - 1 :   3, 10,  854,    2, 15,     5,  2,     1, 11,     2, 15,    306, 6.3e-5
    - 2 :   3, 10,  845,    3, 12,     5,  2,     1, 12,     3, 12,    426, 6.0e-5
    - 3 :   3, 10,  859,    3, 12,     5,  2,     1, 12,     3, 12,    429, 6.3e-5
    - 4 :   3, 10,  858,    4,  9,     5,  2,     1, 14,     4,  9,    551, 5.7e-5
    - 5 :   3, 10,  893,    2, 15,     5,  2,     2,  7,     2, 15,    600, 6.3e-5
    - 6 :   3, 10,  846,    3, 12,     5,  2,     2,  8,     3, 12,    827, 5.9e-5
    - 7 :   3, 10,  865,    3, 12,     5,  2,     2,  8,     3, 12,    836, 6.1e-5
    - 8 :   3, 10,  850,    4,  9,     5,  2,     2,  9,     4,  9,   1073, 6.2e-5
    - 9 :   3, 10,  898,    4,  9,     6,  2,     2,  9,     4,  9,   1106, 6.0e-5
    - 10:   3, 10,  861,    6,  7,     5,  2,     2, 10,     6,  7,   1569, 6.1e-5
    - 11:   3, 10,  910,    4,  9,     6,  2,     3,  7,     4,  9,   1654, 6.2e-5
    - 12:   3, 10,  882,    5,  8,     6,  2,     3,  7,     5,  8,   2001, 6.0e-5
    - 13:   3, 10,  871,    5,  8,     6,  2,     4,  6,     5,  8,   2642, 6.0e-5
    - 14:   3, 10,  867,    6,  7,    11,  1,     4,  6,     6,  7,   3153, 6.1e-5
    - 15:   3, 10,  892,    6,  7,    12,  1,     5,  5,     6,  7,   3984, 6.3e-5
    - 16:   3, 10,  871,    8,  5,    11,  1,     5,  5,     8,  5,   5167, 6.3e-5
    - 17:   3, 10,  863,    8,  5,    11,  1,     7,  4,     8,  5,   7182, 6.1e-5
    - 18:   3, 10,  856,   11,  4,    11,  1,     7,  4,    11,  4,   9723, 5.8e-5
    - 19:   3, 10,  944,   15,  3,    13,  1,     7,  4,    15,  3,  13729, 6.3e-5
    - 20:   3, 10,  859,   14,  3,    11,  1,    15,  2,    14,  3,  26309, 6.0e-5
    - 21:   3, 10,  910,   22,  2,    12,  1,    15,  2,    22,  2,  42021, 6.3e-5
    # no solution starting from log norm2 = 22

  - 2: # bits
    -ln2:   k,  N,    n, br_l,br_b, ks_l,ks_b, cb_l,cb_b, pp_l,pp_b,  cost, p_error
    - 0 :   3, 10,  907,    3, 12,     6,  2,     1, 12,     3, 12,   1091, 5.7e-5
    - 1 :   3, 10,  947,    3, 12,     6,  2,     1, 12,     3, 12,   1120, 6.3e-5
    - 2 :   3, 10,  916,    2, 15,     6,  2,     2,  7,     2, 15,   1375, 5.9e-5
    - 3 :   3, 10,  968,    5,  8,     6,  2,     1, 14,     5,  8,   1764, 6.2e-5
    - 4 :   3, 10,  909,    3, 12,     6,  2,     2,  8,     3, 12,   1923, 5.7e-5
    - 5 :   3, 10,  988,    3, 12,     6,  2,     2,  8,     3, 12,   2015, 6.3e-5
    - 6 :   3, 10,  919,    4,  9,     6,  2,     2,  9,     4,  9,   2492, 6.2e-5
    - 7 :   3, 10,  934,    5,  8,     6,  2,     2, 10,     5,  8,   3076, 6.1e-5
    - 8 :   3, 10,  922,    4,  9,     6,  2,     3,  7,     4,  9,   3585, 5.8e-5
    - 9 :   3, 10,  915,    5,  8,     6,  2,     3,  7,     5,  8,   4378, 6.3e-5
    - 10:   3, 10,  960,    6,  7,     6,  2,     3,  7,     6,  7,   5313, 6.3e-5
    - 11:   3, 10,  916,    6,  7,     6,  2,     4,  6,     6,  7,   6776, 6.3e-5
    - 12:   3, 10,  912,    7,  6,    12,  1,     4,  6,     7,  6,   7883, 5.8e-5
    - 13:   3, 10,  920,    7,  6,    12,  1,     5,  5,     7,  6,   9759, 6.3e-5
    - 14:   3, 10,  929,    7,  6,    12,  1,     7,  4,     7,  6,  13507, 6.1e-5
    - 15:   3, 10,  992,    9,  5,    13,  1,     7,  4,     9,  5,  17717, 6.3e-5
    - 16:   3, 10,  920,   14,  3,    12,  1,     7,  4,    14,  3,  26164, 6.1e-5
    - 17:   3, 10,  935,   14,  3,    13,  1,    10,  3,    14,  3,  37267, 6.3e-5
    - 18:   3, 10,  988,   23,  2,    14,  1,    11,  3,    23,  2,  68217, 6.3e-5
    - 19:   3, 10,  947,   44,  1,    13,  1,    16,  2,    44,  1, 183488, 6.2e-5
    # no solution starting from log norm2 = 20

  - 3: # bits
    -ln2:   k,  N,    n, br_l,br_b, ks_l,ks_b, cb_l,cb_b, pp_l,pp_b,  cost, p_error
    - 0 :   3, 10, 1001,    2, 15,     7,  2,     2,  7,     2, 15,   2271, 6.2e-5
    - 1 :   3, 10,  968,    3, 12,     6,  2,     2,  8,     3, 12,   3094, 5.6e-5
    - 2 :   3, 10,  986,    3, 12,     6,  2,     2,  8,     3, 12,   3127, 5.9e-5
    - 3 :   3, 10,  972,    4,  9,     6,  2,     2,  9,     4,  9,   3989, 6.0e-5
    - 4 :   3, 10, 1014,    4,  9,     7,  2,     2,  9,     4,  9,   4105, 6.2e-5
    - 5 :   3, 10,  973,    4,  9,     6,  2,     3,  7,     4,  9,   5666, 6.1e-5
    - 6 :   3, 10, 1031,    4,  9,     7,  2,     3,  7,     4,  9,   5867, 6.2e-5
    - 7 :   3, 10,  999,    5,  8,     7,  2,     3,  7,     5,  8,   7058, 6.3e-5
    - 8 :   3, 10,  991,    5,  8,     7,  2,     4,  6,     5,  8,   9107, 6.2e-5
    - 9 :   3, 10, 1005,    6,  7,     7,  2,     4,  6,     6,  7,  10864, 6.1e-5
    - 10:   3, 10, 1013,    6,  7,    14,  1,     5,  5,     6,  7,  13530, 6.2e-5
    - 11:   3, 10,  989,    8,  5,    13,  1,     5,  5,     8,  5,  17477, 6.2e-5
    - 12:   3, 10,  984,    8,  5,    13,  1,     7,  4,     8,  5,  23913, 6.3e-5
    - 13:   3, 10,  976,   11,  4,    13,  1,     7,  4,    11,  4,  32301, 6.1e-5
    - 14:   3, 10, 1046,   15,  3,    15,  1,     7,  4,    15,  3,  45150, 6.3e-5
    - 15:   3, 10,  980,   14,  3,    13,  1,    15,  2,    14,  3,  85379, 5.9e-5
    - 16:   3, 10, 1023,   22,  2,    14,  1,    15,  2,    22,  2, 135622, 6.3e-5
    # no solution starting from log norm2 = 17

  - 4: # bits
    -ln2:   k,  N,    n, br_l,br_b, ks_l,ks_b, cb_l,cb_b, pp_l,pp_b,  cost, p_error
    - 0 :   3, 10, 1011,    5,  8,     7,  2,     1, 14,     5,  8,   5468, 6.3e-5
    - 1 :   3, 10,  973,    3, 12,     6,  2,     2,  8,     3, 12,   5994, 5.8e-5
    - 2 :   3, 10, 1020,    3, 12,     7,  2,     2,  8,     3, 12,   6194, 6.3e-5
    - 3 :   3, 10,  984,    4,  9,     6,  2,     2,  9,     4,  9,   7762, 6.0e-5
    - 4 :   3, 10, 1106,    3, 12,     8,  2,     3,  6,     3, 12,   9286, 6.3e-5
    - 5 :   3, 10,  987,    4,  9,     6,  2,     3,  7,     4,  9,  11147, 6.1e-5
    - 6 :   3, 10,  980,    5,  8,     6,  2,     3,  7,     5,  8,  13607, 5.9e-5
    - 7 :   3, 10, 1008,    6,  7,     7,  2,     3,  7,     6,  7,  16383, 6.0e-5
    - 8 :   3, 10,  981,    6,  7,     6,  2,     4,  6,     6,  7,  21035, 6.2e-5
    - 9 :   3, 10,  970,    7,  6,    13,  1,     4,  6,     7,  6,  24418, 6.0e-5
    - 10:   3, 10,  977,    7,  6,    13,  1,     5,  5,     7,  6,  30190, 6.2e-5
    - 11:   3, 10,  985,    7,  6,    13,  1,     7,  4,     7,  6,  41723, 6.0e-5
    - 12:   3, 10, 1016,    9,  5,    14,  1,     7,  4,     9,  5,  53814, 6.2e-5
    - 13:   3, 10,  977,   14,  3,    13,  1,     7,  4,    14,  3,  80767, 6.1e-5
    - 14:   3, 10,  989,   14,  3,    14,  1,    10,  3,    14,  3, 114798, 6.2e-5
    - 15:   3, 10, 1034,   22,  2,    14,  1,    10,  3,    22,  2, 182380, 6.3e-5
    - 16:   3, 10,  997,   44,  1,    14,  1,    16,  2,    44,  1, 563499, 6.2e-5
    # no solution starting from log norm2 = 17

  - 5: # bits
    -ln2:   k,  N,    n, br_l,br_b, ks_l,ks_b, cb_l,cb_b, pp_l,pp_b,  cost, p_error
    - 0 :   3, 10, 1011,    5,  8,     7,  2,     1, 14,     5,  8,   5468, 6.3e-5
    - 1 :   3, 10,  973,    3, 12,     6,  2,     2,  8,     3, 12,   5994, 5.8e-5
    - 2 :   3, 10, 1020,    3, 12,     7,  2,     2,  8,     3, 12,   6194, 6.3e-5
    - 3 :   3, 10,  984,    4,  9,     6,  2,     2,  9,     4,  9,   7762, 6.0e-5
    - 4 :   3, 10, 1106,    3, 12,     8,  2,     3,  6,     3, 12,   9286, 6.3e-5
    - 5 :   3, 10,  987,    4,  9,     6,  2,     3,  7,     4,  9,  11147, 6.1e-5
    - 6 :   3, 10,  980,    5,  8,     6,  2,     3,  7,     5,  8,  13607, 5.9e-5
    - 7 :   3, 10, 1008,    6,  7,     7,  2,     3,  7,     6,  7,  16383, 6.0e-5
    - 8 :   3, 10,  981,    6,  7,     6,  2,     4,  6,     6,  7,  21035, 6.2e-5
    - 9 :   3, 10,  970,    7,  6,    13,  1,     4,  6,     7,  6,  24418, 6.0e-5
    - 10:   3, 10,  977,    7,  6,    13,  1,     5,  5,     7,  6,  30190, 6.2e-5
    - 11:   3, 10,  985,    7,  6,    13,  1,     7,  4,     7,  6,  41723, 6.0e-5
    - 12:   3, 10, 1016,    9,  5,    14,  1,     7,  4,     9,  5,  53814, 6.2e-5
    - 13:   3, 10,  977,   14,  3,    13,  1,     7,  4,    14,  3,  80767, 6.1e-5
    - 14:   3, 10,  989,   14,  3,    14,  1,    10,  3,    14,  3, 114798, 6.2e-5
    - 15:   3, 10, 1034,   22,  2,    14,  1,    10,  3,    22,  2, 182380, 6.3e-5
    - 16:   3, 10,  997,   44,  1,    14,  1,    16,  2,    44,  1, 563499, 6.2e-5
    # no solution starting from log norm2 = 17

  - 6: # bits
    -ln2:   k,  N,    n, br_l,br_b, ks_l,ks_b, cb_l,cb_b, pp_l,pp_b,  cost, p_error
    - 0 :   3, 10, 1034,    5,  8,     7,  2,     1, 14,     5,  8,   6641, 6.3e-5
    - 1 :   3, 10,  975,    3, 12,     6,  2,     2,  8,     3, 12,   7108, 5.7e-5
    - 2 :   3, 10, 1060,    3, 12,     7,  2,     2,  8,     3, 12,   7507, 6.3e-5
    - 3 :   3, 10,  989,    4,  9,     6,  2,     2,  9,     4,  9,   9218, 6.1e-5
    - 4 :   3, 10, 1001,    5,  8,     7,  2,     2, 10,     5,  8,  11386, 6.2e-5
    - 5 :   3, 10,  987,    4,  9,     7,  2,     3,  7,     4,  9,  13183, 6.1e-5
    - 6 :   3, 10,  983,    5,  8,     6,  2,     3,  7,     5,  8,  16066, 6.3e-5
    - 7 :   3, 10, 1026,    6,  7,     7,  2,     3,  7,     6,  7,  19496, 6.2e-5
    - 8 :   3, 10,  981,    6,  7,     7,  2,     4,  6,     6,  7,  24775, 6.3e-5
    - 9 :   3, 10,  976,    7,  6,    13,  1,     4,  6,     7,  6,  28798, 6.2e-5
    - 10:   3, 10,  987,    7,  6,    13,  1,     5,  5,     7,  6,  35625, 6.2e-5
    - 11:   3, 10,  998,    7,  6,    14,  1,     7,  4,     7,  6,  49260, 6.2e-5
    - 12:   3, 10,  982,    8,  5,    13,  1,     9,  3,     8,  5,  70512, 6.1e-5
    - 13:   3, 10,  986,   14,  3,    14,  1,     7,  4,    14,  3,  95107, 6.3e-5
    - 14:   3, 10, 1007,   14,  3,    14,  1,    10,  3,    14,  3, 135519, 6.2e-5
    - 15:   3, 10, 1016,   21,  2,    14,  1,    15,  2,    21,  2, 300470, 6.3e-5
    - 16:   3, 10, 1027,   44,  1,    14,  1,    16,  2,    44,  1, 667860, 6.2e-5
    # no solution starting from log norm2 = 17

  - 7: # bits
    -ln2:   k,  N,    n, br_l,br_b, ks_l,ks_b, cb_l,cb_b, pp_l,pp_b,  cost, p_error
    - 0 :   3, 10,  966,    3, 12,     6,  2,     2,  8,     3, 12,   8171, 6.0e-5
    - 1 :   3, 10,  977,    3, 12,     6,  2,     2,  8,     3, 12,   8224, 5.7e-5
    - 2 :   3, 10,  969,    4,  9,     6,  2,     2,  9,     4,  9,  10530, 5.8e-5
    - 3 :   3, 10,  995,    4,  9,     6,  2,     2,  9,     4,  9,  10689, 6.1e-5
    - 4 :   3, 10, 1013,    5,  8,     7,  2,     2, 10,     5,  8,  13245, 6.1e-5
    - 5 :   3, 10,  992,    4,  9,     7,  2,     3,  7,     4,  9,  15225, 6.3e-5
    - 6 :   3, 10,  983,    5,  8,     7,  2,     3,  7,     5,  8,  18549, 6.0e-5
    - 7 :   3, 10, 1069,    6,  7,     7,  2,     3,  7,     6,  7,  22960, 6.3e-5
    - 8 :   3, 10,  985,    6,  7,     7,  2,     4,  6,     6,  7,  28540, 6.1e-5
    - 9 :   3, 10,  984,    7,  6,    13,  1,     4,  6,     7,  6,  33241, 6.2e-5
    - 10:   3, 10, 1001,    7,  6,    13,  1,     5,  5,     7,  6,  41200, 6.2e-5
    - 11:   3, 10, 1023,    7,  6,    14,  1,     7,  4,     7,  6,  57199, 6.3e-5
    - 12:   3, 10,  993,    8,  5,    13,  1,     9,  3,     8,  5,  81240, 6.1e-5
    - 13:   3, 10,  998,   14,  3,    14,  1,     7,  4,    14,  3, 109698, 6.3e-5
    - 14:   3, 10, 1059,   14,  3,    15,  1,    10,  3,    14,  3, 159151, 6.3e-5
    - 15:   3, 10,  978,   22,  2,    13,  1,    15,  2,    22,  2, 353637, 6.1e-5
    - 16:   3, 10, 1001,   44,  1,    14,  1,    31,  1,    44,  1, 1450559, 6.3e-5
    # no solution starting from log norm2 = 17

  - 8: # bits
    -ln2:   k,  N,    n, br_l,br_b, ks_l,ks_b, cb_l,cb_b, pp_l,pp_b,  cost, p_error
    - 0 :   3, 10,  966,    3, 12,     6,  2,     2,  8,     3, 12,   9271, 6.3e-5
    - 1 :   3, 10,  979,    3, 12,     6,  2,     2,  8,     3, 12,   9344, 5.8e-5
    - 2 :   3, 10,  970,    4,  9,     6,  2,     2,  9,     4,  9,  11954, 5.7e-5
    - 3 :   3, 10,  993,    4,  9,     7,  2,     2,  9,     4,  9,  12167, 6.2e-5
    - 4 :   3, 10, 1031,    5,  8,     7,  2,     2, 10,     5,  8,  15181, 6.3e-5
    - 5 :   3, 10,  999,    4,  9,     7,  2,     3,  7,     4,  9,  17298, 6.0e-5
    - 6 :   3, 10,  986,    5,  8,     7,  2,     3,  7,     5,  8,  21026, 6.3e-5
    - 7 :   3, 10,  982,    5,  8,     7,  2,     4,  6,     5,  8,  27193, 6.0e-5
    - 8 :   3, 10,  989,    6,  7,     7,  2,     4,  6,     6,  7,  32321, 6.1e-5
    - 9 :   3, 10,  994,    7,  6,    13,  1,     4,  6,     7,  6,  37760, 6.2e-5
    - 10:   3, 10, 1020,    7,  6,    14,  1,     5,  5,     7,  6,  47027, 6.2e-5
    - 11:   3, 10,  970,    8,  5,    13,  1,     7,  4,     8,  5,  71235, 6.1e-5
    - 12:   3, 10, 1006,    8,  5,    14,  1,     9,  3,     8,  5,  92227, 6.1e-5
    - 13:   3, 10, 1018,   14,  3,    14,  1,     7,  4,    14,  3, 124940, 6.3e-5
    - 14:   3, 10, 1004,   15,  3,    14,  1,    10,  3,    15,  3, 186863, 6.3e-5
    - 15:   3, 10,  985,   22,  2,    13,  1,    15,  2,    22,  2, 399649, 6.3e-5
    - 16:   3, 10, 1025,   44,  1,    14,  1,    31,  1,    44,  1, 1650809, 6.3e-5
    # no solution starting from log norm2 = 17

  - 9: # bits
    -ln2:   k,  N,    n, br_l,br_b, ks_l,ks_b, cb_l,cb_b, pp_l,pp_b,  cost, p_error
    - 0 :   3, 10, 1090,    4,  9,     7,  2,     2,  9,     4,  9,  14377, 6.3e-5
    - 1 :   3, 10, 1124,    5,  8,     8,  2,     2, 10,     5,  8,  17930, 6.3e-5
    - 2 :   3, 10, 1098,    4,  9,     7,  2,     3,  7,     4,  9,  20369, 6.3e-5
    - 3 :   3, 10, 1083,    5,  8,     7,  2,     3,  7,     5,  8,  24718, 6.2e-5
    - 4 :   3, 10, 1079,    5,  8,     7,  2,     4,  6,     5,  8,  31895, 6.2e-5
    - 5 :   3, 10, 1087,    6,  7,     7,  2,     4,  6,     6,  7,  37900, 6.2e-5
    - 6 :   3, 10, 1080,    7,  6,    15,  1,     4,  6,     7,  6,  44130, 6.2e-5
    - 7 :   3, 10, 1101,    7,  6,    15,  1,     5,  5,     7,  6,  54629, 6.3e-5
    - 8 :   3, 10, 1062,    8,  5,    15,  1,     7,  4,     8,  5,  83135, 6.3e-5
    - 9 :   3, 10, 1089,    8,  5,    15,  1,     9,  3,     8,  5, 106898, 6.3e-5
    - 10:   3, 10, 1098,   14,  3,    16,  1,     7,  4,    14,  3, 144627, 6.3e-5
    - 11:   3, 10, 1090,   15,  3,    15,  1,    10,  3,    15,  3, 216552, 6.3e-5
    - 12:   3, 10, 1073,   22,  2,    15,  1,    15,  2,    22,  2, 463088, 6.3e-5
    - 13:   3, 10, 1103,   44,  1,    16,  1,    31,  1,    44,  1, 1900131, 6.3e-5
    # no solution starting from log norm2 = 14

  - 10: # bits
    -ln2:   k,  N,    n, br_l,br_b, ks_l,ks_b, cb_l,cb_b, pp_l,pp_b,  cost, p_error
    - 0 :   3, 10, 1096,    4,  9,     7,  2,     2,  9,     4,  9,  15958, 6.3e-5
    - 1 :   3, 10, 1126,    5,  8,    16,  1,     2,  9,     5,  8,  20439, 6.3e-5
    - 2 :   3, 10, 1098,    4,  9,     8,  2,     3,  7,     4,  9,  22568, 6.3e-5
    - 3 :   3, 10, 1086,    5,  8,     7,  2,     3,  7,     5,  8,  27342, 6.3e-5
    - 4 :   3, 10, 1082,    5,  8,     7,  2,     4,  6,     5,  8,  35247, 6.2e-5
    - 5 :   3, 10, 1087,    6,  7,     8,  2,     4,  6,     6,  7,  41889, 6.3e-5
    - 6 :   3, 10, 1088,    7,  6,    15,  1,     4,  6,     7,  6,  48886, 6.3e-5
    - 7 :   3, 10, 1067,    8,  5,    15,  1,     5,  5,     8,  5,  67139, 6.2e-5
    - 8 :   3, 10, 1065,    8,  5,    15,  1,     7,  4,     8,  5,  91745, 6.3e-5
    - 9 :   3, 10, 1104,    8,  5,    16,  1,     9,  3,     8,  5, 118662, 6.3e-5
    - 10:   3, 10, 1083,   15,  3,    15,  1,     7,  4,    15,  3, 169129, 6.3e-5
    - 11:   3, 10, 1105,   15,  3,    16,  1,    10,  3,    15,  3, 240226, 6.3e-5
    - 12:   3, 10, 1079,   22,  2,    15,  1,    15,  2,    22,  2, 511215, 6.3e-5
    - 13:   3, 10, 1113,   45,  1,    16,  1,    31,  1,    45,  1, 2147493, 6.3e-5
    # no solution starting from log norm2 = 14

  - 11: # bits
    -ln2:   k,  N,    n, br_l,br_b, ks_l,ks_b, cb_l,cb_b, pp_l,pp_b,  cost, p_error
    - 0 :   3, 10, 1103,    4,  9,     7,  2,     2,  9,     4,  9,  17559, 6.3e-5
    - 1 :   3, 10, 1067,    4,  9,     7,  2,     3,  7,     4,  9,  24224, 6.2e-5
    - 2 :   3, 10, 1106,    4,  9,     8,  2,     3,  7,     4,  9,  24807, 6.3e-5
    - 3 :   3, 10, 1090,    5,  8,     7,  2,     3,  7,     5,  8,  29989, 6.3e-5
    - 4 :   3, 10, 1085,    5,  8,     7,  2,     4,  6,     5,  8,  38610, 6.2e-5
    - 5 :   3, 10, 1091,    6,  7,     8,  2,     4,  6,     6,  7,  45906, 6.3e-5
    - 6 :   3, 10, 1102,    7,  6,    15,  1,     4,  6,     7,  6,  53841, 6.3e-5
    - 7 :   3, 10, 1070,    8,  5,    15,  1,     5,  5,     8,  5,  73500, 6.3e-5
    - 8 :   3, 10, 1069,    8,  5,    15,  1,     7,  4,     8,  5, 100429, 6.2e-5
    - 9 :   3, 10, 1063,   11,  4,    15,  1,     7,  4,    11,  4, 135667, 6.3e-5
    - 10:   3, 10, 1093,   15,  3,    15,  1,     7,  4,    15,  3, 185645, 6.3e-5
    - 11:   3, 10, 1065,   14,  3,    15,  1,    15,  2,    14,  3, 356458, 6.3e-5
    - 12:   3, 10, 1087,   22,  2,    15,  1,    15,  2,    22,  2, 560103, 6.2e-5
    - 13:   3, 10, 1102,   45,  1,    16,  1,    32,  1,    45,  1, 2406628, 6.3e-5
    # no solution starting from log norm2 = 14

  - 12: # bits
    -ln2:   k,  N,    n, br_l,br_b, ks_l,ks_b, cb_l,cb_b, pp_l,pp_b,  cost, p_error
    - 0 :   3, 10, 1121,    4,  9,     8,  2,     2,  9,     4,  9,  22189, 6.3e-5
    - 1 :   3, 10, 1069,    4,  9,     7,  2,     3,  7,     4,  9,  30240, 6.3e-5
    - 2 :   3, 10, 1096,    7,  6,     8,  2,     2, 10,     7,  6,  36269, 6.2e-5
    - 3 :   3, 10, 1099,    5,  8,     8,  2,     3,  7,     5,  8,  37669, 6.3e-5
    - 4 :   3, 10, 1091,    5,  8,     8,  2,     4,  6,     5,  8,  48417, 6.3e-5
    - 5 :   3, 10, 1085,    6,  7,    15,  1,     4,  6,     6,  7,  57774, 6.3e-5
    - 6 :   3, 10, 1074,    8,  5,    15,  1,     4,  6,     8,  5,  75032, 6.3e-5
    - 7 :   3, 10, 1084,    8,  5,    15,  1,     5,  5,     8,  5,  92377, 6.3e-5
    - 8 :   3, 10, 1082,    8,  5,    15,  1,     7,  4,     8,  5, 126193, 6.2e-5
    - 9 :   3, 10, 1072,   11,  4,    15,  1,     7,  4,    11,  4, 170136, 6.2e-5
    - 10:   3, 10, 1099,   11,  4,    16,  1,    10,  3,    11,  4, 242091, 6.3e-5
    - 11:   3, 10, 1076,   14,  3,    15,  1,    15,  2,    14,  3, 447609, 6.2e-5
    - 12:   3, 10, 1088,   22,  2,    15,  1,    16,  2,    22,  2, 745607, 6.3e-5
    # no solution starting from log norm2 = 13

  - 13: # bits
    -ln2:   k,  N,    n, br_l,br_b, ks_l,ks_b, cb_l,cb_b, pp_l,pp_b,  cost, p_error
    - 0 :   3, 10, 1109,    4,  9,    15,  1,     2,  9,     4,  9,  24327, 6.3e-5
    - 1 :   3, 10, 1070,    4,  9,     7,  2,     3,  7,     4,  9,  32356, 6.2e-5
    - 2 :   3, 10, 1100,    7,  6,     8,  2,     2, 10,     7,  6,  38905, 6.3e-5
    - 3 :   3, 10, 1104,    5,  8,     8,  2,     3,  7,     5,  8,  40386, 6.3e-5
    - 4 :   3, 10, 1095,    5,  8,     8,  2,     4,  6,     5,  8,  51852, 6.2e-5
    - 5 :   3, 10, 1093,    6,  7,    15,  1,     4,  6,     6,  7,  61995, 6.3e-5
    - 6 :   3, 10, 1078,    8,  5,    15,  1,     4,  6,     8,  5,  80346, 6.3e-5
    - 7 :   3, 10, 1091,    8,  5,    15,  1,     5,  5,     8,  5,  99027, 6.3e-5
    - 8 :   3, 10, 1088,    8,  5,    15,  1,     7,  4,     8,  5, 135149, 6.3e-5
    - 9 :   3, 10, 1076,   11,  4,    15,  1,     7,  4,    11,  4, 182028, 6.2e-5
    - 10:   3, 10, 1117,   11,  4,    16,  1,    10,  3,    11,  4, 260596, 6.3e-5
    - 11:   3, 10, 1080,   14,  3,    15,  1,    15,  2,    14,  3, 478586, 6.3e-5
    - 12:   3, 10, 1097,   22,  2,    15,  1,    16,  2,    22,  2, 798940, 6.3e-5
    # no solution starting from log norm2 = 13

  - 14: # bits
    -ln2:   k,  N,    n, br_l,br_b, ks_l,ks_b, cb_l,cb_b, pp_l,pp_b,  cost, p_error
    - 0 :   3, 10, 1109,    4,  9,    15,  1,     2,  9,     4,  9,  24327, 6.3e-5
    - 1 :   3, 10, 1070,    4,  9,     7,  2,     3,  7,     4,  9,  32356, 6.2e-5
    - 2 :   3, 10, 1100,    7,  6,     8,  2,     2, 10,     7,  6,  38905, 6.3e-5
    - 3 :   3, 10, 1104,    5,  8,     8,  2,     3,  7,     5,  8,  40386, 6.3e-5
    - 4 :   3, 10, 1095,    5,  8,     8,  2,     4,  6,     5,  8,  51852, 6.2e-5
    - 5 :   3, 10, 1093,    6,  7,    15,  1,     4,  6,     6,  7,  61995, 6.3e-5
    - 6 :   3, 10, 1078,    8,  5,    15,  1,     4,  6,     8,  5,  80346, 6.3e-5
    - 7 :   3, 10, 1091,    8,  5,    15,  1,     5,  5,     8,  5,  99027, 6.3e-5
    - 8 :   3, 10, 1088,    8,  5,    15,  1,     7,  4,     8,  5, 135149, 6.3e-5
    - 9 :   3, 10, 1076,   11,  4,    15,  1,     7,  4,    11,  4, 182028, 6.2e-5
    - 10:   3, 10, 1117,   11,  4,    16,  1,    10,  3,    11,  4, 260596, 6.3e-5
    - 11:   3, 10, 1080,   14,  3,    15,  1,    15,  2,    14,  3, 478586, 6.3e-5
    - 12:   3, 10, 1097,   22,  2,    15,  1,    16,  2,    22,  2, 798940, 6.3e-5
    # no solution starting from log norm2 = 13

  - 15: # bits
    -ln2:   k,  N,    n, br_l,br_b, ks_l,ks_b, cb_l,cb_b, pp_l,pp_b,  cost, p_error
    - 0 :   3, 10, 1109,    4,  9,    15,  1,     2,  9,     4,  9,  24327, 6.3e-5
    - 1 :   3, 10, 1070,    4,  9,     7,  2,     3,  7,     4,  9,  32356, 6.2e-5
    - 2 :   3, 10, 1100,    7,  6,     8,  2,     2, 10,     7,  6,  38905, 6.3e-5
    - 3 :   3, 10, 1104,    5,  8,     8,  2,     3,  7,     5,  8,  40386, 6.3e-5
    - 4 :   3, 10, 1095,    5,  8,     8,  2,     4,  6,     5,  8,  51852, 6.2e-5
    - 5 :   3, 10, 1093,    6,  7,    15,  1,     4,  6,     6,  7,  61995, 6.3e-5
    - 6 :   3, 10, 1078,    8,  5,    15,  1,     4,  6,     8,  5,  80346, 6.3e-5
    - 7 :   3, 10, 1091,    8,  5,    15,  1,     5,  5,     8,  5,  99027, 6.3e-5
    - 8 :   3, 10, 1088,    8,  5,    15,  1,     7,  4,     8,  5, 135149, 6.3e-5
    - 9 :   3, 10, 1076,   11,  4,    15,  1,     7,  4,    11,  4, 182028, 6.2e-5
    - 10:   3, 10, 1117,   11,  4,    16,  1,    10,  3,    11,  4, 260596, 6.3e-5
    - 11:   3, 10, 1080,   14,  3,    15,  1,    15,  2,    14,  3, 478586, 6.3e-5
    - 12:   3, 10, 1097,   22,  2,    15,  1,    16,  2,    22,  2, 798940, 6.3e-5
    # no solution starting from log norm2 = 13

  - 16: # bits
    -ln2:   k,  N,    n, br_l,br_b, ks_l,ks_b, cb_l,cb_b, pp_l,pp_b,  cost, p_error
    - 0 :   3, 10, 1098,    3, 12,     7,  2,     3,  6,     3, 12,  28612, 6.2e-5
    - 1 :   3, 10, 1072,    4,  9,     7,  2,     3,  7,     4,  9,  36310, 6.1e-5
    - 2 :   3, 10, 1112,    7,  6,     8,  2,     2, 10,     7,  6,  43810, 6.3e-5
    - 3 :   3, 10, 1121,    5,  8,     8,  2,     3,  7,     5,  8,  45666, 6.3e-5
    - 4 :   3, 10, 1104,    5,  8,     8,  2,     4,  6,     5,  8,  58439, 6.3e-5
    - 5 :   3, 10, 1126,    6,  7,    16,  1,     4,  6,     6,  7,  70832, 6.3e-5
    - 6 :   3, 10, 1088,    8,  5,    15,  1,     4,  6,     8,  5,  90589, 6.3e-5
    - 7 :   3, 10, 1115,    8,  5,    16,  1,     5,  5,     8,  5, 112578, 6.3e-5
    - 8 :   3, 10, 1107,    8,  5,    16,  1,     7,  4,     8,  5, 153304, 6.3e-5
    - 9 :   3, 10, 1084,   11,  4,    15,  1,     7,  4,    11,  4, 205230, 6.3e-5
    - 10:   3, 10, 1061,   14,  3,    15,  1,    10,  3,    14,  3, 360101, 6.3e-5
    - 11:   3, 10, 1092,   14,  3,    15,  1,    15,  2,    14,  3, 540978, 6.3e-5
    - 12:   3, 10, 1117,   43,  1,    16,  1,    15,  2,    43,  1, 1648420, 6.3e-5
    # no solution starting from log norm2 = 13
