security level: 176
target p_error: 6.3e-5
per precision and log norm2:

  - 1: # bits
    -ln2:   k,  N,    n, br_l,br_b, ks_l,ks_b, cb_l,cb_b,  cost, p_error
    - 0 :   2, 10,  761,    3,  9,     5,  2,     1,  9,    205, 5.7e-5
    - 1 :   2, 10,  777,    4,  7,     5,  2,     1, 10,    263, 6.1e-5
    - 2 :   2, 10,  827,    5,  6,     6,  2,     1, 10,    335, 6.3e-5
    - 3 :   2, 10,  770,    3,  9,     5,  2,     2,  6,    398, 6.2e-5
    - 4 :   3, 10,  776,    4,  9,     5,  2,     1, 14,    526, 6.0e-5
    - 5 :   3, 10,  805,    2, 15,     5,  2,     2,  7,    570, 6.2e-5
    - 6 :   3, 10,  823,    6,  7,     6,  2,     1, 15,    786, 6.3e-5
    - 7 :   3, 10,  783,    3, 12,     5,  2,     2,  8,    798, 6.3e-5
    - 8 :   3, 10,  770,    4,  9,     5,  2,     2,  9,   1026, 6.0e-5
    - 9 :   3, 10,  808,    4,  9,     6,  2,     2,  9,   1053, 6.2e-5
    - 10:   3, 10,  779,    6,  7,     5,  2,     2, 10,   1502, 5.9e-5
    - 11:   3, 10,  813,    4,  9,     6,  2,     3,  7,   1570, 6.2e-5
    - 12:   3, 10,  797,    5,  8,     6,  2,     3,  7,   1912, 6.0e-5
    - 13:   3, 10,  789,    5,  8,     5,  2,     4,  6,   2524, 6.2e-5
    - 14:   3, 10,  781,    6,  7,    11,  1,     4,  6,   3012, 5.8e-5
    - 15:   3, 10,  839,    7,  6,    12,  1,     4,  6,   3597, 6.3e-5
    - 16:   3, 10,  786,    8,  5,    11,  1,     5,  5,   4944, 5.9e-5
    - 17:   3, 10,  777,    8,  5,    11,  1,     7,  4,   6868, 6.2e-5
    - 18:   3, 10,  772,   11,  4,    11,  1,     7,  4,   9313, 6.1e-5
    - 19:   3, 10,  821,   15,  3,    12,  1,     7,  4,  12921, 6.2e-5
    - 20:   3, 10,  775,   14,  3,    11,  1,    15,  2,  25216, 5.8e-5
    - 21:   3, 10,  810,   22,  2,    12,  1,    15,  2,  40016, 6.2e-5
    - 22:   3, 10,  820,   45,  1,    12,  1,    32,  1, 174110, 6.2e-5
    # no solution starting from log norm2 = 23

  - 2: # bits
    -ln2:   k,  N,    n, br_l,br_b, ks_l,ks_b, cb_l,cb_b,  cost, p_error
    - 0 :   2, 10,  811,    3,  9,     6,  2,     2,  6,    956, 6.3e-5
    - 1 :   3, 10,  859,    3, 12,     6,  2,     1, 12,   1056, 6.2e-5
    - 2 :   3, 10,  831,    2, 15,     6,  2,     2,  7,   1301, 5.8e-5
    - 3 :   3, 10,  874,    5,  8,     6,  2,     1, 14,   1663, 6.3e-5
    - 4 :   3, 10,  825,    3, 12,     6,  2,     2,  8,   1825, 5.8e-5
    - 5 :   3, 10,  887,    3, 12,     6,  2,     2,  8,   1898, 6.3e-5
    - 6 :   3, 10,  834,    4,  9,     6,  2,     2,  9,   2368, 5.7e-5
    - 7 :   3, 10,  844,    5,  8,     6,  2,     2, 10,   2918, 6.2e-5
    - 8 :   3, 10,  835,    4,  9,     6,  2,     3,  7,   3410, 5.9e-5
    - 9 :   3, 10,  830,    5,  8,     6,  2,     3,  7,   4172, 6.3e-5
    - 10:   3, 10,  869,    6,  7,     6,  2,     3,  7,   5055, 6.2e-5
    - 11:   3, 10,  831,    6,  7,     6,  2,     4,  6,   6468, 5.7e-5
    - 12:   3, 10,  825,    7,  6,    12,  1,     4,  6,   7516, 6.1e-5
    - 13:   3, 10,  832,    7,  6,    12,  1,     5,  5,   9308, 6.0e-5
    - 14:   3, 10,  837,    7,  6,    12,  1,     7,  4,  12869, 6.0e-5
    - 15:   3, 10,  865,    9,  5,    13,  1,     7,  4,  16611, 6.3e-5
    - 16:   3, 10,  832,   14,  3,    12,  1,     7,  4,  25012, 5.9e-5
    - 17:   3, 10,  842,   14,  3,    12,  1,    10,  3,  35557, 6.0e-5
    - 18:   3, 10,  886,   22,  2,    13,  1,    10,  3,  56618, 6.3e-5
    - 19:   3, 10,  849,   44,  1,    12,  1,    16,  2, 174987, 6.3e-5
    # no solution starting from log norm2 = 20

  - 3: # bits
    -ln2:   k,  N,    n, br_l,br_b, ks_l,ks_b, cb_l,cb_b,  cost, p_error
    - 0 :   3, 10,  916,    2, 15,     6,  2,     2,  7,   2136, 6.2e-5
    - 1 :   3, 10,  880,    3, 12,     6,  2,     2,  8,   2931, 5.5e-5
    - 2 :   3, 10,  895,    3, 12,     6,  2,     2,  8,   2958, 6.1e-5
    - 3 :   3, 10,  883,    4,  9,     6,  2,     2,  9,   3782, 6.1e-5
    - 4 :   3, 10,  916,    4,  9,     7,  2,     2,  9,   3875, 6.1e-5
    - 5 :   3, 10,  884,    4,  9,     6,  2,     3,  7,   5385, 5.8e-5
    - 6 :   3, 10,  923,    4,  9,     7,  2,     3,  7,   5524, 6.3e-5
    - 7 :   3, 10,  906,    5,  8,     7,  2,     3,  7,   6703, 5.9e-5
    - 8 :   3, 10,  898,    5,  8,     7,  2,     4,  6,   8658, 6.1e-5
    - 9 :   3, 10,  908,    6,  7,     7,  2,     4,  6,  10316, 6.1e-5
    - 10:   3, 10,  935,    7,  6,    14,  1,     4,  6,  12215, 6.3e-5
    - 11:   3, 10,  894,    8,  5,    13,  1,     5,  5,  16629, 6.3e-5
    - 12:   3, 10,  889,    8,  5,    13,  1,     7,  4,  22773, 6.2e-5
    - 13:   3, 10,  884,   11,  4,    13,  1,     7,  4,  30825, 5.8e-5
    - 14:   3, 10,  924,   15,  3,    14,  1,     7,  4,  42515, 6.2e-5
    - 15:   3, 10,  886,   14,  3,    13,  1,    15,  2,  81543, 6.1e-5
    - 16:   3, 10,  915,   22,  2,    14,  1,    15,  2, 128834, 6.2e-5
    - 17:   3, 10,  961,   44,  1,    15,  1,    32,  1, 551400, 6.3e-5
    # no solution starting from log norm2 = 18

  - 4: # bits
    -ln2:   k,  N,    n, br_l,br_b, ks_l,ks_b, cb_l,cb_b,  cost, p_error
    - 0 :   3, 10,  916,    5,  8,     7,  2,     1, 14,   5157, 6.3e-5
    - 1 :   3, 10,  884,    3, 12,     6,  2,     2,  8,   5683, 5.9e-5
    - 2 :   3, 10,  923,    3, 12,     7,  2,     2,  8,   5852, 6.1e-5
    - 3 :   3, 10,  893,    4,  9,     6,  2,     2,  9,   7364, 6.0e-5
    - 4 :   3, 10,  954,    3, 12,     7,  2,     3,  6,   8511, 6.2e-5
    - 5 :   3, 10,  895,    4,  9,     6,  2,     3,  7,  10592, 5.9e-5
    - 6 :   3, 10,  890,    5,  8,     6,  2,     3,  7,  12954, 5.8e-5
    - 7 :   3, 10,  914,    6,  7,     7,  2,     3,  7,  15581, 6.0e-5
    - 8 :   3, 10,  890,    6,  7,     6,  2,     4,  6,  20047, 6.3e-5
    - 9 :   3, 10,  879,    7,  6,    13,  1,     4,  6,  23263, 6.3e-5
    - 10:   3, 10,  885,    7,  6,    13,  1,     5,  5,  28772, 6.0e-5
    - 11:   3, 10,  889,    7,  6,    13,  1,     7,  4,  39722, 6.2e-5
    - 12:   3, 10,  908,    9,  5,    14,  1,     7,  4,  50989, 6.3e-5
    - 13:   3, 10,  885,   14,  3,    13,  1,     7,  4,  77151, 5.9e-5
    - 14:   3, 10,  893,   14,  3,    13,  1,    10,  3, 109499, 6.0e-5
    - 15:   3, 10,  917,   22,  2,    14,  1,    10,  3, 172504, 6.3e-5
    - 16:   3, 10,  944,   22,  2,    14,  1,    31,  1, 532929, 6.3e-5
    # no solution starting from log norm2 = 17

  - 5: # bits
    -ln2:   k,  N,    n, br_l,br_b, ks_l,ks_b, cb_l,cb_b,  cost, p_error
    - 0 :   3, 10,  916,    5,  8,     7,  2,     1, 14,   5157, 6.3e-5
    - 1 :   3, 10,  884,    3, 12,     6,  2,     2,  8,   5683, 5.9e-5
    - 2 :   3, 10,  923,    3, 12,     7,  2,     2,  8,   5852, 6.1e-5
    - 3 :   3, 10,  893,    4,  9,     6,  2,     2,  9,   7364, 6.0e-5
    - 4 :   3, 10,  954,    3, 12,     7,  2,     3,  6,   8511, 6.2e-5
    - 5 :   3, 10,  895,    4,  9,     6,  2,     3,  7,  10592, 5.9e-5
    - 6 :   3, 10,  890,    5,  8,     6,  2,     3,  7,  12954, 5.8e-5
    - 7 :   3, 10,  914,    6,  7,     7,  2,     3,  7,  15581, 6.0e-5
    - 8 :   3, 10,  890,    6,  7,     6,  2,     4,  6,  20047, 6.3e-5
    - 9 :   3, 10,  879,    7,  6,    13,  1,     4,  6,  23263, 6.3e-5
    - 10:   3, 10,  885,    7,  6,    13,  1,     5,  5,  28772, 6.0e-5
    - 11:   3, 10,  889,    7,  6,    13,  1,     7,  4,  39722, 6.2e-5
    - 12:   3, 10,  908,    9,  5,    14,  1,     7,  4,  50989, 6.3e-5
    - 13:   3, 10,  885,   14,  3,    13,  1,     7,  4,  77151, 5.9e-5
    - 14:   3, 10,  893,   14,  3,    13,  1,    10,  3, 109499, 6.0e-5
    - 15:   3, 10,  917,   22,  2,    14,  1,    10,  3, 172504, 6.3e-5
    - 16:   3, 10,  944,   22,  2,    14,  1,    31,  1, 532929, 6.3e-5
    # no solution starting from log norm2 = 17

  - 6: # bits
    -ln2:   k,  N,    n, br_l,br_b, ks_l,ks_b, cb_l,cb_b,  cost, p_error
    - 0 :   3, 10,  933,    5,  8,     7,  2,     1, 14,   6239, 6.2e-5
    - 1 :   3, 10,  886,    3, 12,     6,  2,     2,  8,   6735, 5.7e-5
    - 2 :   3, 10,  947,    3, 12,     7,  2,     2,  8,   7029, 6.2e-5
    - 3 :   3, 10,  897,    4,  9,     6,  2,     2,  9,   8736, 6.1e-5
    - 4 :   3, 10,  905,    5,  8,     7,  2,     2, 10,  10778, 6.2e-5
    - 5 :   3, 10,  899,    4,  9,     6,  2,     3,  7,  12510, 6.3e-5
    - 6 :   3, 10,  893,    5,  8,     6,  2,     3,  7,  15288, 5.8e-5
    - 7 :   3, 10,  928,    6,  7,     7,  2,     3,  7,  18501, 6.1e-5
    - 8 :   3, 10,  874,    6,  7,    13,  1,     4,  6,  23609, 6.2e-5
    - 9 :   3, 10,  884,    7,  6,    13,  1,     4,  6,  27415, 6.2e-5
    - 10:   3, 10,  892,    7,  6,    13,  1,     5,  5,  33896, 6.1e-5
    - 11:   3, 10,  899,    7,  6,    13,  1,     7,  4,  46789, 6.1e-5
    - 12:   3, 10,  938,    9,  5,    14,  1,     7,  4,  60670, 6.3e-5
    - 13:   3, 10,  892,   14,  3,    13,  1,     7,  4,  90716, 6.0e-5
    - 14:   3, 10,  904,   14,  3,    14,  1,    10,  3, 128880, 6.1e-5
    - 15:   3, 10,  944,   22,  2,    14,  1,    11,  3, 224440, 6.3e-5
    - 16:   3, 10,  913,   44,  1,    14,  1,    16,  2, 633133, 6.2e-5
    # no solution starting from log norm2 = 17

  - 7: # bits
    -ln2:   k,  N,    n, br_l,br_b, ks_l,ks_b, cb_l,cb_b,  cost, p_error
    - 0 :   3, 10,  969,    5,  8,     7,  2,     1, 14,   7433, 6.3e-5
    - 1 :   3, 10,  887,    3, 12,     6,  2,     2,  8,   7786, 6.2e-5
    - 2 :   3, 10,  880,    4,  9,     6,  2,     2,  9,   9987, 6.3e-5
    - 3 :   3, 10,  902,    4,  9,     6,  2,     2,  9,  10121, 5.9e-5
    - 4 :   3, 10,  913,    5,  8,     7,  2,     2, 10,  12507, 6.1e-5
    - 5 :   3, 10,  899,    4,  9,     7,  2,     3,  7,  14447, 6.1e-5
    - 6 :   3, 10,  896,    5,  8,     6,  2,     3,  7,  17631, 6.0e-5
    - 7 :   3, 10,  953,    6,  7,     7,  2,     3,  7,  21595, 6.2e-5
    - 8 :   3, 10,  893,    6,  7,     7,  2,     4,  6,  27167, 6.3e-5
    - 9 :   3, 10,  890,    7,  6,    13,  1,     4,  6,  31607, 6.2e-5
    - 10:   3, 10,  901,    7,  6,    13,  1,     5,  5,  39100, 6.3e-5
    - 11:   3, 10,  911,    7,  6,    14,  1,     7,  4,  54029, 6.2e-5
    - 12:   3, 10,  896,    8,  5,    13,  1,     9,  3,  77359, 6.1e-5
    - 13:   3, 10,  900,   14,  3,    14,  1,     7,  4, 104473, 6.3e-5
    - 14:   3, 10,  921,   14,  3,    14,  1,    10,  3, 148884, 6.2e-5
    - 15:   3, 10,  935,   21,  2,    14,  1,    15,  2, 331002, 6.3e-5
    - 16:   3, 10,  946,   44,  1,    14,  1,    16,  2, 736132, 6.3e-5
    # no solution starting from log norm2 = 17

  - 8: # bits
    -ln2:   k,  N,    n, br_l,br_b, ks_l,ks_b, cb_l,cb_b,  cost, p_error
    - 0 :   3, 10,  879,    3, 12,     6,  2,     2,  8,   8787, 5.4e-5
    - 1 :   3, 10,  889,    3, 12,     6,  2,     2,  8,   8843, 6.0e-5
    - 2 :   3, 10,  881,    4,  9,     6,  2,     2,  9,  11334, 6.0e-5
    - 3 :   3, 10,  907,    4,  9,     6,  2,     2,  9,  11515, 6.1e-5
    - 4 :   3, 10,  923,    5,  8,     7,  2,     2, 10,  14270, 6.3e-5
    - 5 :   3, 10,  904,    4,  9,     7,  2,     3,  7,  16394, 5.9e-5
    - 6 :   3, 10,  895,    5,  8,     7,  2,     3,  7,  19983, 6.2e-5
    - 7 :   3, 10,  894,    5,  8,     6,  2,     4,  6,  25871, 6.0e-5
    - 8 :   3, 10,  880,    6,  7,    13,  1,     4,  6,  30754, 6.2e-5
    - 9 :   3, 10,  897,    7,  6,    13,  1,     4,  6,  35848, 6.2e-5
    - 10:   3, 10,  915,    7,  6,    13,  1,     5,  5,  44474, 6.1e-5
    - 11:   3, 10,  934,    7,  6,    14,  1,     7,  4,  61674, 6.2e-5
    - 12:   3, 10,  906,    8,  5,    13,  1,     9,  3,  87653, 6.1e-5
    - 13:   3, 10,  912,   14,  3,    14,  1,     7,  4, 118548, 6.1e-5
    - 14:   3, 10,  902,   15,  3,    14,  1,    10,  3, 177761, 6.3e-5
    - 15:   3, 10,  891,   22,  2,    13,  1,    15,  2, 381930, 6.2e-5
    - 16:   3, 10,  915,   44,  1,    14,  1,    31,  1, 1568557, 6.2e-5
    # no solution starting from log norm2 = 17

  - 9: # bits
    -ln2:   k,  N,    n, br_l,br_b, ks_l,ks_b, cb_l,cb_b,  cost, p_error
    - 0 :   3, 10,  977,    4,  9,     7,  2,     2,  9,  13484, 6.1e-5
    - 1 :   3, 10,  991,    5,  8,     7,  2,     2, 10,  16604, 6.3e-5
    - 2 :   3, 10,  979,    4,  9,     7,  2,     3,  7,  19099, 6.3e-5
    - 3 :   3, 10,  973,    5,  8,     7,  2,     3,  7,  23306, 6.2e-5
    - 4 :   3, 10, 1005,    6,  7,     8,  2,     3,  7,  28115, 6.3e-5
    - 5 :   3, 10,  974,    6,  7,     7,  2,     4,  6,  35758, 6.3e-5
    - 6 :   3, 10,  985,    7,  6,     7,  2,     4,  6,  41561, 6.2e-5
    - 7 :   3, 10,  972,    7,  6,    15,  1,     5,  5,  51184, 6.2e-5
    - 8 :   3, 10,  978,    7,  6,    15,  1,     7,  4,  70296, 6.3e-5
    - 9 :   3, 10, 1024,    9,  5,    16,  1,     7,  4,  91327, 6.3e-5
    - 10:   3, 10,  971,   14,  3,    15,  1,     7,  4, 136009, 6.3e-5
    - 11:   3, 10,  983,   14,  3,    15,  1,    10,  3, 192537, 6.3e-5
    - 12:   3, 10, 1022,   23,  2,    16,  1,    11,  3, 349515, 6.3e-5
    - 13:   3, 10,  992,   44,  1,    15,  1,    16,  2, 942256, 6.3e-5
    # no solution starting from log norm2 = 14

  - 10: # bits
    -ln2:   k,  N,    n, br_l,br_b, ks_l,ks_b, cb_l,cb_b,  cost, p_error
    - 0 :   3, 10,  979,    4,  9,     7,  2,     2,  9,  14932, 6.3e-5
    - 1 :   3, 10,  998,    5,  8,     7,  2,     2, 10,  18438, 6.3e-5
    - 2 :   3, 10,  982,    4,  9,     7,  2,     3,  7,  21126, 6.3e-5
    - 3 :   3, 10,  975,    5,  8,     7,  2,     3,  7,  25763, 6.2e-5
    - 4 :   3, 10, 1018,    6,  7,     8,  2,     3,  7,  31263, 6.3e-5
    - 5 :   3, 10,  977,    6,  7,     7,  2,     4,  6,  39512, 6.1e-5
    - 6 :   3, 10,  968,    7,  6,    15,  1,     4,  6,  45942, 6.3e-5
    - 7 :   3, 10,  977,    7,  6,    15,  1,     5,  5,  56582, 6.2e-5
    - 8 :   3, 10,  986,    7,  6,    15,  1,     7,  4,  77775, 6.3e-5
    - 9 :   3, 10,  973,    8,  5,    15,  1,     9,  3, 111291, 6.2e-5
    - 10:   3, 10,  976,   14,  3,    15,  1,     7,  4, 150234, 6.3e-5
    - 11:   3, 10,  994,   14,  3,    15,  1,    10,  3, 213177, 6.3e-5
    - 12:   3, 10, 1002,   21,  2,    16,  1,    15,  2, 471418, 6.3e-5
    - 13:   3, 10, 1011,   44,  1,    16,  1,    16,  2, 1046509, 6.3e-5
    # no solution starting from log norm2 = 14

  - 11: # bits
    -ln2:   k,  N,    n, br_l,br_b, ks_l,ks_b, cb_l,cb_b,  cost, p_error
    - 0 :   3, 10,  982,    4,  9,     7,  2,     2,  9,  16392, 6.2e-5
    - 1 :   3, 10, 1000,    5,  8,     8,  2,     2, 10,  20299, 6.3e-5
    - 2 :   3, 10,  986,    4,  9,     7,  2,     3,  7,  23173, 6.2e-5
    - 3 :   3, 10,  977,    5,  8,     7,  2,     3,  7,  28225, 6.2e-5
    - 4 :   3, 10, 1016,    6,  7,    16,  1,     3,  7,  34750, 6.3e-5
    - 5 :   3, 10,  979,    6,  7,     7,  2,     4,  6,  43255, 6.2e-5
    - 6 :   3, 10,  972,    7,  6,    15,  1,     4,  6,  50346, 6.2e-5
    - 7 :   3, 10,  983,    7,  6,    15,  1,     5,  5,  62040, 6.3e-5
    - 8 :   3, 10,  998,    7,  6,    15,  1,     7,  4,  85486, 6.3e-5
    - 9 :   3, 10,  978,    8,  5,    15,  1,     9,  3, 121849, 6.2e-5
    - 10:   3, 10,  983,   14,  3,    15,  1,     7,  4, 164690, 6.2e-5
    - 11:   3, 10, 1013,   14,  3,    16,  1,    10,  3, 234998, 6.3e-5
    - 12:   3, 10,  968,   22,  2,    15,  1,    15,  2, 530019, 6.2e-5
    - 13:   3, 10, 1020,   45,  1,    16,  1,    16,  2, 1172964, 6.3e-5
    # no solution starting from log norm2 = 14

  - 12: # bits
    -ln2:   k,  N,    n, br_l,br_b, ks_l,ks_b, cb_l,cb_b,  cost, p_error
    - 0 :   3, 10,  992,    4,  9,     7,  2,     2,  9,  20544, 6.3e-5
    - 1 :   3, 10, 1016,    5,  8,    15,  1,     2, 10,  26149, 6.3e-5
    - 2 :   3, 10, 1000,    4,  9,     7,  2,     3,  7,  29126, 6.3e-5
    - 3 :   3, 10,  984,    5,  8,     7,  2,     3,  7,  35338, 6.2e-5
    - 4 :   3, 10,  979,    5,  8,     7,  2,     4,  6,  45581, 6.1e-5
    - 5 :   3, 10,  987,    6,  7,     7,  2,     4,  6,  54205, 6.2e-5
    - 6 :   3, 10,  988,    7,  6,    15,  1,     4,  6,  63361, 6.3e-5
    - 7 :   3, 10,  967,    8,  5,    15,  1,     5,  5,  87074, 6.3e-5
    - 8 :   3, 10,  965,    8,  5,    15,  1,     7,  4, 119094, 6.2e-5
    - 9 :   3, 10, 1004,    8,  5,    15,  1,     9,  3, 154169, 6.3e-5
    - 10:   3, 10,  983,   15,  3,    15,  1,     7,  4, 219901, 6.3e-5
    - 11:   3, 10, 1001,   15,  3,    16,  1,    10,  3, 312099, 6.3e-5
    - 12:   3, 10,  979,   22,  2,    15,  1,    15,  2, 665684, 6.3e-5
    - 13:   3, 10, 1011,   45,  1,    16,  1,    31,  1, 2798444, 6.3e-5
    # no solution starting from log norm2 = 14

  - 13: # bits
    -ln2:   k,  N,    n, br_l,br_b, ks_l,ks_b, cb_l,cb_b,  cost, p_error
    - 0 :   3, 10,  997,    4,  9,     7,  2,     2,  9,  22054, 6.2e-5
    - 1 :   3, 10,  966,    4,  9,     7,  2,     3,  7,  30557, 6.0e-5
    - 2 :   3, 10, 1000,    4,  9,     8,  2,     3,  7,  31239, 6.3e-5
    - 3 :   3, 10,  987,    5,  8,     7,  2,     3,  7,  37848, 6.1e-5
    - 4 :   3, 10,  980,    5,  8,     7,  2,     4,  6,  48737, 6.3e-5
    - 5 :   3, 10,  990,    6,  7,     7,  2,     4,  6,  58018, 6.3e-5
    - 6 :   3, 10,  996,    7,  6,    15,  1,     4,  6,  67996, 6.3e-5
    - 7 :   3, 10,  970,    8,  5,    15,  1,     5,  5,  93161, 6.2e-5
    - 8 :   3, 10,  967,    8,  5,    15,  1,     7,  4, 127301, 6.3e-5
    - 9 :   3, 10,  963,   11,  4,    15,  1,     7,  4, 172236, 6.1e-5
    - 10:   3, 10,  990,   15,  3,    15,  1,     7,  4, 235619, 6.2e-5
    - 11:   3, 10, 1025,   15,  3,    16,  1,    10,  3, 337002, 6.3e-5
    - 12:   3, 10,  984,   22,  2,    15,  1,    15,  2, 712109, 6.3e-5
    - 13:   3, 10, 1008,   44,  1,    16,  1,    32,  1, 3008925, 6.3e-5
    # no solution starting from log norm2 = 14

  - 14: # bits
    -ln2:   k,  N,    n, br_l,br_b, ks_l,ks_b, cb_l,cb_b,  cost, p_error
    - 0 :   3, 10,  997,    4,  9,     7,  2,     2,  9,  22054, 6.2e-5
    - 1 :   3, 10,  966,    4,  9,     7,  2,     3,  7,  30557, 6.0e-5
    - 2 :   3, 10, 1000,    4,  9,     8,  2,     3,  7,  31239, 6.3e-5
    - 3 :   3, 10,  987,    5,  8,     7,  2,     3,  7,  37848, 6.1e-5
    - 4 :   3, 10,  980,    5,  8,     7,  2,     4,  6,  48737, 6.3e-5
    - 5 :   3, 10,  990,    6,  7,     7,  2,     4,  6,  58018, 6.3e-5
    - 6 :   3, 10,  996,    7,  6,    15,  1,     4,  6,  67996, 6.3e-5
    - 7 :   3, 10,  970,    8,  5,    15,  1,     5,  5,  93161, 6.2e-5
    - 8 :   3, 10,  967,    8,  5,    15,  1,     7,  4, 127301, 6.3e-5
    - 9 :   3, 10,  963,   11,  4,    15,  1,     7,  4, 172236, 6.1e-5
    - 10:   3, 10,  990,   15,  3,    15,  1,     7,  4, 235619, 6.2e-5
    - 11:   3, 10, 1025,   15,  3,    16,  1,    10,  3, 337002, 6.3e-5
    - 12:   3, 10,  984,   22,  2,    15,  1,    15,  2, 712109, 6.3e-5
    - 13:   3, 10, 1008,   44,  1,    16,  1,    32,  1, 3008925, 6.3e-5
    # no solution starting from log norm2 = 14

  - 15: # bits
    -ln2:   k,  N,    n, br_l,br_b, ks_l,ks_b, cb_l,cb_b,  cost, p_error
    - 0 :   3, 10,  997,    4,  9,     7,  2,     2,  9,  22054, 6.2e-5
    - 1 :   3, 10,  966,    4,  9,     7,  2,     3,  7,  30557, 6.0e-5
    - 2 :   3, 10, 1000,    4,  9,     8,  2,     3,  7,  31239, 6.3e-5
    - 3 :   3, 10,  987,    5,  8,     7,  2,     3,  7,  37848, 6.1e-5
    - 4 :   3, 10,  980,    5,  8,     7,  2,     4,  6,  48737, 6.3e-5
    - 5 :   3, 10,  990,    6,  7,     7,  2,     4,  6,  58018, 6.3e-5
    - 6 :   3, 10,  996,    7,  6,    15,  1,     4,  6,  67996, 6.3e-5
    - 7 :   3, 10,  970,    8,  5,    15,  1,     5,  5,  93161, 6.2e-5
    - 8 :   3, 10,  967,    8,  5,    15,  1,     7,  4, 127301, 6.3e-5
    - 9 :   3, 10,  963,   11,  4,    15,  1,     7,  4, 172236, 6.1e-5
    - 10:   3, 10,  990,   15,  3,    15,  1,     7,  4, 235619, 6.2e-5
    - 11:   3, 10, 1025,   15,  3,    16,  1,    10,  3, 337002, 6.3e-5
    - 12:   3, 10,  984,   22,  2,    15,  1,    15,  2, 712109, 6.3e-5
    - 13:   3, 10, 1008,   44,  1,    16,  1,    32,  1, 3008925, 6.3e-5
    # no solution starting from log norm2 = 14

  - 16: # bits
    -ln2:   k,  N,    n, br_l,br_b, ks_l,ks_b, cb_l,cb_b,  cost, p_error
    - 0 :   3, 10, 1001,    4,  9,     8,  2,     2,  9,  24850, 6.3e-5
    - 1 :   3, 10,  966,    4,  9,     7,  2,     3,  7,  34262, 6.3e-5
    - 2 :   3, 10, 1014,    4,  9,     8,  2,     3,  7,  35297, 6.3e-5
    - 3 :   3, 10,  993,    5,  8,     7,  2,     3,  7,  42572, 6.2e-5
    - 4 :   3, 10,  985,    5,  8,     7,  2,     4,  6,  54837, 6.2e-5
    - 5 :   3, 10,  994,    6,  7,     8,  2,     4,  6,  65342, 6.3e-5
    - 6 :   3, 10,  992,    6,  7,    15,  1,     5,  5,  80843, 6.3e-5
    - 7 :   3, 10,  976,    8,  5,    15,  1,     5,  5, 104914, 6.2e-5
    - 8 :   3, 10,  972,    8,  5,    15,  1,     7,  4, 143371, 6.3e-5
    - 9 :   3, 10,  966,   11,  4,    15,  1,     7,  4, 193767, 6.3e-5
    - 10:   3, 10, 1011,   15,  3,    16,  1,     7,  4, 267487, 6.3e-5
    - 11:   3, 10,  969,   14,  3,    15,  1,    15,  2, 510733, 6.2e-5
    - 12:   3, 10,  999,   22,  2,    15,  1,    15,  2, 806229, 6.3e-5
    - 13:   3, 10, 1023,   45,  1,    16,  1,    33,  1, 3591577, 6.3e-5
    # no solution starting from log norm2 = 14
