security level: 128
target p_error: 6.3e-5
per precision and log norm2:

  - 1: # bits
    -ln2:   k,  N,    n, br_l,br_b, ks_l,ks_b, cb_l,cb_b, pp_l,pp_b,  cost, p_error
    - 0 :   2, 10,  591,    2, 15,     3,  3,     1,  9,     1, 23,     98, 5.5e-5
    - 1 :   2, 10,  629,    2, 15,     4,  3,     1,  9,     1, 23,    105, 6.1e-5
    - 2 :   2, 10,  567,    2, 15,     5,  2,     1, 11,     2, 15,    124, 5.7e-5
    - 3 :   2, 10,  556,    3, 12,     5,  2,     1, 13,     2, 15,    145, 5.8e-5
    - 4 :   2, 10,  606,    3, 12,     5,  2,     1, 13,     2, 15,    154, 6.2e-5
    - 5 :   2, 10,  571,    4,  9,     5,  2,     1, 14,     3, 12,    195, 6.0e-5
    - 6 :   2, 10,  608,    5,  8,     6,  2,     1, 14,     3, 12,    230, 6.3e-5
    - 7 :   2, 10,  558,    3, 12,     5,  2,     2,  8,     2, 15,    280, 5.9e-5
    - 8 :   2, 10,  566,    4,  9,     5,  2,     2,  9,     2, 15,    329, 6.3e-5
    - 9 :   2, 10,  562,    4,  9,     5,  2,     2,  9,     3, 12,    376, 5.7e-5
    - 10:   2, 10,  566,    5,  8,     5,  2,     2, 10,     3, 12,    424, 5.5e-5
    - 11:   2, 10,  581,    6,  7,     5,  2,     2, 10,     3, 12,    479, 6.0e-5
    - 12:   2, 10,  561,    5,  8,     5,  2,     3,  7,     3, 12,    626, 5.5e-5
    - 13:   2, 10,  572,    6,  7,    11,  1,     3,  8,     3, 12,    718, 6.2e-5
    - 14:   2, 10,  560,    8,  5,    11,  1,     3,  8,     3, 12,    846, 6.3e-5
    - 15:   2, 10,  558,    7,  6,    10,  1,     4,  6,     3, 12,   1023, 5.6e-5
    - 16:   2, 10,  561,    7,  6,    11,  1,     5,  5,     3, 12,   1280, 5.9e-5
    - 17:   2, 10,  560,    7,  6,    11,  1,     7,  4,     3, 12,   1781, 6.2e-5
    - 18:   2, 10,  565,   11,  4,    11,  1,     6,  5,     5,  8,   2384, 5.7e-5
    - 19:   2, 10,  609,   11,  4,    12,  1,     7,  4,     5,  8,   2930, 6.2e-5
    - 20:   2, 10,  558,   14,  3,    11,  1,    10,  3,     5,  8,   4610, 5.7e-5
    - 21:   2, 10,  578,   22,  2,    11,  1,    10,  3,     5,  8,   6628, 6.0e-5
    - 22:   2, 10,  564,   44,  1,    11,  1,    16,  2,     5,  8,  18524, 6.0e-5
    # no solution starting from log norm2 = 23

  - 2: # bits
    -ln2:   k,  N,    n, br_l,br_b, ks_l,ks_b, cb_l,cb_b, pp_l,pp_b,  cost, p_error
    - 0 :   2, 10,  602,    3, 12,     5,  2,     1, 13,     2, 15,    400, 5.6e-5
    - 1 :   2, 10,  606,    3, 12,     6,  2,     1, 13,     2, 15,    407, 5.8e-5
    - 2 :   2, 10,  629,    4,  9,     6,  2,     1, 13,     2, 15,    496, 6.1e-5
    - 3 :   2, 10,  619,    2, 15,     6,  2,     2,  7,     2, 15,    575, 6.3e-5
    - 4 :   2, 10,  595,    3, 12,     6,  2,     2,  8,     2, 15,    682, 5.7e-5
    - 5 :   2, 10,  611,    3, 12,     6,  2,     2,  8,     2, 15,    695, 6.0e-5
    - 6 :   2, 10,  651,    4,  9,     6,  2,     2,  9,     2, 15,    862, 6.2e-5
    - 7 :   2, 10,  627,    4,  9,     6,  2,     2,  9,     3, 12,    933, 6.0e-5
    - 8 :   2, 10,  602,    6,  7,     6,  2,     2, 10,     3, 12,   1154, 6.2e-5
    - 9 :   2, 10,  623,    7,  6,     6,  2,     2, 10,     3, 12,   1312, 5.9e-5
    - 10:   2, 10,  621,    5,  8,     6,  2,     3,  7,     3, 12,   1493, 5.9e-5
    - 11:   2, 10,  611,    7,  6,     6,  2,     3,  8,     3, 12,   1827, 5.8e-5
    - 12:   2, 10,  604,    6,  7,    12,  1,     4,  6,     3, 12,   2147, 6.0e-5
    - 13:   2, 10,  614,    8,  5,    12,  1,     4,  6,     3, 12,   2626, 6.0e-5
    - 14:   2, 10,  625,    8,  5,    12,  1,     5,  5,     3, 12,   3258, 6.1e-5
    - 15:   2, 10,  609,    8,  5,    12,  1,     7,  4,     3, 12,   4359, 6.0e-5
    - 16:   2, 10,  597,   11,  4,    12,  1,     7,  4,     5,  8,   6068, 6.2e-5
    - 17:   2, 10,  645,   15,  3,    13,  1,     7,  4,     5,  8,   8012, 6.3e-5
    - 18:   2, 10,  644,   15,  3,    13,  1,    10,  3,     5,  8,  11226, 6.3e-5
    - 19:   2, 10,  637,   22,  2,    13,  1,    15,  2,     5,  8,  22126, 6.3e-5
    - 20:   2, 10,  631,   44,  1,    13,  1,    32,  1,     6,  7,  84636, 6.3e-5
    # no solution starting from log norm2 = 21

  - 3: # bits
    -ln2:   k,  N,    n, br_l,br_b, ks_l,ks_b, cb_l,cb_b, pp_l,pp_b,  cost, p_error
    - 0 :   2, 10,  653,    4,  9,     6,  2,     1, 14,     3, 12,    903, 5.7e-5
    - 1 :   2, 10,  673,    5,  8,     7,  2,     1, 14,     3, 12,   1070, 6.1e-5
    - 2 :   2, 10,  641,    3, 12,     6,  2,     2,  8,     2, 15,   1130, 5.5e-5
    - 3 :   2, 10,  689,    3, 12,     7,  2,     2,  8,     2, 15,   1201, 6.3e-5
    - 4 :   2, 10,  644,    4,  9,     6,  2,     2,  9,     3, 12,   1489, 6.2e-5
    - 5 :   2, 10,  648,    5,  8,     6,  2,     2, 10,     3, 12,   1709, 6.3e-5
    - 6 :   2, 10,  661,    6,  7,     6,  2,     2, 10,     3, 12,   1951, 6.0e-5
    - 7 :   2, 10,  643,    5,  8,     6,  2,     3,  7,     3, 12,   2373, 6.0e-5
    - 8 :   2, 10,  665,    6,  7,     7,  2,     3,  8,     3, 12,   2740, 6.2e-5
    - 9 :   2, 10,  675,    5,  8,     7,  2,     4,  6,     3, 12,   3164, 6.0e-5
    - 10:   2, 10,  639,    7,  6,    12,  1,     4,  6,     3, 12,   3813, 5.9e-5
    - 11:   2, 10,  641,    7,  6,    13,  1,     5,  5,     3, 12,   4660, 6.1e-5
    - 12:   2, 10,  642,    7,  6,    13,  1,     7,  4,     3, 12,   6329, 5.7e-5
    - 13:   2, 10,  680,    9,  5,    14,  1,     7,  4,     3, 12,   7905, 6.3e-5
    - 14:   2, 10,  673,   11,  4,    14,  1,     7,  4,     5,  8,  10117, 6.2e-5
    - 15:   2, 10,  640,   14,  3,    13,  1,    10,  3,     5,  8,  16124, 5.6e-5
    - 16:   2, 10,  655,   22,  2,    13,  1,    10,  3,     5,  8,  23295, 6.0e-5
    - 17:   2, 10,  657,   43,  1,    13,  1,    16,  2,     5,  8,  64866, 5.9e-5
    # no solution starting from log norm2 = 18

  - 4: # bits
    -ln2:   k,  N,    n, br_l,br_b, ks_l,ks_b, cb_l,cb_b, pp_l,pp_b,  cost, p_error
    - 0 :   2, 10,  658,    2, 15,     6,  2,     2,  7,     2, 15,   1798, 5.8e-5
    - 1 :   2, 10,  637,    3, 12,     6,  2,     2,  8,     2, 15,   2151, 5.6e-5
    - 2 :   2, 10,  651,    3, 12,     6,  2,     2,  8,     2, 15,   2186, 5.6e-5
    - 3 :   2, 10,  670,    4,  9,     7,  2,     2,  9,     2, 15,   2661, 6.1e-5
    - 4 :   2, 10,  663,    4,  9,     6,  2,     2,  9,     3, 12,   2911, 6.3e-5
    - 5 :   2, 10,  680,    5,  8,     7,  2,     2, 10,     3, 12,   3398, 6.1e-5
    - 6 :   2, 10,  659,    4,  9,     6,  2,     3,  7,     3, 12,   4108, 6.0e-5
    - 7 :   2, 10,  659,    5,  8,     6,  2,     3,  7,     3, 12,   4676, 5.9e-5
    - 8 :   2, 10,  651,    7,  6,     6,  2,     3,  8,     3, 12,   5756, 6.2e-5
    - 9 :   2, 10,  655,    6,  7,     6,  2,     4,  6,     3, 12,   6747, 6.3e-5
    - 10:   2, 10,  678,    7,  6,    14,  1,     4,  6,     3, 12,   7801, 6.3e-5
    - 11:   2, 10,  653,    8,  5,    13,  1,     5,  5,     3, 12,  10130, 6.2e-5
    - 12:   2, 10,  645,    8,  5,    13,  1,     7,  4,     3, 12,  13688, 5.8e-5
    - 13:   2, 10,  637,   11,  4,    13,  1,     7,  4,     5,  8,  19100, 5.6e-5
    - 14:   2, 10,  689,   14,  3,    14,  1,     7,  4,     5,  8,  24078, 6.3e-5
    - 15:   2, 10,  663,   15,  3,    13,  1,    10,  3,     5,  8,  34459, 6.1e-5
    - 16:   2, 10,  659,   22,  2,    13,  1,    15,  2,     5,  8,  68298, 6.3e-5
    - 17:   2, 10,  665,   44,  1,    13,  1,    32,  1,     5,  8, 261487, 6.1e-5
    # no solution starting from log norm2 = 18

  - 5: # bits
    -ln2:   k,  N,    n, br_l,br_b, ks_l,ks_b, cb_l,cb_b, pp_l,pp_b,  cost, p_error
    - 0 :   2, 10,  658,    2, 15,     6,  2,     2,  7,     2, 15,   1798, 5.8e-5
    - 1 :   2, 10,  637,    3, 12,     6,  2,     2,  8,     2, 15,   2151, 5.6e-5
    - 2 :   2, 10,  651,    3, 12,     6,  2,     2,  8,     2, 15,   2186, 5.6e-5
    - 3 :   2, 10,  670,    4,  9,     7,  2,     2,  9,     2, 15,   2661, 6.1e-5
    - 4 :   2, 10,  663,    4,  9,     6,  2,     2,  9,     3, 12,   2911, 6.3e-5
    - 5 :   2, 10,  680,    5,  8,     7,  2,     2, 10,     3, 12,   3398, 6.1e-5
    - 6 :   2, 10,  659,    4,  9,     6,  2,     3,  7,     3, 12,   4108, 6.0e-5
    - 7 :   2, 10,  659,    5,  8,     6,  2,     3,  7,     3, 12,   4676, 5.9e-5
    - 8 :   2, 10,  651,    7,  6,     6,  2,     3,  8,     3, 12,   5756, 6.2e-5
    - 9 :   2, 10,  655,    6,  7,     6,  2,     4,  6,     3, 12,   6747, 6.3e-5
    - 10:   2, 10,  678,    7,  6,    14,  1,     4,  6,     3, 12,   7801, 6.3e-5
    - 11:   2, 10,  653,    8,  5,    13,  1,     5,  5,     3, 12,  10130, 6.2e-5
    - 12:   2, 10,  645,    8,  5,    13,  1,     7,  4,     3, 12,  13688, 5.8e-5
    - 13:   2, 10,  637,   11,  4,    13,  1,     7,  4,     5,  8,  19100, 5.6e-5
    - 14:   2, 10,  689,   14,  3,    14,  1,     7,  4,     5,  8,  24078, 6.3e-5
    - 15:   2, 10,  663,   15,  3,    13,  1,    10,  3,     5,  8,  34459, 6.1e-5
    - 16:   2, 10,  659,   22,  2,    13,  1,    15,  2,     5,  8,  68298, 6.3e-5
    - 17:   2, 10,  665,   44,  1,    13,  1,    32,  1,     5,  8, 261487, 6.1e-5
    # no solution starting from log norm2 = 18

  - 6: # bits
    -ln2:   k,  N,    n, br_l,br_b, ks_l,ks_b, cb_l,cb_b, pp_l,pp_b,  cost, p_error
    - 0 :   2, 10,  665,    2, 15,     6,  2,     2,  7,     2, 15,   2151, 6.3e-5
    - 1 :   2, 10,  638,    3, 12,     6,  2,     2,  8,     2, 15,   2562, 5.1e-5
    - 2 :   2, 10,  655,    3, 12,     6,  2,     2,  8,     2, 15,   2612, 5.9e-5
    - 3 :   2, 10,  686,    4,  9,     7,  2,     2,  9,     2, 15,   3229, 6.2e-5
    - 4 :   2, 10,  669,    4,  9,     7,  2,     2,  9,     3, 12,   3502, 6.2e-5
    - 5 :   2, 10,  646,    6,  7,     6,  2,     2, 10,     3, 12,   4353, 5.7e-5
    - 6 :   2, 10,  664,    4,  9,     7,  2,     3,  7,     3, 12,   4901, 5.9e-5
    - 7 :   2, 10,  663,    5,  8,     7,  2,     3,  7,     3, 12,   5576, 6.3e-5
    - 8 :   2, 10,  656,    7,  6,     6,  2,     3,  8,     3, 12,   6861, 6.1e-5
    - 9 :   2, 10,  647,    6,  7,    13,  1,     4,  6,     3, 12,   8014, 5.9e-5
    - 10:   2, 10,  655,    8,  5,    13,  1,     4,  6,     3, 12,   9807, 6.2e-5
    - 11:   2, 10,  666,    8,  5,    13,  1,     5,  5,     3, 12,  12123, 6.1e-5
    - 12:   2, 10,  652,    8,  5,    13,  1,     7,  4,     3, 12,  16221, 5.9e-5
    - 13:   2, 10,  640,   11,  4,    13,  1,     7,  4,     5,  8,  22515, 6.0e-5
    - 14:   2, 10,  687,   15,  3,    14,  1,     7,  4,     5,  8,  29729, 6.3e-5
    - 15:   2, 10,  694,   15,  3,    14,  1,    10,  3,     5,  8,  41932, 6.3e-5
    - 16:   2, 10,  679,   22,  2,    14,  1,    15,  2,     5,  8,  82052, 6.2e-5
    - 17:   2, 10,  676,   44,  1,    14,  1,    32,  1,     6,  7, 315688, 6.3e-5
    # no solution starting from log norm2 = 18

  - 7: # bits
    -ln2:   k,  N,    n, br_l,br_b, ks_l,ks_b, cb_l,cb_b, pp_l,pp_b,  cost, p_error
    - 0 :   2, 10,  677,    2, 15,     6,  2,     2,  7,     2, 15,   2522, 6.1e-5
    - 1 :   2, 10,  638,    3, 12,     6,  2,     2,  8,     2, 15,   2971, 5.9e-5
    - 2 :   2, 10,  660,    3, 12,     6,  2,     2,  8,     2, 15,   3047, 6.1e-5
    - 3 :   2, 10,  640,    4,  9,     6,  2,     2,  9,     3, 12,   3913, 6.0e-5
    - 4 :   2, 10,  682,    4,  9,     7,  2,     2,  9,     3, 12,   4115, 6.3e-5
    - 5 :   2, 10,  648,    6,  7,     6,  2,     2, 10,     3, 12,   5064, 6.1e-5
    - 6 :   2, 10,  673,    4,  9,     7,  2,     3,  7,     3, 12,   5711, 6.2e-5
    - 7 :   2, 10,  672,    5,  8,     7,  2,     3,  7,     3, 12,   6504, 6.2e-5
    - 8 :   2, 10,  662,    7,  6,     6,  2,     3,  8,     3, 12,   7987, 6.1e-5
    - 9 :   2, 10,  654,    6,  7,    13,  1,     4,  6,     3, 12,   9311, 5.9e-5
    - 10:   2, 10,  667,    8,  5,    13,  1,     4,  6,     3, 12,  11474, 6.2e-5
    - 11:   2, 10,  689,    8,  5,    14,  1,     5,  5,     3, 12,  14362, 6.3e-5
    - 12:   2, 10,  661,    8,  5,    13,  1,     7,  4,     3, 12,  18841, 6.2e-5
    - 13:   2, 10,  644,   11,  4,    13,  1,     7,  4,     5,  8,  25984, 6.0e-5
    - 14:   2, 10,  655,   11,  4,    13,  1,    10,  3,     5,  8,  36797, 5.9e-5
    - 15:   2, 10,  660,   21,  2,    13,  1,    10,  3,     5,  8,  60014, 6.3e-5
    - 16:   2, 10,  652,   22,  2,    13,  1,    16,  2,     5,  8,  96696, 6.1e-5
    - 17:   2, 10,  684,   45,  1,    14,  1,    33,  1,     6,  7, 383910, 6.2e-5
    # no solution starting from log norm2 = 18

  - 8: # bits
    -ln2:   k,  N,    n, br_l,br_b, ks_l,ks_b, cb_l,cb_b, pp_l,pp_b,  cost, p_error
    - 0 :   2, 10,  682,    2, 15,     7,  2,     2,  7,     2, 15,   2905, 6.1e-5
    - 1 :   2, 10,  639,    3, 12,     6,  2,     2,  8,     2, 15,   3383, 5.4e-5
    - 2 :   2, 10,  667,    3, 12,     6,  2,     2,  8,     2, 15,   3493, 5.9e-5
    - 3 :   2, 10,  641,    4,  9,     6,  2,     2,  9,     3, 12,   4454, 6.0e-5
    - 4 :   2, 10,  724,    4,  9,     7,  2,     2,  9,     3, 12,   4888, 6.3e-5
    - 5 :   2, 10,  651,    6,  7,     6,  2,     2, 10,     3, 12,   5785, 5.8e-5
    - 6 :   2, 10,  690,    4,  9,     7,  2,     3,  7,     3, 12,   6588, 6.2e-5
    - 7 :   2, 10,  686,    5,  8,     7,  2,     3,  7,     3, 12,   7490, 6.1e-5
    - 8 :   2, 10,  665,    7,  6,     7,  2,     3,  8,     3, 12,   9121, 6.2e-5
    - 9 :   2, 10,  663,    6,  7,    13,  1,     4,  6,     3, 12,  10652, 6.2e-5
    - 10:   2, 10,  687,    8,  5,    14,  1,     4,  6,     3, 12,  13335, 6.3e-5
    - 11:   2, 10,  680,    9,  5,    14,  1,     5,  5,     3, 12,  17503, 6.2e-5
    - 12:   2, 10,  676,    8,  5,    14,  1,     7,  4,     3, 12,  21689, 6.3e-5
    - 13:   2, 10,  649,   11,  4,    13,  1,     7,  4,     5,  8,  29518, 5.9e-5
    - 14:   2, 10,  665,   11,  4,    13,  1,    10,  3,     5,  8,  41984, 6.2e-5
    - 15:   2, 10,  642,   22,  2,    13,  1,    10,  3,     5,  8,  68713, 6.1e-5
    - 16:   2, 10,  661,   22,  2,    13,  1,    16,  2,     5,  8, 110277, 6.1e-5
    # no solution starting from log norm2 = 17

  - 9: # bits
    -ln2:   k,  N,    n, br_l,br_b, ks_l,ks_b, cb_l,cb_b, pp_l,pp_b,  cost, p_error
    - 0 :   2, 10,  708,    4,  9,     7,  2,     2,  9,     2, 15,   4909, 6.0e-5
    - 1 :   2, 10,  704,    4,  9,     7,  2,     2,  9,     3, 12,   5367, 6.0e-5
    - 2 :   2, 10,  713,    5,  8,     7,  2,     2, 10,     3, 12,   6207, 6.3e-5
    - 3 :   2, 10,  702,    4,  9,     7,  2,     3,  7,     3, 12,   7456, 6.3e-5
    - 4 :   2, 10,  702,    5,  8,     7,  2,     3,  7,     3, 12,   8521, 5.9e-5
    - 5 :   2, 10,  698,    7,  6,     7,  2,     3,  8,     3, 12,  10604, 6.3e-5
    - 6 :   2, 10,  715,    8,  5,    14,  1,     3,  8,     3, 12,  12090, 6.3e-5
    - 7 :   2, 10,  703,    7,  6,    14,  1,     4,  6,     3, 12,  13824, 6.3e-5
    - 8 :   2, 10,  713,    7,  6,    15,  1,     5,  5,     3, 12,  17006, 6.3e-5
    - 9 :   2, 10,  717,    7,  6,    15,  1,     7,  4,     3, 12,  23104, 6.3e-5
    - 10:   2, 10,  709,   11,  4,    14,  1,     7,  4,     3, 12,  31831, 6.3e-5
    - 11:   2, 10,  705,   14,  3,    15,  1,     7,  4,     5,  8,  41750, 6.3e-5
    - 12:   2, 10,  711,   14,  3,    15,  1,    10,  3,     5,  8,  58576, 6.2e-5
    - 13:   2, 10,  723,   21,  2,    15,  1,    15,  2,     5,  8, 119886, 6.3e-5
    - 14:   2, 10,  721,   44,  1,    15,  1,    16,  2,     6,  7, 244678, 6.3e-5
    # no solution starting from log norm2 = 15

  - 10: # bits
    -ln2:   k,  N,    n, br_l,br_b, ks_l,ks_b, cb_l,cb_b, pp_l,pp_b,  cost, p_error
    - 0 :   2, 10,  711,    4,  9,     7,  2,     2,  9,     2, 15,   5461, 6.2e-5
    - 1 :   2, 10,  706,    4,  9,     7,  2,     2,  9,     3, 12,   5958, 6.3e-5
    - 2 :   2, 10,  719,    5,  8,     7,  2,     2, 10,     3, 12,   6923, 6.1e-5
    - 3 :   2, 10,  705,    4,  9,     7,  2,     3,  7,     3, 12,   8268, 5.9e-5
    - 4 :   2, 10,  704,    5,  8,     7,  2,     3,  7,     3, 12,   9444, 6.0e-5
    - 5 :   2, 10,  700,    7,  6,     7,  2,     3,  8,     3, 12,  11758, 6.0e-5
    - 6 :   2, 10,  702,    6,  7,     7,  2,     4,  6,     3, 12,  13547, 6.3e-5
    - 7 :   2, 10,  709,    7,  6,    14,  1,     4,  6,     3, 12,  15377, 6.3e-5
    - 8 :   2, 10,  725,    7,  6,    15,  1,     5,  5,     3, 12,  19024, 6.2e-5
    - 9 :   2, 10,  736,    7,  6,    15,  1,     7,  4,     3, 12,  26011, 6.3e-5
    - 10:   2, 10,  716,   11,  4,    15,  1,     7,  4,     3, 12,  35440, 6.3e-5
    - 11:   2, 10,  712,   14,  3,    15,  1,     7,  4,     5,  8,  46419, 6.1e-5
    - 12:   2, 10,  721,   14,  3,    15,  1,    10,  3,     5,  8,  65285, 6.2e-5
    - 13:   2, 10,  701,   22,  2,    14,  1,    15,  2,     5,  8, 133597, 6.1e-5
    - 14:   2, 10,  728,   45,  1,    15,  1,    16,  2,     6,  7, 277408, 6.3e-5
    # no solution starting from log norm2 = 15

  - 11: # bits
    -ln2:   k,  N,    n, br_l,br_b, ks_l,ks_b, cb_l,cb_b, pp_l,pp_b,  cost, p_error
    - 0 :   2, 10,  715,    4,  9,     7,  2,     2,  9,     2, 15,   6022, 6.2e-5
    - 1 :   2, 10,  709,    4,  9,     7,  2,     2,  9,     3, 12,   6558, 6.2e-5
    - 2 :   2, 10,  726,    5,  8,     7,  2,     2, 10,     3, 12,   7656, 6.2e-5
    - 3 :   2, 10,  707,    4,  9,     7,  2,     3,  7,     3, 12,   9076, 6.1e-5
    - 4 :   2, 10,  706,    5,  8,     7,  2,     3,  7,     3, 12,  10370, 6.1e-5
    - 5 :   2, 10,  701,    7,  6,     7,  2,     3,  8,     3, 12,  12902, 6.3e-5
    - 6 :   2, 10,  704,    6,  7,     7,  2,     4,  6,     3, 12,  14865, 6.3e-5
    - 7 :   2, 10,  717,    7,  6,    14,  1,     4,  6,     3, 12,  16987, 6.3e-5
    - 8 :   2, 10,  700,    8,  5,    14,  1,     5,  5,     3, 12,  22196, 6.3e-5
    - 9 :   2, 10,  695,    8,  5,    14,  1,     7,  4,     3, 12,  29812, 6.0e-5
    - 10:   2, 10,  728,   11,  4,    15,  1,     7,  4,     3, 12,  39304, 6.3e-5
    - 11:   2, 10,  720,   14,  3,    15,  1,     7,  4,     5,  8,  51213, 6.3e-5
    - 12:   2, 10,  747,   14,  3,    16,  1,    10,  3,     5,  8,  73427, 6.3e-5
    - 13:   2, 10,  705,   22,  2,    14,  1,    15,  2,     5,  8, 146630, 6.2e-5
    - 14:   2, 10,  709,   44,  1,    15,  1,    32,  1,     5,  8, 558496, 6.2e-5
    # no solution starting from log norm2 = 15

  - 12: # bits
    -ln2:   k,  N,    n, br_l,br_b, ks_l,ks_b, cb_l,cb_b, pp_l,pp_b,  cost, p_error
    - 0 :   2, 10,  733,    4,  9,     7,  2,     2,  9,     2, 15,   7647, 6.3e-5
    - 1 :   2, 10,  720,    4,  9,     7,  2,     2,  9,     3, 12,   8257, 6.2e-5
    - 2 :   2, 10,  698,    6,  7,     7,  2,     2, 10,     3, 12,  10419, 6.1e-5
    - 3 :   2, 10,  716,    4,  9,     7,  2,     3,  7,     3, 12,  11415, 6.2e-5
    - 4 :   2, 10,  714,    5,  8,     7,  2,     3,  7,     3, 12,  13032, 6.3e-5
    - 5 :   2, 10,  707,    7,  6,     7,  2,     3,  8,     3, 12,  16184, 6.0e-5
    - 6 :   2, 10,  712,    6,  7,     7,  2,     4,  6,     3, 12,  18696, 6.0e-5
    - 7 :   2, 10,  705,    8,  5,    14,  1,     4,  6,     3, 12,  22950, 6.2e-5
    - 8 :   2, 10,  714,    8,  5,    14,  1,     5,  5,     3, 12,  28130, 6.3e-5
    - 9 :   2, 10,  703,    8,  5,    14,  1,     7,  4,     3, 12,  37547, 6.2e-5
    - 10:   2, 10,  693,   11,  4,    14,  1,     7,  4,     5,  8,  52056, 5.9e-5
    - 11:   2, 10,  731,   15,  3,    15,  1,     7,  4,     5,  8,  68172, 6.3e-5
    - 12:   2, 10,  746,   15,  3,    16,  1,    10,  3,     5,  8,  96503, 6.3e-5
    - 13:   2, 10,  725,   22,  2,    15,  1,    15,  2,     5,  8, 187600, 6.2e-5
    - 14:   2, 10,  726,   44,  1,    15,  1,    32,  1,     6,  7, 724685, 6.3e-5
    # no solution starting from log norm2 = 15

  - 13: # bits
    -ln2:   k,  N,    n, br_l,br_b, ks_l,ks_b, cb_l,cb_b, pp_l,pp_b,  cost, p_error
    - 0 :   2, 10,  745,    4,  9,     7,  2,     2,  9,     2, 15,   8305, 6.3e-5
    - 1 :   2, 10,  725,    4,  9,     7,  2,     2,  9,     3, 12,   8892, 6.3e-5
    - 2 :   2, 10,  699,    6,  7,     7,  2,     2, 10,     3, 12,  11179, 6.0e-5
    - 3 :   2, 10,  720,    4,  9,     7,  2,     3,  7,     3, 12,  12264, 6.3e-5
    - 4 :   2, 10,  718,    5,  8,     7,  2,     3,  7,     3, 12,  14007, 6.2e-5
    - 5 :   2, 10,  709,    7,  6,     7,  2,     3,  8,     3, 12,  17364, 6.1e-5
    - 6 :   2, 10,  715,    6,  7,     7,  2,     4,  6,     3, 12,  20062, 6.1e-5
    - 7 :   2, 10,  709,    8,  5,    14,  1,     4,  6,     3, 12,  24664, 6.2e-5
    - 8 :   2, 10,  719,    8,  5,    15,  1,     5,  5,     3, 12,  30293, 6.3e-5
    - 9 :   2, 10,  706,    8,  5,    15,  1,     7,  4,     3, 12,  40303, 6.3e-5
    - 10:   2, 10,  694,   11,  4,    14,  1,     7,  4,     5,  8,  55681, 6.2e-5
    - 11:   2, 10,  703,   11,  4,    14,  1,    10,  3,     5,  8,  78314, 6.2e-5
    - 12:   2, 10,  706,   21,  2,    15,  1,    10,  3,     5,  8, 128416, 6.3e-5
    - 13:   2, 10,  742,   22,  2,    16,  1,    15,  2,     5,  8, 204363, 6.3e-5
    - 14:   2, 10,  728,   45,  1,    15,  1,    32,  1,     6,  7, 790946, 6.3e-5
    # no solution starting from log norm2 = 15

  - 14: # bits
    -ln2:   k,  N,    n, br_l,br_b, ks_l,ks_b, cb_l,cb_b, pp_l,pp_b,  cost, p_error
    - 0 :   2, 10,  745,    4,  9,     7,  2,     2,  9,     2, 15,   8305, 6.3e-5
    - 1 :   2, 10,  725,    4,  9,     7,  2,     2,  9,     3, 12,   8892, 6.3e-5
    - 2 :   2, 10,  699,    6,  7,     7,  2,     2, 10,     3, 12,  11179, 6.0e-5
    - 3 :   2, 10,  720,    4,  9,     7,  2,     3,  7,     3, 12,  12264, 6.3e-5
    - 4 :   2, 10,  718,    5,  8,     7,  2,     3,  7,     3, 12,  14007, 6.2e-5
    - 5 :   2, 10,  709,    7,  6,     7,  2,     3,  8,     3, 12,  17364, 6.1e-5
    - 6 :   2, 10,  715,    6,  7,     7,  2,     4,  6,     3, 12,  20062, 6.1e-5
    - 7 :   2, 10,  709,    8,  5,    14,  1,     4,  6,     3, 12,  24664, 6.2e-5
    - 8 :   2, 10,  719,    8,  5,    15,  1,     5,  5,     3, 12,  30293, 6.3e-5
    - 9 :   2, 10,  706,    8,  5,    15,  1,     7,  4,     3, 12,  40303, 6.3e-5
    - 10:   2, 10,  694,   11,  4,    14,  1,     7,  4,     5,  8,  55681, 6.2e-5
    - 11:   2, 10,  703,   11,  4,    14,  1,    10,  3,     5,  8,  78314, 6.2e-5
    - 12:   2, 10,  706,   21,  2,    15,  1,    10,  3,     5,  8, 128416, 6.3e-5
    - 13:   2, 10,  742,   22,  2,    16,  1,    15,  2,     5,  8, 204363, 6.3e-5
    - 14:   2, 10,  728,   45,  1,    15,  1,    32,  1,     6,  7, 790946, 6.3e-5
    # no solution starting from log norm2 = 15

  - 15: # bits
    -ln2:   k,  N,    n, br_l,br_b, ks_l,ks_b, cb_l,cb_b, pp_l,pp_b,  cost, p_error
    - 0 :   2, 10,  745,    4,  9,     7,  2,     2,  9,     2, 15,   8305, 6.3e-5
    - 1 :   2, 10,  725,    4,  9,     7,  2,     2,  9,     3, 12,   8892, 6.3e-5
    - 2 :   2, 10,  699,    6,  7,     7,  2,     2, 10,     3, 12,  11179, 6.0e-5
    - 3 :   2, 10,  720,    4,  9,     7,  2,     3,  7,     3, 12,  12264, 6.3e-5
    - 4 :   2, 10,  718,    5,  8,     7,  2,     3,  7,     3, 12,  14007, 6.2e-5
    - 5 :   2, 10,  709,    7,  6,     7,  2,     3,  8,     3, 12,  17364, 6.1e-5
    - 6 :   2, 10,  715,    6,  7,     7,  2,     4,  6,     3, 12,  20062, 6.1e-5
    - 7 :   2, 10,  709,    8,  5,    14,  1,     4,  6,     3, 12,  24664, 6.2e-5
    - 8 :   2, 10,  719,    8,  5,    15,  1,     5,  5,     3, 12,  30293, 6.3e-5
    - 9 :   2, 10,  706,    8,  5,    15,  1,     7,  4,     3, 12,  40303, 6.3e-5
    - 10:   2, 10,  694,   11,  4,    14,  1,     7,  4,     5,  8,  55681, 6.2e-5
    - 11:   2, 10,  703,   11,  4,    14,  1,    10,  3,     5,  8,  78314, 6.2e-5
    - 12:   2, 10,  706,   21,  2,    15,  1,    10,  3,     5,  8, 128416, 6.3e-5
    - 13:   2, 10,  742,   22,  2,    16,  1,    15,  2,     5,  8, 204363, 6.3e-5
    - 14:   2, 10,  728,   45,  1,    15,  1,    32,  1,     6,  7, 790946, 6.3e-5
    # no solution starting from log norm2 = 15

  - 16: # bits
    -ln2:   k,  N,    n, br_l,br_b, ks_l,ks_b, cb_l,cb_b, pp_l,pp_b,  cost, p_error
    - 0 :   2, 10,  693,    4,  9,     7,  2,     2,  9,     3, 12,   9620, 6.3e-5
    - 1 :   2, 10,  744,    4,  9,     7,  2,     2,  9,     3, 12,  10135, 6.3e-5
    - 2 :   2, 10,  701,    6,  7,     7,  2,     2, 10,     3, 12,  12518, 6.0e-5
    - 3 :   2, 10,  733,    4,  9,     7,  2,     3,  7,     3, 12,  13918, 6.3e-5
    - 4 :   2, 10,  727,    5,  8,     7,  2,     3,  7,     3, 12,  15834, 6.3e-5
    - 5 :   2, 10,  714,    7,  6,     7,  2,     3,  8,     3, 12,  19545, 6.1e-5
    - 6 :   2, 10,  722,    6,  7,     7,  2,     4,  6,     3, 12,  22658, 6.3e-5
    - 7 :   2, 10,  718,    8,  5,    15,  1,     4,  6,     3, 12,  27972, 6.3e-5
    - 8 :   2, 10,  748,    8,  5,    16,  1,     5,  5,     3, 12,  35131, 6.3e-5
    - 9 :   2, 10,  715,    8,  5,    15,  1,     7,  4,     3, 12,  45703, 6.3e-5
    - 10:   2, 10,  698,   11,  4,    14,  1,     7,  4,     5,  8,  62775, 6.1e-5
    - 11:   2, 10,  710,   11,  4,    15,  1,    10,  3,     5,  8,  88683, 6.1e-5
    - 12:   2, 10,  715,   21,  2,    15,  1,    10,  3,     5,  8, 145754, 6.3e-5
    - 13:   2, 10,  707,   22,  2,    14,  1,    16,  2,     5,  8, 234287, 6.3e-5
    # no solution starting from log norm2 = 14
