security level: 192
target p_error: 6.3e-5
per precision and log norm2:

  - 1: # bits
    -ln2:   k,  N,    n, br_l,br_b, ks_l,ks_b, cb_l,cb_b, pp_l,pp_b,  cost, p_error
    - 0 :   3, 10,  845,    2, 15,     5,  2,     1, 10,     1, 26,    232, 6.0e-5
    - 1 :   3, 10,  860,    2, 15,     5,  2,     1, 10,     1, 26,    235, 5.7e-5
    - 2 :   3, 10,  903,    3, 12,     5,  2,     1, 11,     1, 26,    296, 6.2e-5
    - 3 :   3, 10,  860,    3, 12,     5,  2,     1, 12,     2, 18,    357, 6.1e-5
    - 4 :   3, 10,  859,    4,  9,     5,  2,     1, 14,     2, 18,    407, 5.7e-5
    - 5 :   3, 10,  865,    5,  8,     5,  2,     1, 14,     2, 18,    460, 6.2e-5
    - 6 :   3, 10,  887,    7,  6,     6,  2,     1, 15,     2, 18,    577, 6.2e-5
    - 7 :   3, 10,  867,    3, 12,     5,  2,     2,  8,     2, 18,    693, 5.8e-5
    - 8 :   3, 10,  851,    4,  9,     5,  2,     2,  9,     2, 18,    785, 5.7e-5
    - 9 :   3, 10,  904,    4,  9,     6,  2,     2,  9,     2, 18,    821, 6.1e-5
    - 10:   3, 10,  874,    6,  7,     5,  2,     2, 10,     2, 18,   1003, 6.3e-5
    - 11:   3, 10,  927,    4,  9,     6,  2,     3,  7,     2, 18,   1236, 6.3e-5
    - 12:   3, 10,  893,    5,  8,     6,  2,     3,  7,     2, 18,   1364, 6.3e-5
    - 13:   3, 10,  883,    5,  8,     6,  2,     4,  6,     2, 18,   1794, 5.9e-5
    - 14:   3, 10,  851,    7,  6,    11,  1,     4,  6,     2, 18,   2174, 6.2e-5
    - 15:   3, 10,  864,    8,  5,    11,  1,     4,  6,     3, 13,   2689, 6.2e-5
    - 16:   3, 10,  876,    8,  5,    11,  1,     5,  5,     3, 13,   3379, 6.3e-5
    - 17:   3, 10,  869,    8,  5,    11,  1,     7,  4,     3, 13,   4683, 6.1e-5
    - 18:   3, 10,  863,   11,  4,    11,  1,     7,  4,     3, 13,   5723, 6.3e-5
    - 19:   3, 10,  901,   11,  4,    12,  1,    10,  3,     3, 13,   8421, 6.3e-5
    - 20:   3, 10,  860,   22,  2,    11,  1,    10,  3,     3, 13,  13674, 5.9e-5
    - 21:   3, 10,  881,   22,  2,    12,  1,    16,  2,     4, 11,  23452, 6.3e-5
    # no solution starting from log norm2 = 22

  - 2: # bits
    -ln2:   k,  N,    n, br_l,br_b, ks_l,ks_b, cb_l,cb_b, pp_l,pp_b,  cost, p_error
    - 0 :   3, 10,  907,    3, 12,     6,  2,     1, 12,     2, 18,    947, 5.9e-5
    - 1 :   3, 10,  951,    3, 12,     6,  2,     1, 12,     2, 18,    979, 6.0e-5
    - 2 :   3, 10,  924,    2, 15,     6,  2,     2,  7,     1, 26,   1094, 6.2e-5
    - 3 :   3, 10,  990,    5,  8,     6,  2,     1, 14,     2, 18,   1356, 6.3e-5
    - 4 :   3, 10,  909,    3, 12,     6,  2,     2,  8,     2, 18,   1635, 6.2e-5
    - 5 :   3, 10, 1003,    3, 12,     7,  2,     2,  8,     2, 18,   1756, 6.3e-5
    - 6 :   3, 10,  921,    4,  9,     6,  2,     2,  9,     2, 18,   1919, 5.7e-5
    - 7 :   3, 10,  948,    5,  8,     6,  2,     2,  9,     2, 18,   2236, 6.1e-5
    - 8 :   3, 10,  924,    4,  9,     6,  2,     3,  7,     2, 18,   2724, 5.8e-5
    - 9 :   3, 10,  918,    5,  8,     6,  2,     3,  7,     2, 18,   3089, 6.3e-5
    - 10:   3, 10,  992,    6,  7,     7,  2,     3,  7,     2, 18,   3686, 6.3e-5
    - 11:   3, 10,  928,    6,  7,     6,  2,     4,  6,     2, 18,   4514, 6.0e-5
    - 12:   3, 10,  924,    6,  7,    12,  1,     5,  5,     2, 18,   5583, 5.9e-5
    - 13:   3, 10,  928,    7,  6,    12,  1,     5,  5,     3, 13,   6919, 6.1e-5
    - 14:   3, 10,  939,   11,  4,    12,  1,     5,  5,     3, 13,   9396, 6.2e-5
    - 15:   3, 10,  899,   11,  4,    12,  1,     7,  4,     3, 13,  12426, 6.2e-5
    - 16:   3, 10,  930,   14,  3,    12,  1,     7,  4,     3, 13,  15202, 6.1e-5
    - 17:   3, 10,  962,   14,  3,    13,  1,    10,  3,     3, 13,  21913, 6.3e-5
    - 18:   3, 10,  919,   22,  2,    12,  1,    15,  2,     3, 13,  44567, 6.1e-5
    - 19:   3, 10,  962,   45,  1,    13,  1,    16,  2,     4, 11,  94443, 6.2e-5
    # no solution starting from log norm2 = 20

  - 3: # bits
    -ln2:   k,  N,    n, br_l,br_b, ks_l,ks_b, cb_l,cb_b, pp_l,pp_b,  cost, p_error
    - 0 :   3, 10, 1024,    2, 15,    13,  1,     2,  7,     1, 26,   1979, 6.3e-5
    - 1 :   3, 10,  992,    2, 15,     6,  2,     3,  5,     1, 26,   2502, 6.2e-5
    - 2 :   3, 10,  987,    3, 12,     6,  2,     2,  8,     2, 18,   2697, 6.2e-5
    - 3 :   3, 10,  973,    4,  9,     6,  2,     2,  9,     2, 18,   3127, 5.6e-5
    - 4 :   3, 10, 1020,    4,  9,     7,  2,     2,  9,     2, 18,   3254, 6.1e-5
    - 5 :   3, 10,  989,    6,  7,     7,  2,     2, 10,     2, 18,   4109, 6.3e-5
    - 6 :   3, 10,  972,    5,  8,     6,  2,     3,  7,     2, 18,   4993, 5.7e-5
    - 7 :   3, 10, 1010,    5,  8,     7,  2,     3,  7,     2, 18,   5155, 6.0e-5
    - 8 :   3, 10, 1002,    5,  8,     7,  2,     4,  6,     2, 18,   6567, 6.3e-5
    - 9 :   3, 10,  970,    7,  6,    13,  1,     4,  6,     2, 18,   8107, 5.8e-5
    - 10:   3, 10,  982,    8,  5,    13,  1,     4,  6,     3, 13,   9855, 6.2e-5
    - 11:   3, 10,  994,    8,  5,    13,  1,     5,  5,     3, 13,  12119, 6.2e-5
    - 12:   3, 10,  991,    8,  5,    13,  1,     7,  4,     3, 13,  16433, 6.0e-5
    - 13:   3, 10,  984,   11,  4,    13,  1,     7,  4,     3, 13,  20327, 6.1e-5
    - 14:   3, 10, 1023,   11,  4,    14,  1,    10,  3,     3, 13,  29247, 6.3e-5
    - 15:   3, 10,  979,   22,  2,    13,  1,    10,  3,     3, 13,  48443, 6.1e-5
    - 16:   3, 10, 1002,   22,  2,    14,  1,    16,  2,     4, 11,  80823, 6.3e-5
    # no solution starting from log norm2 = 17

  - 4: # bits
    -ln2:   k,  N,    n, br_l,br_b, ks_l,ks_b, cb_l,cb_b, pp_l,pp_b,  cost, p_error
    - 0 :   3, 10, 1021,    5,  8,     7,  2,     1, 14,     2, 18,   4204, 6.1e-5
    - 1 :   3, 10,  973,    3, 12,     6,  2,     2,  8,     2, 18,   5129, 6.2e-5
    - 2 :   3, 10, 1014,    3, 12,    13,  1,     2,  8,     2, 18,   5523, 6.3e-5
    - 3 :   3, 10,  985,    4,  9,     6,  2,     2,  9,     2, 18,   6037, 6.2e-5
    - 4 :   3, 10, 1000,    5,  8,     7,  2,     2,  9,     2, 18,   7017, 6.0e-5
    - 5 :   3, 10,  989,    4,  9,     6,  2,     3,  7,     2, 18,   8566, 6.1e-5
    - 6 :   3, 10,  983,    5,  8,     6,  2,     3,  7,     2, 18,   9739, 6.0e-5
    - 7 :   3, 10, 1024,    6,  7,     7,  2,     3,  7,     2, 18,  11333, 6.2e-5
    - 8 :   3, 10,  987,    6,  7,     7,  2,     4,  6,     2, 18,  14220, 6.2e-5
    - 9 :   3, 10,  979,    6,  7,    13,  1,     5,  5,     2, 18,  17523, 6.3e-5
    - 10:   3, 10,  983,    7,  6,    13,  1,     5,  5,     3, 13,  21638, 6.2e-5
    - 11:   3, 10,  989,   11,  4,    13,  1,     5,  5,     3, 13,  29380, 6.0e-5
    - 12:   3, 10, 1013,   10,  4,    14,  1,     7,  4,     3, 13,  38253, 6.3e-5
    - 13:   3, 10,  984,   14,  3,    13,  1,     7,  4,     3, 13,  47762, 6.2e-5
    - 14:   3, 10, 1005,   14,  3,    14,  1,    10,  3,     3, 13,  68133, 6.3e-5
    - 15:   3, 10, 1014,   21,  2,    14,  1,    15,  2,     3, 13, 140056, 6.3e-5
    - 16:   3, 10, 1017,   44,  1,    14,  1,    16,  2,     4, 11, 292083, 6.2e-5
    # no solution starting from log norm2 = 17

  - 5: # bits
    -ln2:   k,  N,    n, br_l,br_b, ks_l,ks_b, cb_l,cb_b, pp_l,pp_b,  cost, p_error
    - 0 :   3, 10, 1021,    5,  8,     7,  2,     1, 14,     2, 18,   4204, 6.1e-5
    - 1 :   3, 10,  973,    3, 12,     6,  2,     2,  8,     2, 18,   5129, 6.2e-5
    - 2 :   3, 10, 1014,    3, 12,    13,  1,     2,  8,     2, 18,   5523, 6.3e-5
    - 3 :   3, 10,  985,    4,  9,     6,  2,     2,  9,     2, 18,   6037, 6.2e-5
    - 4 :   3, 10, 1000,    5,  8,     7,  2,     2,  9,     2, 18,   7017, 6.0e-5
    - 5 :   3, 10,  989,    4,  9,     6,  2,     3,  7,     2, 18,   8566, 6.1e-5
    - 6 :   3, 10,  983,    5,  8,     6,  2,     3,  7,     2, 18,   9739, 6.0e-5
    - 7 :   3, 10, 1024,    6,  7,     7,  2,     3,  7,     2, 18,  11333, 6.2e-5
    - 8 :   3, 10,  987,    6,  7,     7,  2,     4,  6,     2, 18,  14220, 6.2e-5
    - 9 :   3, 10,  979,    6,  7,    13,  1,     5,  5,     2, 18,  17523, 6.3e-5
    - 10:   3, 10,  983,    7,  6,    13,  1,     5,  5,     3, 13,  21638, 6.2e-5
    - 11:   3, 10,  989,   11,  4,    13,  1,     5,  5,     3, 13,  29380, 6.0e-5
    - 12:   3, 10, 1013,   10,  4,    14,  1,     7,  4,     3, 13,  38253, 6.3e-5
    - 13:   3, 10,  984,   14,  3,    13,  1,     7,  4,     3, 13,  47762, 6.2e-5
    - 14:   3, 10, 1005,   14,  3,    14,  1,    10,  3,     3, 13,  68133, 6.3e-5
    - 15:   3, 10, 1014,   21,  2,    14,  1,    15,  2,     3, 13, 140056, 6.3e-5
    - 16:   3, 10, 1017,   44,  1,    14,  1,    16,  2,     4, 11, 292083, 6.2e-5
    # no solution starting from log norm2 = 17

  - 6: # bits
    -ln2:   k,  N,    n, br_l,br_b, ks_l,ks_b, cb_l,cb_b, pp_l,pp_b,  cost, p_error
    - 0 :   3, 10, 1003,    6,  7,     7,  2,     1, 15,     2, 18,   5651, 6.3e-5
    - 1 :   3, 10,  975,    3, 12,     6,  2,     2,  8,     2, 18,   6099, 6.2e-5
    - 2 :   3, 10,  968,    4,  9,     6,  2,     2,  9,     2, 18,   7091, 6.2e-5
    - 3 :   3, 10,  991,    4,  9,     6,  2,     2,  9,     2, 18,   7211, 6.0e-5
    - 4 :   3, 10, 1012,    5,  8,     7,  2,     2,  9,     2, 18,   8430, 6.1e-5
    - 5 :   3, 10,  989,    4,  9,     7,  2,     3,  7,     2, 18,  10172, 6.2e-5
    - 6 :   3, 10,  983,    5,  8,     7,  2,     3,  7,     2, 18,  11568, 6.0e-5
    - 7 :   3, 10, 1011,    7,  6,     7,  2,     3,  7,     2, 18,  14773, 6.1e-5
    - 8 :   3, 10,  993,    6,  7,     7,  2,     4,  6,     2, 18,  16862, 6.3e-5
    - 9 :   3, 10,  990,    6,  7,    13,  1,     5,  5,     2, 18,  20811, 6.3e-5
    - 10:   3, 10,  997,    7,  6,    13,  1,     5,  5,     3, 13,  25722, 6.1e-5
    - 11:   3, 10, 1003,   11,  4,    14,  1,     5,  5,     3, 13,  35041, 6.3e-5
    - 12:   3, 10,  963,   11,  4,    13,  1,     7,  4,     3, 13,  46203, 5.9e-5
    - 13:   3, 10,  997,   14,  3,    14,  1,     7,  4,     3, 13,  56790, 6.2e-5
    - 14:   3, 10,  997,   15,  3,    14,  1,    10,  3,     3, 13,  83730, 6.1e-5
    - 15:   3, 10,  984,   22,  2,    13,  1,    15,  2,     3, 13, 166108, 6.3e-5
    - 16:   3, 10,  998,   44,  1,    14,  1,    31,  1,     4, 11, 641251, 6.1e-5
    # no solution starting from log norm2 = 17

  - 7: # bits
    -ln2:   k,  N,    n, br_l,br_b, ks_l,ks_b, cb_l,cb_b, pp_l,pp_b,  cost, p_error
    - 0 :   3, 10,  980,    2, 15,     6,  2,     3,  5,     1, 26,   6562, 6.0e-5
    - 1 :   3, 10,  977,    3, 12,     6,  2,     2,  8,     2, 18,   7072, 6.3e-5
    - 2 :   3, 10,  969,    4,  9,     6,  2,     2,  9,     2, 18,   8225, 6.1e-5
    - 3 :   3, 10,  997,    4,  9,     6,  2,     2,  9,     2, 18,   8396, 6.2e-5
    - 4 :   3, 10, 1017,    5,  8,    13,  1,     2,  9,     2, 18,  10104, 6.2e-5
    - 5 :   3, 10,  995,    4,  9,     7,  2,     3,  7,     2, 18,  11793, 6.2e-5
    - 6 :   3, 10,  987,    5,  8,     7,  2,     3,  7,     2, 18,  13403, 6.0e-5
    - 7 :   3, 10,  984,    5,  8,     7,  2,     4,  6,     2, 18,  17171, 6.1e-5
    - 8 :   3, 10, 1001,    6,  7,     7,  2,     4,  6,     2, 18,  19558, 6.1e-5
    - 9 :   3, 10, 1008,    7,  6,     7,  2,     4,  6,     3, 13,  24153, 6.3e-5
    - 10:   3, 10, 1016,    7,  6,    14,  1,     5,  5,     3, 13,  30037, 6.2e-5
    - 11:   3, 10,  969,    8,  5,    13,  1,     7,  4,     3, 13,  42953, 5.8e-5
    - 12:   3, 10,  966,   11,  4,    13,  1,     7,  4,     3, 13,  53215, 6.1e-5
    - 13:   3, 10, 1019,   14,  3,    14,  1,     7,  4,     3, 13,  66444, 6.3e-5
    - 14:   3, 10, 1019,   15,  3,    14,  1,    10,  3,     3, 13,  97824, 6.2e-5
    - 15:   3, 10,  995,   22,  2,    14,  1,    15,  2,     3, 13, 192284, 6.3e-5
    - 16:   3, 10, 1020,   44,  1,    14,  1,    31,  1,     4, 11, 748583, 6.3e-5
    # no solution starting from log norm2 = 17

  - 8: # bits
    -ln2:   k,  N,    n, br_l,br_b, ks_l,ks_b, cb_l,cb_b, pp_l,pp_b,  cost, p_error
    - 0 :   3, 10,  983,    2, 15,     6,  2,     3,  5,     1, 26,   7458, 5.8e-5
    - 1 :   3, 10,  980,    3, 12,     6,  2,     2,  8,     2, 18,   8053, 5.8e-5
    - 2 :   3, 10,  970,    4,  9,     6,  2,     2,  9,     2, 18,   9361, 5.9e-5
    - 3 :   3, 10,  995,    4,  9,     7,  2,     2,  9,     2, 18,   9588, 6.3e-5
    - 4 :   3, 10,  985,    6,  7,     6,  2,     2, 10,     2, 18,  12236, 5.9e-5
    - 5 :   3, 10, 1003,    4,  9,     7,  2,     3,  7,     2, 18,  13446, 6.0e-5
    - 6 :   3, 10,  991,    5,  8,     7,  2,     3,  7,     2, 18,  15248, 6.3e-5
    - 7 :   3, 10,  988,    5,  8,     7,  2,     4,  6,     2, 18,  19500, 6.0e-5
    - 8 :   3, 10, 1011,    6,  7,     7,  2,     4,  6,     2, 18,  22321, 6.1e-5
    - 9 :   3, 10, 1023,    7,  6,     7,  2,     4,  6,     3, 13,  27635, 6.1e-5
    - 10:   3, 10,  975,    8,  5,    13,  1,     5,  5,     3, 13,  35849, 5.9e-5
    - 11:   3, 10,  973,    8,  5,    13,  1,     7,  4,     3, 13,  48652, 6.0e-5
    - 12:   3, 10,  970,   11,  4,    13,  1,     7,  4,     3, 13,  60309, 6.0e-5
    - 13:   3, 10, 1006,   15,  3,    14,  1,     7,  4,     3, 13,  78363, 6.3e-5
    - 14:   3, 10,  991,   21,  2,    14,  1,    10,  3,     3, 13, 141352, 6.2e-5
    - 15:   3, 10, 1011,   22,  2,    14,  1,    15,  2,     3, 13, 219834, 6.3e-5
    - 16:   3, 10, 1021,   44,  1,    14,  1,    32,  1,     4, 11, 870586, 6.3e-5
    # no solution starting from log norm2 = 17

  - 9: # bits
    -ln2:   k,  N,    n, br_l,br_b, ks_l,ks_b, cb_l,cb_b, pp_l,pp_b,  cost, p_error
    - 0 :   2, 11, 1024,    5,  8,    13,  1,     2,  9,     2, 20,  18983, 6.0e-5
    - 1 :   2, 11, 1019,    4,  9,    14,  1,     3,  7,     2, 20,  22793, 6.0e-5
    - 2 :   2, 11, 1018,    5,  8,    14,  1,     3,  7,     2, 20,  26087, 6.1e-5
    - 3 :   2, 11, 1021,    6,  7,    14,  1,     3,  7,     2, 20,  29467, 5.9e-5
    - 4 :   2, 11, 1022,    8,  5,    14,  1,     3,  8,     2, 20,  36137, 5.8e-5
    - 5 :   2, 11, 1021,    7,  6,    14,  1,     4,  6,     2, 20,  41710, 6.0e-5
    - 6 :   2, 11, 1023,    7,  6,    14,  1,     5,  5,     2, 20,  50714, 5.7e-5
    - 7 :   2, 11, 1024,   10,  4,    14,  1,     5,  5,     2, 20,  66144, 5.7e-5
    - 8 :   2, 11, 1024,   10,  4,    14,  1,     7,  4,     2, 20,  89431, 5.6e-5
    - 9 :   2, 11, 1022,   14,  3,    14,  1,     7,  4,     2, 20, 116948, 5.7e-5
    - 10:   2, 11, 1023,   15,  3,    14,  1,    10,  3,     2, 20, 172362, 6.0e-5
    - 11:   2, 11, 1023,   21,  2,    14,  1,    15,  2,     2, 20, 337708, 6.0e-5
    - 12:   2, 11, 1023,   44,  1,    14,  1,    31,  1,     2, 20, 1337647, 5.9e-5
    # no solution starting from log norm2 = 13

  - 10: # bits
    -ln2:   k,  N,    n, br_l,br_b, ks_l,ks_b, cb_l,cb_b, pp_l,pp_b,  cost, p_error
    - 0 :   2, 11, 1020,    5,  8,    14,  1,     2,  9,     2, 20,  21060, 5.7e-5
    - 1 :   2, 11, 1020,    4,  9,    14,  1,     3,  7,     2, 20,  25220, 5.6e-5
    - 2 :   2, 11, 1019,    5,  8,    14,  1,     3,  7,     2, 20,  28873, 5.5e-5
    - 3 :   2, 11, 1022,    6,  7,    14,  1,     3,  7,     2, 20,  32622, 5.7e-5
    - 4 :   2, 11, 1023,    8,  5,    14,  1,     3,  8,     2, 20,  40021, 5.7e-5
    - 5 :   2, 11, 1022,    7,  6,    14,  1,     4,  6,     2, 20,  46128, 5.8e-5
    - 6 :   2, 11, 1024,    7,  6,    14,  1,     5,  5,     2, 20,  56040, 5.7e-5
    - 7 :   2, 11, 1021,   11,  4,    14,  1,     5,  5,     2, 20,  78520, 5.7e-5
    - 8 :   2, 11, 1021,    8,  5,    14,  1,     9,  3,     2, 20, 104770, 6.2e-5
    - 9 :   2, 11, 1023,   14,  3,    14,  1,     7,  4,     2, 20, 129154, 5.5e-5
    - 10:   2, 11, 1024,   15,  3,    14,  1,    10,  3,     2, 20, 190189, 6.0e-5
    - 11:   2, 11, 1024,   21,  2,    14,  1,    15,  2,     2, 20, 372399, 6.0e-5
    - 12:   2, 11, 1024,   44,  1,    14,  1,    31,  1,     2, 20, 1473996, 5.9e-5
    # no solution starting from log norm2 = 13

  - 11: # bits
    -ln2:   k,  N,    n, br_l,br_b, ks_l,ks_b, cb_l,cb_b, pp_l,pp_b,  cost, p_error
    - 0 :   2, 11, 1020,    5,  8,    14,  1,     2,  9,     2, 20,  23116, 6.2e-5
    - 1 :   2, 11, 1020,    4,  9,    14,  1,     3,  7,     2, 20,  27630, 6.0e-5
    - 2 :   2, 11, 1019,    5,  8,    14,  1,     3,  7,     2, 20,  31640, 5.9e-5
    - 3 :   2, 11, 1023,    6,  7,    14,  1,     3,  7,     2, 20,  35783, 5.5e-5
    - 4 :   2, 11, 1024,    8,  5,    14,  1,     3,  8,     2, 20,  43911, 5.6e-5
    - 5 :   2, 11, 1023,    7,  6,    14,  1,     4,  6,     2, 20,  50553, 5.6e-5
    - 6 :   2, 11, 1024,   10,  4,    14,  1,     4,  6,     2, 20,  65983, 6.0e-5
    - 7 :   2, 11, 1021,   11,  4,    14,  1,     5,  5,     2, 20,  85947, 6.2e-5
    - 8 :   2, 11, 1022,    8,  5,    14,  1,     9,  3,     2, 20, 114601, 5.9e-5
    - 9 :   2, 11, 1023,   14,  3,    14,  1,     7,  4,     2, 20, 141258, 6.2e-5
    - 10:   2, 11, 1022,   14,  3,    14,  1,    14,  2,     2, 20, 268963, 6.2e-5
    - 11:   2, 11, 1022,   22,  2,    14,  1,    15,  2,     2, 20, 423039, 5.6e-5
    - 12:   2, 11, 1024,   44,  1,    14,  1,    31,  1,     3, 15, 1644820, 6.3e-5
    # no solution starting from log norm2 = 13

  - 12: # bits
    -ln2:   k,  N,    n, br_l,br_b, ks_l,ks_b, cb_l,cb_b, pp_l,pp_b,  cost, p_error
    - 0 :   2, 11, 1020,    5,  8,    14,  1,     2,  9,     2, 20,  23116, 6.2e-5
    - 1 :   2, 11, 1020,    4,  9,    14,  1,     3,  7,     2, 20,  27630, 6.0e-5
    - 2 :   2, 11, 1019,    5,  8,    14,  1,     3,  7,     2, 20,  31640, 5.9e-5
    - 3 :   2, 11, 1023,    6,  7,    14,  1,     3,  7,     2, 20,  35783, 5.5e-5
    - 4 :   2, 11, 1024,    8,  5,    14,  1,     3,  8,     2, 20,  43911, 5.6e-5
    - 5 :   2, 11, 1023,    7,  6,    14,  1,     4,  6,     2, 20,  50553, 5.6e-5
    - 6 :   2, 11, 1024,   10,  4,    14,  1,     4,  6,     2, 20,  65983, 6.0e-5
    - 7 :   2, 11, 1021,   11,  4,    14,  1,     5,  5,     2, 20,  85947, 6.2e-5
    - 8 :   2, 11, 1022,    8,  5,    14,  1,     9,  3,     2, 20, 114601, 5.9e-5
    - 9 :   2, 11, 1023,   14,  3,    14,  1,     7,  4,     2, 20, 141258, 6.2e-5
    - 10:   2, 11, 1022,   14,  3,    14,  1,    14,  2,     2, 20, 268963, 6.2e-5
    - 11:   2, 11, 1022,   22,  2,    14,  1,    15,  2,     2, 20, 423039, 5.6e-5
    - 12:   2, 11, 1024,   44,  1,    14,  1,    31,  1,     3, 15, 1644820, 6.3e-5
    # no solution starting from log norm2 = 13

  - 13: # bits
    -ln2:   k,  N,    n, br_l,br_b, ks_l,ks_b, cb_l,cb_b, pp_l,pp_b,  cost, p_error
    - 0 :   2, 11, 1022,    5,  8,    14,  1,     2,  9,     2, 20,  30873, 6.3e-5
    - 1 :   2, 11, 1022,    4,  9,    14,  1,     3,  7,     2, 20,  36898, 6.1e-5
    - 2 :   2, 11, 1021,    5,  8,    14,  1,     3,  7,     2, 20,  42255, 5.6e-5
    - 3 :   2, 11, 1021,    7,  6,    14,  1,     3,  7,     2, 20,  53023, 5.6e-5
    - 4 :   2, 11, 1023,    6,  7,    14,  1,     4,  6,     2, 20,  60576, 6.0e-5
    - 5 :   2, 11, 1019,    8,  5,    14,  1,     4,  6,     2, 20,  74000, 6.1e-5
    - 6 :   2, 11, 1020,    8,  5,    14,  1,     5,  5,     2, 20,  89762, 6.2e-5
    - 7 :   2, 11, 1024,   11,  4,    14,  1,     5,  5,     2, 20, 114893, 5.9e-5
    - 8 :   2, 11, 1021,   11,  4,    14,  1,     7,  4,     2, 20, 154644, 6.2e-5
    - 9 :   2, 11, 1023,   14,  3,    14,  1,     9,  3,     2, 20, 237092, 5.5e-5
    - 10:   2, 11, 1022,   21,  2,    14,  1,    10,  3,     2, 20, 369384, 6.3e-5
    - 11:   2, 11, 1024,   22,  2,    14,  1,    15,  2,     2, 20, 565080, 6.2e-5
    # no solution starting from log norm2 = 12

  - 14: # bits
    -ln2:   k,  N,    n, br_l,br_b, ks_l,ks_b, cb_l,cb_b, pp_l,pp_b,  cost, p_error
    - 0 :   2, 11, 1022,    5,  8,    14,  1,     2,  9,     2, 20,  30873, 6.3e-5
    - 1 :   2, 11, 1022,    4,  9,    14,  1,     3,  7,     2, 20,  36898, 6.1e-5
    - 2 :   2, 11, 1021,    5,  8,    14,  1,     3,  7,     2, 20,  42255, 5.6e-5
    - 3 :   2, 11, 1021,    7,  6,    14,  1,     3,  7,     2, 20,  53023, 5.6e-5
    - 4 :   2, 11, 1023,    6,  7,    14,  1,     4,  6,     2, 20,  60576, 6.0e-5
    - 5 :   2, 11, 1019,    8,  5,    14,  1,     4,  6,     2, 20,  74000, 6.1e-5
    - 6 :   2, 11, 1020,    8,  5,    14,  1,     5,  5,     2, 20,  89762, 6.2e-5
    - 7 :   2, 11, 1024,   11,  4,    14,  1,     5,  5,     2, 20, 114893, 5.9e-5
    - 8 :   2, 11, 1021,   11,  4,    14,  1,     7,  4,     2, 20, 154644, 6.2e-5
    - 9 :   2, 11, 1023,   14,  3,    14,  1,     9,  3,     2, 20, 237092, 5.5e-5
    - 10:   2, 11, 1022,   21,  2,    14,  1,    10,  3,     2, 20, 369384, 6.3e-5
    - 11:   2, 11, 1024,   22,  2,    14,  1,    15,  2,     2, 20, 565080, 6.2e-5
    # no solution starting from log norm2 = 12

  - 15: # bits
    -ln2:   k,  N,    n, br_l,br_b, ks_l,ks_b, cb_l,cb_b, pp_l,pp_b,  cost, p_error
    - 0 :   2, 11, 1022,    5,  8,    14,  1,     2,  9,     2, 20,  30873, 6.3e-5
    - 1 :   2, 11, 1022,    4,  9,    14,  1,     3,  7,     2, 20,  36898, 6.1e-5
    - 2 :   2, 11, 1021,    5,  8,    14,  1,     3,  7,     2, 20,  42255, 5.6e-5
    - 3 :   2, 11, 1021,    7,  6,    14,  1,     3,  7,     2, 20,  53023, 5.6e-5
    - 4 :   2, 11, 1023,    6,  7,    14,  1,     4,  6,     2, 20,  60576, 6.0e-5
    - 5 :   2, 11, 1019,    8,  5,    14,  1,     4,  6,     2, 20,  74000, 6.1e-5
    - 6 :   2, 11, 1020,    8,  5,    14,  1,     5,  5,     2, 20,  89762, 6.2e-5
    - 7 :   2, 11, 1024,   11,  4,    14,  1,     5,  5,     2, 20, 114893, 5.9e-5
    - 8 :   2, 11, 1021,   11,  4,    14,  1,     7,  4,     2, 20, 154644, 6.2e-5
    - 9 :   2, 11, 1023,   14,  3,    14,  1,     9,  3,     2, 20, 237092, 5.5e-5
    - 10:   2, 11, 1022,   21,  2,    14,  1,    10,  3,     2, 20, 369384, 6.3e-5
    - 11:   2, 11, 1024,   22,  2,    14,  1,    15,  2,     2, 20, 565080, 6.2e-5
    # no solution starting from log norm2 = 12

  - 16: # bits
    -ln2:   k,  N,    n, br_l,br_b, ks_l,ks_b, cb_l,cb_b, pp_l,pp_b,  cost, p_error
    - 0 :   2, 11, 1024,    5,  8,    14,  1,     2,  9,     2, 20,  34537, 5.6e-5
    - 1 :   2, 11, 1023,    4,  9,    14,  1,     3,  7,     2, 20,  41340, 6.2e-5
    - 2 :   2, 11, 1022,    5,  8,    14,  1,     3,  7,     2, 20,  47328, 5.5e-5
    - 3 :   2, 11, 1022,    7,  6,    14,  1,     3,  7,     2, 20,  59364, 5.5e-5
    - 4 :   2, 11, 1024,    6,  7,    14,  1,     4,  6,     2, 20,  67913, 6.2e-5
    - 5 :   2, 11, 1020,    8,  5,    14,  1,     4,  6,     2, 20,  82943, 5.8e-5
    - 6 :   2, 11, 1021,    8,  5,    14,  1,     5,  5,     2, 20, 100692, 6.0e-5
    - 7 :   2, 11, 1022,    8,  5,    14,  1,     7,  4,     2, 20, 136165, 6.1e-5
    - 8 :   2, 11, 1022,   11,  4,    14,  1,     7,  4,     2, 20, 173622, 6.2e-5
    - 9 :   2, 11, 1024,   14,  3,    14,  1,     9,  3,     2, 20, 266331, 5.6e-5
    - 10:   2, 11, 1024,   21,  2,    14,  1,    10,  3,     2, 20, 415364, 5.6e-5
    - 11:   2, 11, 1022,   43,  1,    14,  1,    15,  2,     2, 20, 1167439, 5.6e-5
    # no solution starting from log norm2 = 12
