security level: 256
target p_error: 6.3e-5
per precision and log norm2:

  - 1: # bits
    -ln2:   k,  N,    n, br_l,br_b, ks_l,ks_b, cb_l,cb_b,  cost, p_error
    - 0 :   3, 10, 1117,    3, 10,     5,  2,     1, 10,    493, 5.9e-5
    - 1 :   3, 10, 1150,    3, 10,     5,  2,     1, 10,    501, 6.0e-5
    - 2 :   3, 10, 1158,    4,  8,     5,  2,     1, 11,    643, 6.3e-5
    - 3 :   2, 11, 1253,    3, 12,     4,  3,     1, 12,    746, 6.2e-5
    - 4 :   2, 11, 1184,    4,  9,     5,  2,     1, 13,    930, 6.2e-5
    - 5 :   3, 10, 1140,    4,  8,     5,  2,     2,  7,   1242, 5.9e-5
    - 6 :   2, 11, 1148,    3, 12,     5,  2,     2,  8,   1388, 5.9e-5
    - 7 :   4, 10, 1180,    3, 12,     6,  2,     2,  8,   1696, 6.2e-5
    - 8 :   2, 11, 1168,    4,  9,     6,  2,     2,  9,   1809, 6.0e-5
    - 9 :   2, 11, 1187,    5,  8,     6,  2,     2,  9,   2226, 6.3e-5
    - 10:   2, 11, 1198,    4,  9,     6,  2,     3,  7,   2725, 6.2e-5
    - 11:   2, 11, 1176,    5,  8,     6,  2,     3,  7,   3295, 6.3e-5
    - 12:   2, 11, 1196,    5,  8,     6,  2,     4,  6,   4416, 6.2e-5
    - 13:   2, 11, 1119,    7,  6,    11,  1,     4,  6,   5855, 6.3e-5
    - 14:   2, 11, 1135,    8,  5,    11,  1,     4,  6,   6683, 6.3e-5
    - 15:   2, 11, 1146,    8,  5,    11,  1,     5,  5,   8373, 6.2e-5
    - 16:   2, 11, 1201,   11,  4,    12,  1,     5,  5,  11624, 6.3e-5
    - 17:   2, 11, 1171,   11,  4,    12,  1,     7,  4,  16007, 6.2e-5
    - 18:   4, 10, 1143,   14,  3,    11,  1,     7,  4,  24967, 6.3e-5
    - 19:   4, 10, 1164,   14,  3,    12,  1,    10,  3,  35877, 6.2e-5
    - 20:   4, 10, 1217,   22,  2,    12,  1,    10,  3,  56901, 6.3e-5
    - 21:   4, 10, 1174,   44,  1,    12,  1,    16,  2, 178375, 6.3e-5
    # no solution starting from log norm2 = 22

  - 2: # bits
    -ln2:   k,  N,    n, br_l,br_b, ks_l,ks_b, cb_l,cb_b,  cost, p_error
    - 0 :   2, 11, 1224,    3, 12,     6,  2,     1, 12,   1918, 5.8e-5
    - 1 :   3, 10, 1201,    3, 10,     6,  2,     2,  7,   2263, 6.1e-5
    - 2 :   2, 11, 1365,    2, 15,     7,  2,     2,  7,   2598, 6.3e-5
    - 3 :   3, 10, 1299,    4,  8,     6,  2,     2,  7,   3046, 6.3e-5
    - 4 :   2, 11, 1252,    3, 12,     6,  2,     2,  8,   3361, 6.1e-5
    - 5 :   2, 11, 1215,    4,  9,     6,  2,     2,  9,   4214, 5.9e-5
    - 6 :   2, 11, 1332,    3, 12,     7,  2,     3,  6,   4990, 6.3e-5
    - 7 :   2, 11, 1223,    4,  9,     6,  2,     3,  7,   6033, 5.8e-5
    - 8 :   2, 11, 1218,    5,  8,     6,  2,     3,  7,   7343, 5.7e-5
    - 9 :   2, 11, 1235,    6,  7,     6,  2,     3,  7,   8741, 6.1e-5
    - 10:   2, 11, 1209,    6,  7,    12,  1,     4,  6,  11342, 6.2e-5
    - 11:   2, 11, 1222,    7,  6,    12,  1,     4,  6,  13149, 6.3e-5
    - 12:   2, 11, 1244,    7,  6,    13,  1,     5,  5,  16359, 6.2e-5
    - 13:   4, 10, 1240,    8,  5,    12,  1,     5,  5,  22298, 6.1e-5
    - 14:   4, 10, 1245,    8,  5,    13,  1,     7,  4,  30859, 6.3e-5
    - 15:   4, 10, 1225,   11,  4,    12,  1,     7,  4,  41661, 6.2e-5
    - 16:   4, 10, 1271,   11,  4,    13,  1,    10,  3,  59849, 6.2e-5
    - 17:   4, 10, 1232,   14,  3,    13,  1,    15,  2, 111308, 6.2e-5
    - 18:   4, 10, 1302,   22,  2,    14,  1,    15,  2, 177473, 6.3e-5
    # no solution starting from log norm2 = 19

  - 3: # bits
    -ln2:   k,  N,    n, br_l,br_b, ks_l,ks_b, cb_l,cb_b,  cost, p_error
    - 0 :   3, 10, 1300,    4,  8,     6,  2,     2,  7,   4751, 6.1e-5
    - 1 :   2, 11, 1293,    3, 12,     6,  2,     2,  8,   5367, 6.2e-5
    - 2 :   4, 10, 1337,    3, 12,     7,  2,     2,  8,   6184, 6.3e-5
    - 3 :   2, 11, 1307,    4,  9,     7,  2,     2,  9,   6932, 6.1e-5
    - 4 :   2, 11, 1318,    5,  8,     7,  2,     2,  9,   8474, 6.1e-5
    - 5 :   2, 11, 1328,    4,  9,     7,  2,     3,  7,   9840, 6.2e-5
    - 6 :   2, 11, 1313,    5,  8,     7,  2,     3,  7,  11902, 6.3e-5
    - 7 :   2, 11, 1378,    6,  7,     7,  2,     3,  7,  14474, 6.3e-5
    - 8 :   2, 11, 1359,    6,  7,     7,  2,     4,  6,  18512, 6.2e-5
    - 9 :   2, 11, 1278,    8,  5,    13,  1,     4,  6,  23451, 5.9e-5
    - 10:   2, 11, 1286,    8,  5,    13,  1,     5,  5,  28829, 6.1e-5
    - 11:   2, 11, 1315,   11,  4,    14,  1,     5,  5,  39466, 6.3e-5
    - 12:   2, 11, 1367,    8,  5,    14,  1,     9,  3,  51861, 6.3e-5
    - 13:   4, 10, 1303,   14,  3,    14,  1,     7,  4,  81880, 6.3e-5
    - 14:   4, 10, 1330,   14,  3,    14,  1,    10,  3, 116507, 6.2e-5
    - 15:   2, 11, 1351,   22,  2,    14,  1,    15,  2, 222773, 6.3e-5
    - 16:   4, 10, 1345,   44,  1,    14,  1,    16,  2, 573285, 6.3e-5
    # no solution starting from log norm2 = 17

  - 4: # bits
    -ln2:   k,  N,    n, br_l,br_b, ks_l,ks_b, cb_l,cb_b,  cost, p_error
    - 0 :   3, 10, 1352,    4,  8,     7,  2,     2,  7,   9418, 6.3e-5
    - 1 :   2, 11, 1310,    3, 12,     7,  2,     2,  8,  10454, 6.2e-5
    - 2 :   2, 11, 1292,    4,  9,     6,  2,     2,  9,  13153, 6.0e-5
    - 3 :   2, 11, 1339,    3, 12,     7,  2,     3,  6,  15022, 6.2e-5
    - 4 :   2, 11, 1299,    4,  9,     6,  2,     3,  7,  18794, 6.3e-5
    - 5 :   2, 11, 1294,    5,  8,     6,  2,     3,  7,  22865, 6.3e-5
    - 6 :   2, 11, 1300,    6,  7,     7,  2,     3,  7,  27120, 6.3e-5
    - 7 :   2, 11, 1386,    7,  6,     7,  2,     3,  7,  32514, 6.3e-5
    - 8 :   2, 11, 1285,    7,  6,    13,  1,     4,  6,  40710, 6.1e-5
    - 9 :   2, 11, 1344,    8,  5,    14,  1,     4,  6,  47395, 6.2e-5
    - 10:   2, 11, 1363,    9,  5,    14,  1,     5,  5,  65575, 6.3e-5
    - 11:   4, 10, 1323,    8,  5,    14,  1,     7,  4,  95070, 6.1e-5
    - 12:   4, 10, 1305,   11,  4,    13,  1,     7,  4, 128378, 6.1e-5
    - 13:   4, 10, 1408,   15,  3,    15,  1,     7,  4, 179495, 6.3e-5
    - 14:   4, 10, 1310,   14,  3,    14,  1,    15,  2, 342359, 6.3e-5
    - 15:   4, 10, 1363,   22,  2,    15,  1,    15,  2, 542580, 6.3e-5
    # no solution starting from log norm2 = 16

  - 5: # bits
    -ln2:   k,  N,    n, br_l,br_b, ks_l,ks_b, cb_l,cb_b,  cost, p_error
    - 0 :   3, 10, 1352,    4,  8,     7,  2,     2,  7,   9418, 6.3e-5
    - 1 :   2, 11, 1310,    3, 12,     7,  2,     2,  8,  10454, 6.2e-5
    - 2 :   2, 11, 1292,    4,  9,     6,  2,     2,  9,  13153, 6.0e-5
    - 3 :   2, 11, 1339,    3, 12,     7,  2,     3,  6,  15022, 6.2e-5
    - 4 :   2, 11, 1299,    4,  9,     6,  2,     3,  7,  18794, 6.3e-5
    - 5 :   2, 11, 1294,    5,  8,     6,  2,     3,  7,  22865, 6.3e-5
    - 6 :   2, 11, 1300,    6,  7,     7,  2,     3,  7,  27120, 6.3e-5
    - 7 :   2, 11, 1386,    7,  6,     7,  2,     3,  7,  32514, 6.3e-5
    - 8 :   2, 11, 1285,    7,  6,    13,  1,     4,  6,  40710, 6.1e-5
    - 9 :   2, 11, 1344,    8,  5,    14,  1,     4,  6,  47395, 6.2e-5
    - 10:   2, 11, 1363,    9,  5,    14,  1,     5,  5,  65575, 6.3e-5
    - 11:   4, 10, 1323,    8,  5,    14,  1,     7,  4,  95070, 6.1e-5
    - 12:   4, 10, 1305,   11,  4,    13,  1,     7,  4, 128378, 6.1e-5
    - 13:   4, 10, 1408,   15,  3,    15,  1,     7,  4, 179495, 6.3e-5
    - 14:   4, 10, 1310,   14,  3,    14,  1,    15,  2, 342359, 6.3e-5
    - 15:   4, 10, 1363,   22,  2,    15,  1,    15,  2, 542580, 6.3e-5
    # no solution starting from log norm2 = 16

  - 6: # bits
    -ln2:   k,  N,    n, br_l,br_b, ks_l,ks_b, cb_l,cb_b,  cost, p_error
    - 0 :   3, 10, 1311,    3, 10,     7,  2,     3,  5,  12089, 6.2e-5
    - 1 :   2, 11, 1321,    3, 12,     7,  2,     2,  8,  12485, 6.1e-5
    - 2 :   2, 11, 1296,    4,  9,     6,  2,     2,  9,  15649, 5.8e-5
    - 3 :   2, 11, 1378,    3, 12,     7,  2,     3,  6,  18090, 6.3e-5
    - 4 :   2, 11, 1297,    4,  9,     7,  2,     3,  7,  22249, 6.1e-5
    - 5 :   2, 11, 1292,    5,  8,     7,  2,     3,  7,  27050, 6.2e-5
    - 6 :   2, 11, 1307,    6,  7,     7,  2,     3,  7,  32136, 6.1e-5
    - 7 :   2, 11, 1282,    6,  7,    13,  1,     4,  6,  41573, 6.3e-5
    - 8 :   2, 11, 1294,    7,  6,    13,  1,     4,  6,  48139, 6.3e-5
    - 9 :   2, 11, 1313,    7,  6,    14,  1,     5,  5,  59650, 6.3e-5
    - 10:   4, 10, 1335,    8,  5,    14,  1,     5,  5,  81188, 6.3e-5
    - 11:   4, 10, 1355,    8,  5,    14,  1,     7,  4, 112539, 6.3e-5
    - 12:   4, 10, 1317,   11,  4,    14,  1,     7,  4, 151031, 6.2e-5
    - 13:   2, 11, 1343,   14,  3,    14,  1,    10,  3, 224438, 6.3e-5
    - 14:   4, 10, 1329,   14,  3,    14,  1,    15,  2, 402561, 6.1e-5
    - 15:   4, 10, 1376,   22,  2,    15,  1,    16,  2, 678464, 6.3e-5
    # no solution starting from log norm2 = 16

  - 7: # bits
    -ln2:   k,  N,    n, br_l,br_b, ks_l,ks_b, cb_l,cb_b,  cost, p_error
    - 0 :   3, 10, 1323,    3, 10,     7,  2,     3,  5,  14019, 6.2e-5
    - 1 :   2, 11, 1335,    3, 12,     7,  2,     2,  8,  14562, 6.1e-5
    - 2 :   2, 11, 1299,    4,  9,     6,  2,     2,  9,  18147, 6.3e-5
    - 3 :   2, 11, 1298,    5,  8,     7,  2,     2,  9,  22151, 6.0e-5
    - 4 :   2, 11, 1302,    4,  9,     7,  2,     3,  7,  25726, 5.9e-5
    - 5 :   2, 11, 1296,    5,  8,     7,  2,     3,  7,  31258, 5.9e-5
    - 6 :   2, 11, 1315,    6,  7,     7,  2,     3,  7,  37204, 6.0e-5
    - 7 :   2, 11, 1310,    6,  7,     7,  2,     4,  6,  47990, 6.3e-5
    - 8 :   2, 11, 1306,    7,  6,    13,  1,     4,  6,  55710, 6.2e-5
    - 9 :   2, 11, 1338,    7,  6,    14,  1,     5,  5,  69350, 6.2e-5
    - 10:   4, 10, 1381,    8,  5,    15,  1,     5,  5,  94706, 6.3e-5
    - 11:   2, 11, 1335,   10,  4,    14,  1,     7,  4, 132265, 6.2e-5
    - 12:   4, 10, 1337,   11,  4,    14,  1,     7,  4, 174254, 6.2e-5
    - 13:   2, 11, 1356,   15,  3,    14,  1,    10,  3, 276511, 6.3e-5
    - 14:   4, 10, 1363,   14,  3,    14,  1,    15,  2, 465630, 6.3e-5
    - 15:   4, 10, 1382,   43,  1,    15,  1,    15,  2, 1416849, 6.3e-5
    # no solution starting from log norm2 = 16

  - 8: # bits
    -ln2:   k,  N,    n, br_l,br_b, ks_l,ks_b, cb_l,cb_b,  cost, p_error
    - 0 :   3, 10, 1340,    3, 10,     7,  2,     3,  5,  16009, 6.2e-5
    - 1 :   2, 11, 1355,    3, 12,     7,  2,     2,  8,  16720, 6.3e-5
    - 2 :   2, 11, 1304,    4,  9,     6,  2,     2,  9,  20674, 6.0e-5
    - 3 :   2, 11, 1302,    5,  8,     7,  2,     2,  9,  25219, 6.2e-5
    - 4 :   2, 11, 1307,    4,  9,     7,  2,     3,  7,  29220, 6.1e-5
    - 5 :   2, 11, 1300,    5,  8,     7,  2,     3,  7,  35482, 5.8e-5
    - 6 :   2, 11, 1324,    6,  7,     7,  2,     3,  7,  42331, 6.2e-5
    - 7 :   2, 11, 1318,    6,  7,     7,  2,     4,  6,  54487, 6.3e-5
    - 8 :   2, 11, 1341,    7,  6,     7,  2,     4,  6,  63483, 6.3e-5
    - 9 :   2, 11, 1275,    8,  5,    13,  1,     5,  5,  86045, 5.8e-5
    - 10:   2, 11, 1345,   10,  4,    14,  1,     5,  5, 109666, 6.2e-5
    - 11:   2, 11, 1304,    8,  5,    14,  1,     9,  3, 151284, 6.3e-5
    - 12:   4, 10, 1379,   11,  4,    15,  1,     7,  4, 199278, 6.3e-5
    - 13:   4, 10, 1301,   14,  3,    14,  1,    10,  3, 346299, 6.2e-5
    - 14:   4, 10, 1319,   22,  2,    14,  1,    10,  3, 542681, 6.3e-5
    - 15:   4, 10, 1342,   44,  1,    14,  1,    15,  2, 1612729, 6.2e-5
    # no solution starting from log norm2 = 16

  - 9: # bits
    -ln2:   k,  N,    n, br_l,br_b, ks_l,ks_b, cb_l,cb_b,  cost, p_error
    - 0 :   2, 11, 1394,    4,  9,     7,  2,     2,  9,  24330, 6.3e-5
    - 1 :   2, 11, 1407,    5,  8,     7,  2,     2,  9,  29745, 6.3e-5
    - 2 :   2, 11, 1427,    4,  9,     7,  2,     3,  7,  34589, 6.3e-5
    - 3 :   2, 11, 1403,    5,  8,     7,  2,     3,  7,  41645, 6.2e-5
    - 4 :   2, 11, 1426,    5,  8,     7,  2,     4,  6,  54165, 6.2e-5
    - 5 :   2, 11, 1450,    6,  7,    16,  1,     4,  6,  65605, 6.3e-5
    - 6 :   2, 11, 1363,    8,  5,    14,  1,     4,  6,  81783, 6.2e-5
    - 7 :   2, 11, 1373,    8,  5,    14,  1,     5,  5, 100462, 6.2e-5
    - 8 :   2, 11, 1407,   11,  4,    15,  1,     5,  5, 137660, 6.2e-5
    - 9 :   2, 11, 1395,   11,  4,    15,  1,     7,  4, 187005, 6.2e-5
    - 10:   2, 11, 1381,   14,  3,    15,  1,     9,  3, 296899, 6.3e-5
    - 11:   2, 11, 1437,   14,  3,    16,  1,    14,  2, 464843, 6.3e-5
    - 12:   2, 11, 1375,   43,  1,    15,  1,    15,  2, 1452118, 6.2e-5
    # no solution starting from log norm2 = 13

  - 10: # bits
    -ln2:   k,  N,    n, br_l,br_b, ks_l,ks_b, cb_l,cb_b,  cost, p_error
    - 0 :   2, 11, 1402,    4,  9,     7,  2,     2,  9,  27046, 6.1e-5
    - 1 :   2, 11, 1419,    5,  8,     7,  2,     2,  9,  33126, 6.2e-5
    - 2 :   2, 11, 1442,    4,  9,     8,  2,     3,  7,  38621, 6.3e-5
    - 3 :   2, 11, 1413,    5,  8,     7,  2,     3,  7,  46239, 6.3e-5
    - 4 :   2, 11, 1440,    5,  8,     8,  2,     4,  6,  60303, 6.3e-5
    - 5 :   2, 11, 1371,    7,  6,     7,  2,     4,  6,  79291, 6.2e-5
    - 6 :   2, 11, 1368,    8,  5,    14,  1,     4,  6,  90484, 6.0e-5
    - 7 :   2, 11, 1380,    8,  5,    14,  1,     5,  5, 111176, 6.2e-5
    - 8 :   2, 11, 1401,    8,  5,    15,  1,     7,  4, 153093, 6.2e-5
    - 9 :   2, 11, 1411,   11,  4,    15,  1,     7,  4, 207571, 6.2e-5
    - 10:   2, 11, 1390,   14,  3,    15,  1,     9,  3, 328392, 6.3e-5
    - 11:   2, 11, 1394,   14,  3,    15,  1,    15,  2, 537387, 6.3e-5
    - 12:   2, 11, 1382,   43,  1,    15,  1,    15,  2, 1603588, 6.3e-5
    # no solution starting from log norm2 = 13

  - 11: # bits
    -ln2:   k,  N,    n, br_l,br_b, ks_l,ks_b, cb_l,cb_b,  cost, p_error
    - 0 :   2, 11, 1410,    4,  9,     7,  2,     2,  9,  29783, 6.3e-5
    - 1 :   2, 11, 1435,    5,  8,     7,  2,     2,  9,  36614, 6.3e-5
    - 2 :   2, 11, 1488,    4,  9,     8,  2,     3,  7,  43206, 6.3e-5
    - 3 :   2, 11, 1427,    5,  8,     7,  2,     3,  7,  50969, 6.3e-5
    - 4 :   2, 11, 1448,    5,  8,    15,  1,     4,  6,  67175, 6.3e-5
    - 5 :   2, 11, 1373,    7,  6,     7,  2,     4,  6,  86836, 6.2e-5
    - 6 :   2, 11, 1373,    8,  5,    14,  1,     4,  6,  99226, 6.0e-5
    - 7 :   2, 11, 1388,    8,  5,    14,  1,     5,  5, 122012, 6.3e-5
    - 8 :   2, 11, 1419,    8,  5,    15,  1,     7,  4, 168626, 6.2e-5
    - 9 :   2, 11, 1438,   11,  4,    15,  1,     7,  4, 229482, 6.3e-5
    - 10:   2, 11, 1402,   14,  3,    15,  1,     9,  3, 360583, 6.2e-5
    - 11:   2, 11, 1408,   14,  3,    15,  1,    15,  2, 590196, 6.2e-5
    - 12:   2, 11, 1391,   43,  1,    15,  1,    15,  2, 1757381, 6.2e-5
    # no solution starting from log norm2 = 13

  - 12: # bits
    -ln2:   k,  N,    n, br_l,br_b, ks_l,ks_b, cb_l,cb_b,  cost, p_error
    - 0 :   2, 11, 1446,    4,  9,     8,  2,     2,  9,  37903, 6.3e-5
    - 1 :   2, 11, 1370,    4,  9,     7,  2,     3,  7,  50792, 5.9e-5
    - 2 :   2, 11, 1367,    5,  8,     7,  2,     3,  7,  61769, 5.8e-5
    - 3 :   2, 11, 1431,    4,  9,     8,  2,     4,  5,  67274, 6.2e-5
    - 4 :   2, 11, 1418,    7,  6,     7,  2,     3,  7,  85868, 6.3e-5
    - 5 :   2, 11, 1380,    7,  6,     7,  2,     4,  6, 108657, 6.0e-5
    - 6 :   2, 11, 1389,    8,  5,    15,  1,     4,  6, 124836, 6.1e-5
    - 7 :   2, 11, 1421,    8,  5,    15,  1,     5,  5, 154664, 6.3e-5
    - 8 :   2, 11, 1439,    9,  5,    15,  1,     7,  4, 237095, 6.3e-5
    - 9 :   2, 11, 1401,   10,  4,    15,  1,     9,  3, 326314, 6.3e-5
    - 10:   2, 11, 1446,   15,  3,    16,  1,     9,  3, 490399, 6.3e-5
    - 11:   2, 11, 1418,   22,  2,    15,  1,    10,  3, 776946, 6.3e-5
    - 12:   2, 11, 1439,   43,  1,    16,  1,    15,  2, 2239255, 6.3e-5
    # no solution starting from log norm2 = 13

  - 13: # bits
    -ln2:   k,  N,    n, br_l,br_b, ks_l,ks_b, cb_l,cb_b,  cost, p_error
    - 0 :   2, 11, 1476,    4,  9,     8,  2,     2,  9,  41181, 6.3e-5
    - 1 :   2, 11, 1371,    4,  9,     7,  2,     3,  7,  54361, 6.0e-5
    - 2 :   2, 11, 1368,    5,  8,     7,  2,     3,  7,  66106, 5.8e-5
    - 3 :   2, 11, 1445,    4,  9,     8,  2,     4,  5,  72385, 6.3e-5
    - 4 :   2, 11, 1424,    7,  6,     8,  2,     3,  7,  92284, 6.3e-5
    - 5 :   2, 11, 1382,    7,  6,     7,  2,     4,  6, 116262, 6.2e-5
    - 6 :   2, 11, 1396,    8,  5,    15,  1,     4,  6, 133873, 6.3e-5
    - 7 :   2, 11, 1448,    8,  5,    15,  1,     5,  5, 167244, 6.3e-5
    - 8 :   2, 11, 1371,   10,  4,    14,  1,     7,  4, 271373, 6.1e-5
    - 9 :   2, 11, 1413,   10,  4,    15,  1,     9,  3, 350229, 6.3e-5
    - 10:   2, 11, 1381,   14,  3,    15,  1,    10,  3, 526745, 6.1e-5
    - 11:   2, 11, 1441,   22,  2,    16,  1,    10,  3, 837658, 6.3e-5
    - 12:   2, 11, 1419,   44,  1,    15,  1,    15,  2, 2424882, 6.3e-5
    # no solution starting from log norm2 = 13

  - 14: # bits
    -ln2:   k,  N,    n, br_l,br_b, ks_l,ks_b, cb_l,cb_b,  cost, p_error
    - 0 :   2, 11, 1476,    4,  9,     8,  2,     2,  9,  41181, 6.3e-5
    - 1 :   2, 11, 1371,    4,  9,     7,  2,     3,  7,  54361, 6.0e-5
    - 2 :   2, 11, 1368,    5,  8,     7,  2,     3,  7,  66106, 5.8e-5
    - 3 :   2, 11, 1445,    4,  9,     8,  2,     4,  5,  72385, 6.3e-5
    - 4 :   2, 11, 1424,    7,  6,     8,  2,     3,  7,  92284, 6.3e-5
    - 5 :   2, 11, 1382,    7,  6,     7,  2,     4,  6, 116262, 6.2e-5
    - 6 :   2, 11, 1396,    8,  5,    15,  1,     4,  6, 133873, 6.3e-5
    - 7 :   2, 11, 1448,    8,  5,    15,  1,     5,  5, 167244, 6.3e-5
    - 8 :   2, 11, 1371,   10,  4,    14,  1,     7,  4, 271373, 6.1e-5
    - 9 :   2, 11, 1413,   10,  4,    15,  1,     9,  3, 350229, 6.3e-5
    - 10:   2, 11, 1381,   14,  3,    15,  1,    10,  3, 526745, 6.1e-5
    - 11:   2, 11, 1441,   22,  2,    16,  1,    10,  3, 837658, 6.3e-5
    - 12:   2, 11, 1419,   44,  1,    15,  1,    15,  2, 2424882, 6.3e-5
    # no solution starting from log norm2 = 13

  - 15: # bits
    -ln2:   k,  N,    n, br_l,br_b, ks_l,ks_b, cb_l,cb_b,  cost, p_error
    - 0 :   2, 11, 1476,    4,  9,     8,  2,     2,  9,  41181, 6.3e-5
    - 1 :   2, 11, 1371,    4,  9,     7,  2,     3,  7,  54361, 6.0e-5
    - 2 :   2, 11, 1368,    5,  8,     7,  2,     3,  7,  66106, 5.8e-5
    - 3 :   2, 11, 1445,    4,  9,     8,  2,     4,  5,  72385, 6.3e-5
    - 4 :   2, 11, 1424,    7,  6,     8,  2,     3,  7,  92284, 6.3e-5
    - 5 :   2, 11, 1382,    7,  6,     7,  2,     4,  6, 116262, 6.2e-5
    - 6 :   2, 11, 1396,    8,  5,    15,  1,     4,  6, 133873, 6.3e-5
    - 7 :   2, 11, 1448,    8,  5,    15,  1,     5,  5, 167244, 6.3e-5
    - 8 :   2, 11, 1371,   10,  4,    14,  1,     7,  4, 271373, 6.1e-5
    - 9 :   2, 11, 1413,   10,  4,    15,  1,     9,  3, 350229, 6.3e-5
    - 10:   2, 11, 1381,   14,  3,    15,  1,    10,  3, 526745, 6.1e-5
    - 11:   2, 11, 1441,   22,  2,    16,  1,    10,  3, 837658, 6.3e-5
    - 12:   2, 11, 1419,   44,  1,    15,  1,    15,  2, 2424882, 6.3e-5
    # no solution starting from log norm2 = 13

  - 16: # bits
    -ln2:   k,  N,    n, br_l,br_b, ks_l,ks_b, cb_l,cb_b,  cost, p_error
    - 0 :   2, 11, 1422,    3, 12,     7,  2,     3,  6,  48814, 6.2e-5
    - 1 :   2, 11, 1374,    4,  9,     7,  2,     3,  7,  60970, 5.9e-5
    - 2 :   2, 11, 1370,    5,  8,     7,  2,     3,  7,  74106, 5.9e-5
    - 3 :   2, 11, 1487,    4,  9,    16,  1,     4,  5,  84376, 6.3e-5
    - 4 :   2, 11, 1449,    7,  6,     8,  2,     3,  7, 104523, 6.3e-5
    - 5 :   2, 11, 1388,    7,  6,     7,  2,     4,  6, 130696, 6.0e-5
    - 6 :   2, 11, 1418,    8,  5,    15,  1,     4,  6, 151578, 6.3e-5
    - 7 :   2, 11, 1434,    9,  5,    15,  1,     5,  5, 208092, 6.3e-5
    - 8 :   2, 11, 1377,   10,  4,    15,  1,     7,  4, 305671, 6.2e-5
    - 9 :   2, 11, 1463,   10,  4,    16,  1,     9,  3, 401992, 6.3e-5
    - 10:   2, 11, 1392,   14,  3,    15,  1,    10,  3, 594517, 6.3e-5
    - 11:   2, 11, 1374,   21,  2,    15,  1,    15,  2, 1292606, 6.3e-5
    - 12:   2, 11, 1470,   45,  1,    16,  1,    15,  2, 2844898, 6.3e-5
    # no solution starting from log norm2 = 13
