security level: 96
target p_error: 6.3e-5
per precision and log norm2:

  - 1: # bits
    -ln2:   k,  N,    n, br_l,br_b, ks_l,ks_b, cb_l,cb_b,  cost, p_error
    - 0 :   1, 10,  450,    4,  6,     3,  3,     1,  8,     74, 4.7e-5
    - 1 :   2, 10,  450,    2, 15,     3,  3,     1, 11,    104, 3.7e-6
    - 2 :   2, 10,  452,    2, 15,     3,  3,     1, 11,    105, 6.2e-5
    - 3 :   2, 10,  450,    3, 12,     3,  3,     1, 13,    147, 6.1e-6
    - 4 :   2, 10,  450,    3, 12,     4,  3,     1, 13,    149, 3.7e-5
    - 5 :   2, 10,  457,    4,  9,     3,  3,     1, 14,    191, 6.1e-5
    - 6 :   2, 10,  450,    5,  8,     5,  2,     1, 15,    235, 4.5e-5
    - 7 :   2, 10,  450,    3, 12,     3,  3,     2,  9,    289, 1.2e-5
    - 8 :   2, 10,  450,    3, 12,     5,  2,     2,  9,    292, 4.3e-5
    - 9 :   2, 10,  450,    4,  9,     3,  3,     2,  9,    374, 4.1e-5
    - 10:   2, 10,  476,    3, 12,     6,  2,     3,  6,    449, 6.2e-5
    - 11:   2, 10,  450,    6,  7,     4,  3,     2, 10,    546, 3.5e-5
    - 12:   1, 11,  450,    5,  8,     4,  3,     3,  7,    680, 4.8e-5
    - 13:   2, 10,  450,    6,  7,     4,  3,     3,  8,    815, 3.8e-5
    - 14:   2, 10,  450,    5,  8,     5,  2,     4,  6,    916, 1.2e-5
    - 15:   2, 10,  453,    6,  7,     6,  2,     4,  6,   1091, 6.2e-5
    - 16:   2, 10,  450,    7,  6,     4,  3,     5,  5,   1566, 1.4e-5
    - 17:   2, 10,  450,    8,  5,     4,  3,     6,  5,   2133, 5.7e-5
    - 18:   2, 10,  450,    8,  5,     5,  2,     7,  4,   2489, 3.1e-5
    - 19:   2, 10,  450,   11,  4,     5,  2,     7,  4,   3381, 3.7e-5
    - 20:   2, 10,  450,   11,  4,    11,  1,    10,  3,   4837, 4.5e-5
    - 21:   2, 10,  450,   14,  3,     5,  2,    15,  2,   9148, 4.5e-5
    - 22:   2, 10,  450,   22,  2,     5,  2,    16,  2,  15194, 6.3e-5
    # no solution starting from log norm2 = 23

  - 2: # bits
    -ln2:   k,  N,    n, br_l,br_b, ks_l,ks_b, cb_l,cb_b,  cost, p_error
    - 0 :   2, 10,  477,    2, 15,     6,  2,     1, 11,    282, 6.1e-5
    - 1 :   2, 10,  450,    3, 12,     6,  2,     1, 13,    375, 5.6e-5
    - 2 :   2, 10,  453,    2, 15,     5,  2,     2,  7,    469, 5.7e-5
    - 3 :   2, 10,  461,    2, 15,     6,  2,     2,  7,    477, 6.0e-5
    - 4 :   2, 10,  451,    3, 12,     5,  2,     2,  9,    656, 6.0e-5
    - 5 :   2, 10,  454,    3, 12,     6,  2,     2,  9,    662, 5.2e-5
    - 6 :   2, 10,  450,    4,  9,     6,  2,     2,  9,    847, 2.0e-5
    - 7 :   2, 10,  464,    4,  9,     6,  2,     2,  9,    862, 6.2e-5
    - 8 :   2, 10,  469,    5,  8,     6,  2,     2, 10,   1059, 5.8e-5
    - 9 :   2, 10,  458,    4,  9,     6,  2,     3,  7,   1228, 5.9e-5
    - 10:   2, 10,  462,    5,  8,     6,  2,     3,  7,   1510, 5.4e-5
    - 11:   2, 10,  452,    5,  8,     6,  2,     4,  6,   1948, 5.0e-5
    - 12:   2, 10,  456,    6,  7,     6,  2,     4,  6,   2317, 5.4e-5
    - 13:   2, 10,  466,    7,  6,    12,  1,     4,  6,   2729, 6.1e-5
    - 14:   2, 10,  481,    7,  6,    13,  1,     5,  5,   3421, 6.2e-5
    - 15:   2, 10,  466,    7,  6,    12,  1,     7,  4,   4631, 5.9e-5
    - 16:   2, 10,  470,    8,  5,    12,  1,     9,  3,   6723, 6.3e-5
    - 17:   2, 10,  477,   14,  3,    13,  1,     7,  4,   9097, 6.2e-5
    - 18:   2, 10,  473,   14,  3,    13,  1,    10,  3,  12799, 6.3e-5
    - 19:   2, 10,  461,   22,  2,    12,  1,    15,  2,  29254, 6.1e-5
    - 20:   2, 10,  480,   45,  1,    13,  1,    16,  2,  64384, 6.2e-5
    # no solution starting from log norm2 = 21

  - 3: # bits
    -ln2:   k,  N,    n, br_l,br_b, ks_l,ks_b, cb_l,cb_b,  cost, p_error
    - 0 :   2, 10,  482,    2, 15,     6,  2,     2,  7,    763, 5.2e-5
    - 1 :   2, 10,  544,    2, 15,     7,  2,     2,  7,    831, 6.3e-5
    - 2 :   2, 10,  480,    3, 12,     6,  2,     2,  9,   1063, 5.1e-5
    - 3 :   2, 10,  503,    3, 12,     6,  2,     2,  9,   1093, 6.0e-5
    - 4 :   2, 10,  483,    4,  9,     6,  2,     2,  9,   1369, 5.0e-5
    - 5 :   2, 10,  510,    3, 12,     7,  2,     3,  6,   1562, 6.1e-5
    - 6 :   2, 10,  481,    4,  9,     6,  2,     3,  7,   1938, 5.7e-5
    - 7 :   2, 10,  521,    4,  9,     7,  2,     3,  7,   2033, 6.3e-5
    - 8 :   2, 10,  543,    5,  8,    15,  1,     3,  7,   2595, 6.3e-5
    - 9 :   2, 10,  495,    5,  8,     6,  2,     4,  6,   3122, 5.7e-5
    - 10:   2, 10,  497,    6,  7,    13,  1,     4,  6,   3743, 6.1e-5
    - 11:   2, 10,  533,    6,  7,    14,  1,     5,  5,   4773, 6.3e-5
    - 12:   2, 10,  507,    9,  5,    14,  1,     5,  5,   6787, 6.2e-5
    - 13:   2, 10,  488,    8,  5,    13,  1,     7,  4,   8156, 5.9e-5
    - 14:   2, 10,  488,   11,  4,    13,  1,     7,  4,  11051, 6.1e-5
    - 15:   2, 10,  498,   11,  4,    13,  1,    10,  3,  15709, 6.1e-5
    - 16:   2, 10,  490,   14,  3,    13,  1,    15,  2,  29178, 5.7e-5
    - 17:   2, 10,  493,   22,  2,    13,  1,    16,  2,  48481, 5.8e-5
    # no solution starting from log norm2 = 18

  - 4: # bits
    -ln2:   k,  N,    n, br_l,br_b, ks_l,ks_b, cb_l,cb_b,  cost, p_error
    - 0 :   2, 10,  490,    2, 15,     6,  2,     2,  7,   1487, 6.1e-5
    - 1 :   2, 10,  478,    3, 12,     6,  2,     2,  9,   2047, 4.9e-5
    - 2 :   2, 10,  485,    3, 12,     6,  2,     2,  9,   2064, 5.4e-5
    - 3 :   2, 10,  479,    4,  9,     6,  2,     2,  9,   2632, 5.3e-5
    - 4 :   2, 10,  493,    4,  9,     6,  2,     2,  9,   2675, 5.7e-5
    - 5 :   2, 10,  497,    5,  8,     6,  2,     2, 10,   3282, 5.9e-5
    - 6 :   2, 10,  488,    4,  9,     6,  2,     3,  7,   3812, 6.3e-5
    - 7 :   2, 10,  491,    5,  8,     6,  2,     3,  7,   4680, 5.5e-5
    - 8 :   2, 10,  483,    5,  8,     6,  2,     4,  6,   6048, 5.6e-5
    - 9 :   2, 10,  486,    6,  7,     6,  2,     4,  6,   7182, 6.3e-5
    - 10:   2, 10,  489,    7,  6,    13,  1,     4,  6,   8403, 5.6e-5
    - 11:   2, 10,  495,    7,  6,    13,  1,     5,  5,  10415, 6.0e-5
    - 12:   2, 10,  489,    7,  6,    13,  1,     7,  4,  14243, 6.1e-5
    - 13:   2, 10,  517,    9,  5,    14,  1,     7,  4,  18592, 6.3e-5
    - 14:   2, 10,  494,   14,  3,    13,  1,     7,  4,  27760, 5.8e-5
    - 15:   2, 10,  493,   14,  3,    13,  1,    10,  3,  39169, 5.9e-5
    - 16:   2, 10,  509,   22,  2,    14,  1,    11,  3,  67872, 6.3e-5
    - 17:   2, 10,  499,   44,  1,    13,  1,    16,  2, 192360, 6.3e-5
    # no solution starting from log norm2 = 18

  - 5: # bits
    -ln2:   k,  N,    n, br_l,br_b, ks_l,ks_b, cb_l,cb_b,  cost, p_error
    - 0 :   2, 10,  490,    2, 15,     6,  2,     2,  7,   1487, 6.1e-5
    - 1 :   2, 10,  478,    3, 12,     6,  2,     2,  9,   2047, 4.9e-5
    - 2 :   2, 10,  485,    3, 12,     6,  2,     2,  9,   2064, 5.4e-5
    - 3 :   2, 10,  479,    4,  9,     6,  2,     2,  9,   2632, 5.3e-5
    - 4 :   2, 10,  493,    4,  9,     6,  2,     2,  9,   2675, 5.7e-5
    - 5 :   2, 10,  497,    5,  8,     6,  2,     2, 10,   3282, 5.9e-5
    - 6 :   2, 10,  488,    4,  9,     6,  2,     3,  7,   3812, 6.3e-5
    - 7 :   2, 10,  491,    5,  8,     6,  2,     3,  7,   4680, 5.5e-5
    - 8 :   2, 10,  483,    5,  8,     6,  2,     4,  6,   6048, 5.6e-5
    - 9 :   2, 10,  486,    6,  7,     6,  2,     4,  6,   7182, 6.3e-5
    - 10:   2, 10,  489,    7,  6,    13,  1,     4,  6,   8403, 5.6e-5
    - 11:   2, 10,  495,    7,  6,    13,  1,     5,  5,  10415, 6.0e-5
    - 12:   2, 10,  489,    7,  6,    13,  1,     7,  4,  14243, 6.1e-5
    - 13:   2, 10,  517,    9,  5,    14,  1,     7,  4,  18592, 6.3e-5
    - 14:   2, 10,  494,   14,  3,    13,  1,     7,  4,  27760, 5.8e-5
    - 15:   2, 10,  493,   14,  3,    13,  1,    10,  3,  39169, 5.9e-5
    - 16:   2, 10,  509,   22,  2,    14,  1,    11,  3,  67872, 6.3e-5
    - 17:   2, 10,  499,   44,  1,    13,  1,    16,  2, 192360, 6.3e-5
    # no solution starting from log norm2 = 18

  - 6: # bits
    -ln2:   k,  N,    n, br_l,br_b, ks_l,ks_b, cb_l,cb_b,  cost, p_error
    - 0 :   2, 10,  494,    2, 15,     6,  2,     2,  7,   1771, 6.1e-5
    - 1 :   2, 10,  478,    3, 12,     6,  2,     2,  9,   2425, 5.4e-5
    - 2 :   2, 10,  487,    3, 12,     6,  2,     2,  9,   2452, 5.6e-5
    - 3 :   2, 10,  479,    4,  9,     6,  2,     2,  9,   3118, 6.2e-5
    - 4 :   2, 10,  498,    4,  9,     6,  2,     2,  9,   3188, 5.9e-5
    - 5 :   2, 10,  501,    5,  8,     7,  2,     2, 10,   3919, 6.1e-5
    - 6 :   2, 10,  492,    4,  9,     6,  2,     3,  7,   4515, 5.6e-5
    - 7 :   2, 10,  495,    5,  8,     6,  2,     3,  7,   5542, 5.7e-5
    - 8 :   2, 10,  484,    5,  8,     6,  2,     4,  6,   7121, 6.3e-5
    - 9 :   2, 10,  480,    6,  7,    12,  1,     4,  6,   8471, 5.9e-5
    - 10:   2, 10,  496,    7,  6,    13,  1,     4,  6,   9956, 6.2e-5
    - 11:   2, 10,  510,    7,  6,    13,  1,     5,  5,  12422, 6.3e-5
    - 12:   2, 10,  498,    7,  6,    13,  1,     7,  4,  16850, 6.1e-5
    - 13:   2, 10,  500,    8,  5,    13,  1,     9,  3,  24363, 6.2e-5
    - 14:   2, 10,  506,   14,  3,    13,  1,     7,  4,  32926, 6.3e-5
    - 15:   2, 10,  505,   14,  3,    14,  1,    10,  3,  46403, 6.1e-5
    - 16:   2, 10,  492,   22,  2,    13,  1,    15,  2, 105789, 5.9e-5
    - 17:   2, 10,  511,   45,  1,    14,  1,    16,  2, 232575, 6.2e-5
    # no solution starting from log norm2 = 18

  - 7: # bits
    -ln2:   k,  N,    n, br_l,br_b, ks_l,ks_b, cb_l,cb_b,  cost, p_error
    - 0 :   2, 10,  499,    2, 15,     6,  2,     2,  7,   2062, 6.1e-5
    - 1 :   2, 10,  478,    3, 12,     6,  2,     2,  9,   2803, 6.0e-5
    - 2 :   2, 10,  489,    3, 12,     6,  2,     2,  9,   2841, 5.9e-5
    - 3 :   2, 10,  480,    4,  9,     6,  2,     2,  9,   3608, 5.5e-5
    - 4 :   2, 10,  501,    4,  9,     7,  2,     2,  9,   3714, 6.2e-5
    - 5 :   2, 10,  510,    5,  8,     7,  2,     2, 10,   4577, 6.2e-5
    - 6 :   2, 10,  496,    4,  9,     6,  2,     3,  7,   5225, 5.7e-5
    - 7 :   2, 10,  500,    5,  8,     6,  2,     3,  7,   6420, 6.0e-5
    - 8 :   2, 10,  486,    5,  8,     6,  2,     4,  6,   8205, 5.9e-5
    - 9 :   2, 10,  483,    6,  7,    12,  1,     4,  6,   9771, 5.8e-5
    - 10:   2, 10,  510,    7,  6,    13,  1,     4,  6,  11618, 6.2e-5
    - 11:   2, 10,  490,    8,  5,    13,  1,     5,  5,  15836, 5.7e-5
    - 12:   2, 10,  515,    7,  6,    14,  1,     7,  4,  19680, 6.3e-5
    - 13:   2, 10,  519,    8,  5,    14,  1,     9,  3,  28472, 6.3e-5
    - 14:   2, 10,  504,   15,  3,    14,  1,     7,  4,  40309, 6.3e-5
    - 15:   2, 10,  497,   15,  3,    13,  1,    10,  3,  56386, 6.1e-5
    - 16:   2, 10,  501,   22,  2,    13,  1,    15,  2, 122154, 6.0e-5
    - 17:   2, 10,  494,   44,  1,    13,  1,    32,  1, 507609, 6.1e-5
    # no solution starting from log norm2 = 18

  - 8: # bits
    -ln2:   k,  N,    n, br_l,br_b, ks_l,ks_b, cb_l,cb_b,  cost, p_error
    - 0 :   2, 10,  506,    2, 15,     6,  2,     2,  7,   2361, 6.0e-5
    - 1 :   2, 10,  479,    3, 12,     6,  2,     2,  9,   3185, 5.0e-5
    - 2 :   2, 10,  492,    3, 12,     6,  2,     2,  9,   3237, 5.6e-5
    - 3 :   2, 10,  481,    4,  9,     6,  2,     2,  9,   4099, 5.0e-5
    - 4 :   2, 10,  508,    4,  9,     7,  2,     2,  9,   4250, 6.3e-5
    - 5 :   2, 10,  532,    5,  8,     7,  2,     2, 10,   5325, 6.3e-5
    - 6 :   2, 10,  498,    4,  9,     7,  2,     3,  7,   5946, 6.1e-5
    - 7 :   2, 10,  503,    5,  8,     7,  2,     3,  7,   7309, 5.9e-5
    - 8 :   2, 10,  488,    5,  8,     6,  2,     4,  6,   9295, 5.7e-5
    - 9 :   2, 10,  484,    6,  7,    13,  1,     4,  6,  11072, 6.2e-5
    - 10:   2, 10,  491,    6,  7,    13,  1,     5,  5,  13685, 6.0e-5
    - 11:   2, 10,  496,    8,  5,    13,  1,     5,  5,  17995, 5.8e-5
    - 12:   2, 10,  480,    8,  5,    13,  1,     7,  4,  24268, 6.1e-5
    - 13:   2, 10,  481,   11,  4,    13,  1,     7,  4,  32916, 5.3e-5
    - 14:   2, 10,  485,   11,  4,    13,  1,    10,  3,  46518, 5.5e-5
    - 15:   2, 10,  509,   15,  3,    14,  1,    10,  3,  64324, 6.2e-5
    - 16:   2, 10,  516,   22,  2,    14,  1,    15,  2, 139600, 6.2e-5
    - 17:   2, 10,  503,   44,  1,    14,  1,    32,  1, 576283, 6.3e-5
    # no solution starting from log norm2 = 18

  - 9: # bits
    -ln2:   k,  N,    n, br_l,br_b, ks_l,ks_b, cb_l,cb_b,  cost, p_error
    - 0 :   2, 10,  564,    3, 12,     7,  2,     2,  8,   3963, 6.3e-5
    - 1 :   2, 10,  522,    4,  9,     7,  2,     2,  9,   4834, 5.7e-5
    - 2 :   2, 10,  524,    5,  8,     7,  2,     2, 10,   5905, 5.5e-5
    - 3 :   2, 10,  520,    4,  9,     7,  2,     3,  7,   6805, 6.2e-5
    - 4 :   2, 10,  521,    5,  8,     7,  2,     3,  7,   8324, 5.9e-5
    - 5 :   2, 10,  533,    6,  7,     7,  2,     3,  8,   9962, 6.3e-5
    - 6 :   2, 10,  541,    5,  8,     7,  2,     4,  6,  10991, 6.2e-5
    - 7 :   2, 10,  556,    5,  8,    15,  1,     5,  5,  13858, 6.3e-5
    - 8 :   2, 10,  518,    7,  6,    14,  1,     5,  5,  18125, 5.6e-5
    - 9 :   2, 10,  527,    8,  5,    14,  1,     6,  5,  24549, 6.1e-5
    - 10:   2, 10,  541,    8,  5,    15,  1,     7,  4,  28788, 6.2e-5
    - 11:   2, 10,  540,   11,  4,    15,  1,     7,  4,  38920, 6.2e-5
    - 12:   2, 10,  517,   14,  3,    14,  1,    10,  3,  67469, 6.0e-5
    - 13:   2, 10,  544,   14,  3,    15,  1,    15,  2, 102571, 6.2e-5
    - 14:   2, 10,  532,   22,  2,    14,  1,    31,  1, 321742, 6.1e-5
    # no solution starting from log norm2 = 15

  - 10: # bits
    -ln2:   k,  N,    n, br_l,br_b, ks_l,ks_b, cb_l,cb_b,  cost, p_error
    - 0 :   2, 10,  516,    4,  9,     7,  2,     2,  9,   5311, 5.4e-5
    - 1 :   2, 10,  523,    4,  9,     7,  2,     2,  9,   5354, 5.8e-5
    - 2 :   2, 10,  525,    5,  8,     7,  2,     2, 10,   6541, 5.8e-5
    - 3 :   2, 10,  521,    4,  9,     7,  2,     3,  7,   7525, 6.0e-5
    - 4 :   2, 10,  522,    5,  8,     7,  2,     3,  7,   9203, 5.8e-5
    - 5 :   2, 10,  537,    6,  7,     7,  2,     3,  8,  11049, 6.3e-5
    - 6 :   2, 10,  549,    5,  8,     7,  2,     4,  6,  12230, 6.3e-5
    - 7 :   2, 10,  526,    7,  6,     7,  2,     4,  6,  16296, 5.9e-5
    - 8 :   2, 10,  519,    7,  6,    14,  1,     5,  5,  20008, 6.2e-5
    - 9 :   2, 10,  532,    8,  5,    14,  1,     6,  5,  27197, 6.1e-5
    - 10:   2, 10,  525,    9,  5,    14,  1,     7,  4,  34882, 5.9e-5
    - 11:   2, 10,  559,   11,  4,    15,  1,     7,  4,  43683, 6.3e-5
    - 12:   2, 10,  519,   14,  3,    14,  1,    10,  3,  74454, 5.8e-5
    - 13:   2, 10,  532,   22,  2,    14,  1,    10,  3, 117126, 6.3e-5
    - 14:   2, 10,  538,   22,  2,    15,  1,    31,  1, 356049, 6.3e-5
    # no solution starting from log norm2 = 15

  - 11: # bits
    -ln2:   k,  N,    n, br_l,br_b, ks_l,ks_b, cb_l,cb_b,  cost, p_error
    - 0 :   2, 10,  516,    4,  9,     7,  2,     2,  9,   5821, 5.6e-5
    - 1 :   2, 10,  524,    4,  9,     7,  2,     2,  9,   5875, 5.8e-5
    - 2 :   2, 10,  526,    5,  8,     7,  2,     2, 10,   7177, 6.1e-5
    - 3 :   2, 10,  522,    4,  9,     7,  2,     3,  7,   8246, 5.8e-5
    - 4 :   2, 10,  523,    5,  8,     7,  2,     3,  7,  10085, 5.7e-5
    - 5 :   2, 10,  542,    6,  7,     7,  2,     3,  8,  12159, 6.3e-5
    - 6 :   2, 10,  547,    5,  8,    15,  1,     4,  6,  13555, 6.3e-5
    - 7 :   2, 10,  518,    7,  6,    14,  1,     4,  6,  17846, 6.3e-5
    - 8 :   2, 10,  521,    7,  6,    14,  1,     5,  5,  21918, 6.3e-5
    - 9 :   2, 10,  519,    7,  6,    14,  1,     7,  4,  29888, 6.1e-5
    - 10:   2, 10,  528,    9,  5,    14,  1,     7,  4,  38224, 6.2e-5
    - 11:   2, 10,  558,   11,  4,    15,  1,     8,  4,  54091, 6.3e-5
    - 12:   2, 10,  521,   14,  3,    14,  1,    10,  3,  81467, 5.9e-5
    - 13:   2, 10,  538,   22,  2,    15,  1,    10,  3, 128662, 6.2e-5
    - 14:   2, 10,  535,   43,  1,    15,  1,    16,  2, 391813, 6.2e-5
    # no solution starting from log norm2 = 15

  - 12: # bits
    -ln2:   k,  N,    n, br_l,br_b, ks_l,ks_b, cb_l,cb_b,  cost, p_error
    - 0 :   2, 10,  517,    4,  9,     7,  2,     2,  9,   7261, 5.1e-5
    - 1 :   2, 10,  528,    4,  9,     7,  2,     2,  9,   7354, 5.6e-5
    - 2 :   2, 10,  531,    5,  8,     7,  2,     2, 10,   8993, 6.2e-5
    - 3 :   2, 10,  525,    4,  9,     7,  2,     3,  7,  10318, 5.6e-5
    - 4 :   2, 10,  526,    5,  8,     7,  2,     3,  7,  12618, 5.9e-5
    - 5 :   2, 10,  520,    5,  8,     7,  2,     4,  6,  16191, 6.0e-5
    - 6 :   2, 10,  523,    6,  7,     7,  2,     4,  6,  19206, 5.9e-5
    - 7 :   2, 10,  533,    7,  6,     7,  2,     4,  6,  22401, 6.2e-5
    - 8 :   2, 10,  529,    7,  6,    14,  1,     5,  5,  27585, 6.2e-5
    - 9 :   2, 10,  525,    7,  6,    14,  1,     7,  4,  37550, 6.3e-5
    - 10:   2, 10,  546,    9,  5,    15,  1,     7,  4,  48616, 6.2e-5
    - 11:   2, 10,  528,   14,  3,    14,  1,     7,  4,  72901, 6.1e-5
    - 12:   2, 10,  528,   14,  3,    14,  1,    10,  3, 102449, 6.2e-5
    - 13:   2, 10,  548,   15,  3,    15,  1,    16,  2, 176042, 6.2e-5
    - 14:   2, 10,  533,   44,  1,    15,  1,    16,  2, 499882, 6.3e-5
    # no solution starting from log norm2 = 15

  - 13: # bits
    -ln2:   k,  N,    n, br_l,br_b, ks_l,ks_b, cb_l,cb_b,  cost, p_error
    - 0 :   2, 10,  517,    4,  9,     7,  2,     2,  9,   7773, 5.3e-5
    - 1 :   2, 10,  529,    4,  9,     7,  2,     2,  9,   7882, 5.9e-5
    - 2 :   2, 10,  533,    5,  8,     7,  2,     2, 10,   9649, 6.2e-5
    - 3 :   2, 10,  526,    4,  9,     7,  2,     3,  7,  11047, 5.6e-5
    - 4 :   2, 10,  527,    5,  8,     7,  2,     3,  7,  13509, 6.0e-5
    - 5 :   2, 10,  521,    5,  8,     7,  2,     4,  6,  17324, 5.5e-5
    - 6 :   2, 10,  524,    6,  7,     7,  2,     4,  6,  20550, 5.7e-5
    - 7 :   2, 10,  526,    7,  6,    14,  1,     4,  6,  24001, 6.1e-5
    - 8 :   2, 10,  533,    7,  6,    14,  1,     5,  5,  29593, 6.1e-5
    - 9 :   2, 10,  528,    7,  6,    14,  1,     7,  4,  40224, 6.1e-5
    - 10:   2, 10,  557,   11,  4,    15,  1,     6,  5,  54985, 6.3e-5
    - 11:   2, 10,  531,   14,  3,    14,  1,     7,  4,  78079, 6.3e-5
    - 12:   2, 10,  531,   14,  3,    15,  1,    10,  3, 109719, 6.3e-5
    - 13:   2, 10,  554,   22,  2,    15,  1,    11,  3, 190890, 6.3e-5
    - 14:   2, 10,  538,   44,  1,    15,  1,    16,  2, 535945, 6.3e-5
    # no solution starting from log norm2 = 15

  - 14: # bits
    -ln2:   k,  N,    n, br_l,br_b, ks_l,ks_b, cb_l,cb_b,  cost, p_error
    - 0 :   2, 10,  517,    4,  9,     7,  2,     2,  9,   7773, 5.3e-5
    - 1 :   2, 10,  529,    4,  9,     7,  2,     2,  9,   7882, 5.9e-5
    - 2 :   2, 10,  533,    5,  8,     7,  2,     2, 10,   9649, 6.2e-5
    - 3 :   2, 10,  526,    4,  9,     7,  2,     3,  7,  11047, 5.6e-5
    - 4 :   2, 10,  527,    5,  8,     7,  2,     3,  7,  13509, 6.0e-5
    - 5 :   2, 10,  521,    5,  8,     7,  2,     4,  6,  17324, 5.5e-5
    - 6 :   2, 10,  524,    6,  7,     7,  2,     4,  6,  20550, 5.7e-5
    - 7 :   2, 10,  526,    7,  6,    14,  1,     4,  6,  24001, 6.1e-5
    - 8 :   2, 10,  533,    7,  6,    14,  1,     5,  5,  29593, 6.1e-5
    - 9 :   2, 10,  528,    7,  6,    14,  1,     7,  4,  40224, 6.1e-5
    - 10:   2, 10,  557,   11,  4,    15,  1,     6,  5,  54985, 6.3e-5
    - 11:   2, 10,  531,   14,  3,    14,  1,     7,  4,  78079, 6.3e-5
    - 12:   2, 10,  531,   14,  3,    15,  1,    10,  3, 109719, 6.3e-5
    - 13:   2, 10,  554,   22,  2,    15,  1,    11,  3, 190890, 6.3e-5
    - 14:   2, 10,  538,   44,  1,    15,  1,    16,  2, 535945, 6.3e-5
    # no solution starting from log norm2 = 15

  - 15: # bits
    -ln2:   k,  N,    n, br_l,br_b, ks_l,ks_b, cb_l,cb_b,  cost, p_error
    - 0 :   2, 10,  517,    4,  9,     7,  2,     2,  9,   7773, 5.3e-5
    - 1 :   2, 10,  529,    4,  9,     7,  2,     2,  9,   7882, 5.9e-5
    - 2 :   2, 10,  533,    5,  8,     7,  2,     2, 10,   9649, 6.2e-5
    - 3 :   2, 10,  526,    4,  9,     7,  2,     3,  7,  11047, 5.6e-5
    - 4 :   2, 10,  527,    5,  8,     7,  2,     3,  7,  13509, 6.0e-5
    - 5 :   2, 10,  521,    5,  8,     7,  2,     4,  6,  17324, 5.5e-5
    - 6 :   2, 10,  524,    6,  7,     7,  2,     4,  6,  20550, 5.7e-5
    - 7 :   2, 10,  526,    7,  6,    14,  1,     4,  6,  24001, 6.1e-5
    - 8 :   2, 10,  533,    7,  6,    14,  1,     5,  5,  29593, 6.1e-5
    - 9 :   2, 10,  528,    7,  6,    14,  1,     7,  4,  40224, 6.1e-5
    - 10:   2, 10,  557,   11,  4,    15,  1,     6,  5,  54985, 6.3e-5
    - 11:   2, 10,  531,   14,  3,    14,  1,     7,  4,  78079, 6.3e-5
    - 12:   2, 10,  531,   14,  3,    15,  1,    10,  3, 109719, 6.3e-5
    - 13:   2, 10,  554,   22,  2,    15,  1,    11,  3, 190890, 6.3e-5
    - 14:   2, 10,  538,   44,  1,    15,  1,    16,  2, 535945, 6.3e-5
    # no solution starting from log norm2 = 15

  - 16: # bits
    -ln2:   k,  N,    n, br_l,br_b, ks_l,ks_b, cb_l,cb_b,  cost, p_error
    - 0 :   2, 10,  517,    4,  9,     7,  2,     2,  9,   8705, 5.8e-5
    - 1 :   2, 10,  532,    4,  9,     7,  2,     2,  9,   8857, 6.0e-5
    - 2 :   2, 10,  538,    5,  8,     7,  2,     2, 10,  10863, 6.2e-5
    - 3 :   2, 10,  528,    4,  9,     7,  2,     3,  7,  12418, 5.8e-5
    - 4 :   2, 10,  530,    5,  8,     7,  2,     3,  7,  15199, 5.7e-5
    - 5 :   2, 10,  522,    5,  8,     7,  2,     4,  6,  19466, 5.6e-5
    - 6 :   2, 10,  526,    6,  7,     7,  2,     4,  6,  23112, 5.6e-5
    - 7 :   2, 10,  532,    7,  6,    14,  1,     4,  6,  27104, 6.0e-5
    - 8 :   2, 10,  542,    7,  6,    15,  1,     5,  5,  33572, 6.2e-5
    - 9 :   2, 10,  534,    7,  6,    15,  1,     7,  4,  45506, 6.3e-5
    - 10:   2, 10,  535,    8,  5,    14,  1,     9,  3,  65462, 6.2e-5
    - 11:   2, 10,  539,   14,  3,    15,  1,     7,  4,  88428, 6.3e-5
    - 12:   2, 10,  540,   14,  3,    15,  1,    10,  3, 124376, 6.3e-5
    - 13:   2, 10,  528,   22,  2,    14,  1,    15,  2, 282946, 6.0e-5
    - 14:   2, 10,  546,   45,  1,    15,  1,    16,  2, 620596, 6.2e-5
    # no solution starting from log norm2 = 15
