security level: 160
target p_error: 6.3e-5
per precision and log norm2:

  - 1: # bits
    -ln2:   k,  N,    n, br_l,br_b, ks_l,ks_b, cb_l,cb_b,  cost, p_error
    - 0 :   2, 10,  713,    2, 13,     5,  2,     1,  9,    143, 6.1e-5
    - 1 :   2, 10,  697,    3, 10,     5,  2,     1, 10,    194, 6.0e-5
    - 2 :   2, 10,  789,    3, 10,     4,  3,     1, 10,    207, 6.3e-5
    - 3 :   2, 10,  771,    4,  8,     6,  2,     1, 11,    265, 6.3e-5
    - 4 :   2, 10,  693,    3, 10,     5,  2,     2,  7,    373, 6.3e-5
    - 5 :   2, 10,  716,    3, 10,     5,  2,     2,  7,    380, 6.2e-5
    - 6 :   2, 10,  712,    4,  8,     5,  2,     2,  8,    485, 6.2e-5
    - 7 :   2, 10,  720,    5,  7,     5,  2,     2,  8,    596, 6.3e-5
    - 8 :   2, 10,  732,    4,  8,     6,  2,     3,  6,    736, 6.2e-5
    - 9 :   2, 10,  743,    5,  7,     6,  2,     3,  6,    907, 6.3e-5
    - 10:   2, 10,  749,    5,  7,    11,  1,     4,  5,   1224, 6.3e-5
    - 11:   3, 10,  743,    4,  9,     6,  2,     3,  7,   1509, 6.2e-5
    - 12:   3, 10,  733,    5,  8,     6,  2,     3,  7,   1845, 6.0e-5
    - 13:   3, 10,  725,    5,  8,     5,  2,     4,  6,   2437, 6.3e-5
    - 14:   3, 10,  717,    6,  7,    11,  1,     4,  6,   2907, 5.8e-5
    - 15:   3, 10,  754,    7,  6,    12,  1,     4,  6,   3437, 6.3e-5
    - 16:   3, 10,  722,    8,  5,    11,  1,     5,  5,   4776, 6.0e-5
    - 17:   3, 10,  714,    8,  5,    11,  1,     7,  4,   6639, 5.9e-5
    - 18:   3, 10,  710,   11,  4,    11,  1,     7,  4,   9011, 6.1e-5
    - 19:   3, 10,  746,   15,  3,    12,  1,     7,  4,  12431, 6.2e-5
    - 20:   3, 10,  764,   15,  3,    12,  1,    10,  3,  17904, 6.3e-5
    - 21:   3, 10,  739,   22,  2,    12,  1,    15,  2,  38592, 6.3e-5
    - 22:   3, 10,  754,   44,  1,    12,  1,    32,  1, 164727, 6.3e-5
    # no solution starting from log norm2 = 23

  - 2: # bits
    -ln2:   k,  N,    n, br_l,br_b, ks_l,ks_b, cb_l,cb_b,  cost, p_error
    - 0 :   2, 10,  758,    2, 13,     6,  2,     2,  6,    661, 6.1e-5
    - 1 :   2, 10,  795,    5,  7,     6,  2,     1, 12,    843, 6.2e-5
    - 2 :   2, 10,  750,    3, 10,     6,  2,     2,  7,    906, 5.9e-5
    - 3 :   2, 10,  749,    4,  8,     6,  2,     2,  8,   1155, 5.8e-5
    - 4 :   2, 10,  774,    3, 10,     6,  2,     3,  5,   1310, 6.1e-5
    - 5 :   2, 10,  755,    4,  8,     6,  2,     3,  6,   1650, 5.8e-5
    - 6 :   2, 10,  757,    5,  7,     6,  2,     3,  6,   2014, 6.0e-5
    - 7 :   2, 10,  787,    6,  6,     6,  2,     3,  6,   2435, 6.1e-5
    - 8 :   2, 10,  757,    6,  6,    12,  1,     4,  5,   3121, 6.2e-5
    - 9 :   3, 10,  765,    5,  8,     6,  2,     3,  7,   4015, 5.9e-5
    - 10:   3, 10,  798,    6,  7,     6,  2,     3,  7,   4854, 6.3e-5
    - 11:   3, 10,  765,    6,  7,     6,  2,     4,  6,   6229, 5.8e-5
    - 12:   3, 10,  759,    7,  6,    12,  1,     4,  6,   7238, 6.1e-5
    - 13:   3, 10,  765,    7,  6,    12,  1,     5,  5,   8965, 5.7e-5
    - 14:   3, 10,  767,    7,  6,    12,  1,     7,  4,  12383, 6.2e-5
    - 15:   3, 10,  787,    9,  5,    12,  1,     7,  4,  15922, 6.2e-5
    - 16:   3, 10,  764,   14,  3,    12,  1,     7,  4,  24122, 6.2e-5
    - 17:   3, 10,  771,   14,  3,    12,  1,    10,  3,  34260, 6.0e-5
    - 18:   3, 10,  798,   22,  2,    13,  1,    10,  3,  54143, 6.2e-5
    - 19:   3, 10,  835,   22,  2,    14,  1,    31,  1, 168478, 6.3e-5
    # no solution starting from log norm2 = 20

  - 3: # bits
    -ln2:   k,  N,    n, br_l,br_b, ks_l,ks_b, cb_l,cb_b,  cost, p_error
    - 0 :   2, 10,  817,    3, 10,     6,  2,     2,  7,   1505, 6.2e-5
    - 1 :   2, 10,  815,    4,  8,     6,  2,     2,  8,   1914, 5.9e-5
    - 2 :   2, 10,  821,    5,  7,     6,  2,     2,  8,   2337, 6.2e-5
    - 3 :   2, 10,  832,    4,  8,     7,  2,     3,  6,   2730, 6.0e-5
    - 4 :   2, 10,  840,    5,  7,     7,  2,     3,  6,   3343, 6.1e-5
    - 5 :   2, 10,  861,    5,  7,     7,  2,     4,  5,   4373, 6.2e-5
    - 6 :   3, 10,  843,    4,  9,     7,  2,     3,  7,   5271, 6.1e-5
    - 7 :   3, 10,  832,    5,  8,     7,  2,     3,  7,   6420, 5.8e-5
    - 8 :   3, 10,  825,    5,  8,     7,  2,     4,  6,   8306, 5.8e-5
    - 9 :   3, 10,  832,    6,  7,     7,  2,     4,  6,   9887, 6.3e-5
    - 10:   3, 10,  862,    7,  6,     7,  2,     4,  6,  11628, 6.2e-5
    - 11:   3, 10,  821,    8,  5,    13,  1,     5,  5,  15977, 5.9e-5
    - 12:   3, 10,  815,    8,  5,    13,  1,     7,  4,  21885, 6.3e-5
    - 13:   3, 10,  870,    8,  5,    14,  1,     9,  3,  28690, 6.3e-5
    - 14:   3, 10,  840,   15,  3,    14,  1,     7,  4,  40713, 6.3e-5
    - 15:   3, 10,  858,   15,  3,    14,  1,    10,  3,  57945, 6.3e-5
    - 16:   3, 10,  835,   22,  2,    14,  1,    15,  2, 123806, 6.2e-5
    - 17:   3, 10,  850,   44,  1,    14,  1,    32,  1, 522844, 6.3e-5
    # no solution starting from log norm2 = 18

  - 4: # bits
    -ln2:   k,  N,    n, br_l,br_b, ks_l,ks_b, cb_l,cb_b,  cost, p_error
    - 0 :   2, 10,  801,    4,  8,     6,  2,     2,  8,   3625, 5.7e-5
    - 1 :   2, 10,  823,    3, 10,     6,  2,     3,  5,   4099, 5.9e-5
    - 2 :   2, 10,  806,    4,  8,     6,  2,     3,  6,   5167, 6.3e-5
    - 3 :   2, 10,  808,    5,  7,     6,  2,     3,  6,   6304, 6.2e-5
    - 4 :   2, 10,  828,    6,  6,     7,  2,     3,  6,   7571, 6.1e-5
    - 5 :   2, 10,  804,    6,  6,    13,  1,     4,  5,   9749, 6.0e-5
    - 6 :   3, 10,  819,    5,  8,     6,  2,     3,  7,  12438, 5.6e-5
    - 7 :   3, 10,  839,    6,  7,     7,  2,     3,  7,  14942, 6.2e-5
    - 8 :   3, 10,  882,    5,  8,     7,  2,     4,  6,  16867, 6.3e-5
    - 9 :   3, 10,  809,    7,  6,    13,  1,     4,  6,  22375, 5.6e-5
    - 10:   3, 10,  813,    7,  6,    13,  1,     5,  5,  27663, 5.9e-5
    - 11:   3, 10,  877,    9,  5,    14,  1,     5,  5,  36394, 6.3e-5
    - 12:   3, 10,  829,    9,  5,    13,  1,     7,  4,  48893, 6.3e-5
    - 13:   3, 10,  898,   11,  4,    15,  1,     7,  4,  61545, 6.3e-5
    - 14:   3, 10,  818,   14,  3,    13,  1,    10,  3, 105385, 6.1e-5
    - 15:   3, 10,  835,   22,  2,    14,  1,    10,  3, 165583, 6.2e-5
    - 16:   3, 10,  848,   22,  2,    14,  1,    31,  1, 508714, 6.1e-5
    # no solution starting from log norm2 = 17

  - 5: # bits
    -ln2:   k,  N,    n, br_l,br_b, ks_l,ks_b, cb_l,cb_b,  cost, p_error
    - 0 :   2, 10,  801,    4,  8,     6,  2,     2,  8,   3625, 5.7e-5
    - 1 :   2, 10,  823,    3, 10,     6,  2,     3,  5,   4099, 5.9e-5
    - 2 :   2, 10,  806,    4,  8,     6,  2,     3,  6,   5167, 6.3e-5
    - 3 :   2, 10,  808,    5,  7,     6,  2,     3,  6,   6304, 6.2e-5
    - 4 :   2, 10,  828,    6,  6,     7,  2,     3,  6,   7571, 6.1e-5
    - 5 :   2, 10,  804,    6,  6,    13,  1,     4,  5,   9749, 6.0e-5
    - 6 :   3, 10,  819,    5,  8,     6,  2,     3,  7,  12438, 5.6e-5
    - 7 :   3, 10,  839,    6,  7,     7,  2,     3,  7,  14942, 6.2e-5
    - 8 :   3, 10,  882,    5,  8,     7,  2,     4,  6,  16867, 6.3e-5
    - 9 :   3, 10,  809,    7,  6,    13,  1,     4,  6,  22375, 5.6e-5
    - 10:   3, 10,  813,    7,  6,    13,  1,     5,  5,  27663, 5.9e-5
    - 11:   3, 10,  877,    9,  5,    14,  1,     5,  5,  36394, 6.3e-5
    - 12:   3, 10,  829,    9,  5,    13,  1,     7,  4,  48893, 6.3e-5
    - 13:   3, 10,  898,   11,  4,    15,  1,     7,  4,  61545, 6.3e-5
    - 14:   3, 10,  818,   14,  3,    13,  1,    10,  3, 105385, 6.1e-5
    - 15:   3, 10,  835,   22,  2,    14,  1,    10,  3, 165583, 6.2e-5
    - 16:   3, 10,  848,   22,  2,    14,  1,    31,  1, 508714, 6.1e-5
    # no solution starting from log norm2 = 17

  - 6: # bits
    -ln2:   k,  N,    n, br_l,br_b, ks_l,ks_b, cb_l,cb_b,  cost, p_error
    - 0 :   2, 10,  803,    4,  8,     6,  2,     2,  8,   4316, 5.7e-5
    - 1 :   2, 10,  833,    3, 10,     6,  2,     3,  5,   4886, 6.3e-5
    - 2 :   2, 10,  810,    4,  8,     6,  2,     3,  6,   6128, 5.9e-5
    - 3 :   2, 10,  812,    5,  7,     6,  2,     3,  6,   7475, 6.2e-5
    - 4 :   2, 10,  841,    6,  6,     7,  2,     3,  6,   9042, 6.3e-5
    - 5 :   2, 10,  812,    6,  6,    13,  1,     4,  5,  11559, 6.0e-5
    - 6 :   3, 10,  821,    5,  8,     6,  2,     3,  7,  14666, 6.0e-5
    - 7 :   3, 10,  850,    6,  7,     7,  2,     3,  7,  17709, 6.3e-5
    - 8 :   3, 10,  821,    6,  7,     6,  2,     4,  6,  22675, 6.3e-5
    - 9 :   3, 10,  812,    7,  6,    13,  1,     4,  6,  26333, 6.3e-5
    - 10:   3, 10,  818,    7,  6,    13,  1,     5,  5,  32549, 6.2e-5
    - 11:   3, 10,  822,    7,  6,    13,  1,     7,  4,  44899, 6.2e-5
    - 12:   3, 10,  844,    9,  5,    14,  1,     7,  4,  57775, 6.2e-5
    - 13:   3, 10,  818,   14,  3,    13,  1,     7,  4,  87290, 6.1e-5
    - 14:   3, 10,  826,   14,  3,    13,  1,    10,  3, 123818, 6.2e-5
    - 15:   3, 10,  858,   22,  2,    14,  1,    10,  3, 196016, 6.3e-5
    - 16:   3, 10,  832,   44,  1,    13,  1,    16,  2, 608425, 6.3e-5
    # no solution starting from log norm2 = 17

  - 7: # bits
    -ln2:   k,  N,    n, br_l,br_b, ks_l,ks_b, cb_l,cb_b,  cost, p_error
    - 0 :   2, 10,  805,    4,  8,     6,  2,     2,  8,   5008, 5.8e-5
    - 1 :   2, 10,  839,    3, 10,     7,  2,     3,  5,   5694, 6.2e-5
    - 2 :   2, 10,  814,    4,  8,     6,  2,     3,  6,   7095, 5.9e-5
    - 3 :   2, 10,  817,    5,  7,     6,  2,     3,  6,   8661, 6.0e-5
    - 4 :   2, 10,  867,    6,  6,     7,  2,     3,  6,  10649, 6.3e-5
    - 5 :   2, 10,  823,    6,  6,    13,  1,     4,  5,  13425, 6.1e-5
    - 6 :   3, 10,  824,    5,  8,     6,  2,     3,  7,  16909, 5.9e-5
    - 7 :   3, 10,  868,    6,  7,     7,  2,     3,  7,  20595, 6.2e-5
    - 8 :   3, 10,  821,    6,  7,     7,  2,     4,  6,  26092, 6.3e-5
    - 9 :   3, 10,  817,    7,  6,    13,  1,     4,  6,  30339, 6.0e-5
    - 10:   3, 10,  825,    7,  6,    13,  1,     5,  5,  37504, 6.1e-5
    - 11:   3, 10,  831,    7,  6,    13,  1,     7,  4,  51727, 6.1e-5
    - 12:   3, 10,  889,    9,  5,    15,  1,     7,  4,  67871, 6.3e-5
    - 13:   3, 10,  825,   14,  3,    13,  1,     7,  4, 100436, 5.9e-5
    - 14:   3, 10,  836,   14,  3,    14,  1,    10,  3, 142591, 6.3e-5
    - 15:   3, 10,  881,   23,  2,    15,  1,    11,  3, 260377, 6.3e-5
    - 16:   3, 10,  847,   44,  1,    14,  1,    16,  2, 701555, 6.1e-5
    # no solution starting from log norm2 = 17

  - 8: # bits
    -ln2:   k,  N,    n, br_l,br_b, ks_l,ks_b, cb_l,cb_b,  cost, p_error
    - 0 :   2, 10,  807,    4,  8,     6,  2,     2,  8,   5704, 5.9e-5
    - 1 :   2, 10,  857,    3, 10,     7,  2,     3,  5,   6551, 6.2e-5
    - 2 :   2, 10,  818,    4,  8,     6,  2,     3,  6,   8069, 6.2e-5
    - 3 :   2, 10,  822,    5,  7,     6,  2,     3,  6,   9857, 6.3e-5
    - 4 :   2, 10,  826,    5,  7,     7,  2,     4,  5,  12764, 6.0e-5
    - 5 :   2, 10,  841,    6,  6,    13,  1,     4,  5,  15408, 6.3e-5
    - 6 :   3, 10,  823,    5,  8,     7,  2,     3,  7,  19159, 6.3e-5
    - 7 :   3, 10,  897,    6,  7,    15,  1,     3,  7,  24065, 6.3e-5
    - 8 :   3, 10,  824,    6,  7,     7,  2,     4,  6,  29526, 5.8e-5
    - 9 :   3, 10,  822,    7,  6,    13,  1,     4,  6,  34369, 6.2e-5
    - 10:   3, 10,  834,    7,  6,    13,  1,     5,  5,  42547, 6.1e-5
    - 11:   3, 10,  842,    7,  6,    14,  1,     7,  4,  58730, 6.2e-5
    - 12:   3, 10,  828,    8,  5,    13,  1,     9,  3,  84127, 6.2e-5
    - 13:   3, 10,  833,   14,  3,    13,  1,     7,  4, 113740, 6.2e-5
    - 14:   3, 10,  853,   14,  3,    14,  1,    10,  3, 162107, 6.2e-5
    - 15:   3, 10,  875,   21,  2,    15,  1,    15,  2, 362053, 6.3e-5
    - 16:   3, 10,  890,   44,  1,    15,  1,    16,  2, 807067, 6.3e-5
    # no solution starting from log norm2 = 17

  - 9: # bits
    -ln2:   k,  N,    n, br_l,br_b, ks_l,ks_b, cb_l,cb_b,  cost, p_error
    - 0 :   2, 10,  878,    5,  7,     7,  2,     3,  6,  11556, 6.3e-5
    - 1 :   2, 10,  897,    6,  6,     7,  2,     3,  6,  13810, 6.2e-5
    - 2 :   2, 10,  890,    6,  6,     7,  2,     4,  5,  17655, 6.1e-5
    - 3 :   3, 10,  889,    5,  8,     7,  2,     3,  7,  22227, 6.0e-5
    - 4 :   3, 10,  911,    6,  7,     7,  2,     3,  7,  26646, 6.3e-5
    - 5 :   3, 10,  937,    5,  8,    16,  1,     4,  6,  30090, 6.3e-5
    - 6 :   3, 10,  896,    7,  6,     7,  2,     4,  6,  39629, 6.1e-5
    - 7 :   3, 10,  885,    7,  6,    14,  1,     5,  5,  48808, 6.2e-5
    - 8 :   3, 10,  939,    9,  5,    16,  1,     5,  5,  63833, 6.3e-5
    - 9 :   3, 10,  899,    9,  5,    15,  1,     7,  4,  85668, 6.3e-5
    - 10:   3, 10,  884,   14,  3,    15,  1,     7,  4, 130150, 6.0e-5
    - 11:   3, 10,  889,   14,  3,    15,  1,    10,  3, 183772, 6.2e-5
    - 12:   3, 10,  905,   22,  2,    15,  1,    10,  3, 288283, 6.2e-5
    - 13:   3, 10,  917,   22,  2,    15,  1,    31,  1, 879362, 6.3e-5
    # no solution starting from log norm2 = 14

  - 10: # bits
    -ln2:   k,  N,    n, br_l,br_b, ks_l,ks_b, cb_l,cb_b,  cost, p_error
    - 0 :   2, 10,  880,    5,  7,     7,  2,     3,  6,  12794, 6.3e-5
    - 1 :   2, 10,  904,    6,  6,     7,  2,     3,  6,  15348, 6.3e-5
    - 2 :   2, 10,  894,    6,  6,     7,  2,     4,  5,  19554, 6.3e-5
    - 3 :   3, 10,  890,    5,  8,     7,  2,     3,  7,  24554, 6.1e-5
    - 4 :   3, 10,  918,    6,  7,     7,  2,     3,  7,  29534, 6.3e-5
    - 5 :   3, 10,  891,    6,  7,     7,  2,     4,  6,  37709, 6.0e-5
    - 6 :   3, 10,  898,    7,  6,     7,  2,     4,  6,  43761, 6.2e-5
    - 7 :   3, 10,  888,    7,  6,    14,  1,     5,  5,  53898, 6.2e-5
    - 8 :   3, 10,  890,    7,  6,    15,  1,     7,  4,  73985, 6.2e-5
    - 9 :   3, 10,  907,    9,  5,    15,  1,     7,  4,  94784, 6.3e-5
    - 10:   3, 10,  886,   14,  3,    15,  1,     7,  4, 143542, 6.3e-5
    - 11:   3, 10,  893,   14,  3,    15,  1,    10,  3, 202790, 6.2e-5
    - 12:   3, 10,  916,   22,  2,    15,  1,    10,  3, 319213, 6.3e-5
    - 13:   3, 10,  898,   44,  1,    15,  1,    16,  2, 991837, 6.2e-5
    # no solution starting from log norm2 = 14

  - 11: # bits
    -ln2:   k,  N,    n, br_l,br_b, ks_l,ks_b, cb_l,cb_b,  cost, p_error
    - 0 :   2, 10,  882,    5,  7,     7,  2,     3,  6,  14036, 6.3e-5
    - 1 :   2, 10,  915,    6,  6,     7,  2,     3,  6,  16953, 6.3e-5
    - 2 :   2, 10,  900,    6,  6,     7,  2,     4,  5,  21497, 6.2e-5
    - 3 :   3, 10,  891,    5,  8,     7,  2,     3,  7,  26883, 6.3e-5
    - 4 :   3, 10,  922,    6,  7,     8,  2,     3,  7,  32456, 6.2e-5
    - 5 :   3, 10,  892,    6,  7,     7,  2,     4,  6,  41256, 6.1e-5
    - 6 :   3, 10,  901,    7,  6,     7,  2,     4,  6,  47930, 6.1e-5
    - 7 :   3, 10,  890,    7,  6,    15,  1,     5,  5,  59035, 6.1e-5
    - 8 :   3, 10,  894,    7,  6,    15,  1,     7,  4,  80993, 6.3e-5
    - 9 :   3, 10,  920,    9,  5,    15,  1,     7,  4, 104245, 6.3e-5
    - 10:   3, 10,  889,   14,  3,    15,  1,     7,  4, 157044, 6.3e-5
    - 11:   3, 10,  898,   14,  3,    15,  1,    10,  3, 221998, 6.2e-5
    - 12:   3, 10,  941,   22,  2,    16,  1,    10,  3, 352953, 6.3e-5
    - 13:   3, 10,  904,   44,  1,    15,  1,    16,  2, 1085813, 6.3e-5
    # no solution starting from log norm2 = 14

  - 12: # bits
    -ln2:   k,  N,    n, br_l,br_b, ks_l,ks_b, cb_l,cb_b,  cost, p_error
    - 0 :   2, 10,  890,    5,  7,     7,  2,     3,  6,  17604, 6.2e-5
    - 1 :   2, 10,  897,    5,  7,     7,  2,     4,  5,  22697, 6.2e-5
    - 2 :   2, 10,  904,    6,  6,    15,  1,     4,  5,  27316, 6.3e-5
    - 3 :   3, 10,  896,    5,  8,     7,  2,     3,  7,  33628, 6.0e-5
    - 4 :   3, 10,  953,    6,  7,    16,  1,     3,  7,  41859, 6.3e-5
    - 5 :   3, 10,  897,    6,  7,     7,  2,     4,  6,  51628, 6.0e-5
    - 6 :   3, 10,  894,    7,  6,    14,  1,     4,  6,  60135, 6.3e-5
    - 7 :   3, 10,  902,    7,  6,    15,  1,     5,  5,  74180, 6.2e-5
    - 8 :   3, 10,  913,    7,  6,    15,  1,     7,  4, 102169, 6.2e-5
    - 9 :   3, 10,  897,    8,  5,    15,  1,     9,  3, 146034, 6.2e-5
    - 10:   3, 10,  901,   14,  3,    15,  1,     7,  4, 197336, 6.3e-5
    - 11:   3, 10,  924,   14,  3,    16,  1,    10,  3, 281040, 6.3e-5
    - 12:   3, 10,  888,   22,  2,    15,  1,    15,  2, 636957, 6.2e-5
    - 13:   3, 10,  928,   45,  1,    16,  1,    16,  2, 1403524, 6.3e-5
    # no solution starting from log norm2 = 14

  - 13: # bits
    -ln2:   k,  N,    n, br_l,br_b, ks_l,ks_b, cb_l,cb_b,  cost, p_error
    - 0 :   2, 10,  893,    5,  7,     7,  2,     3,  6,  18881, 6.2e-5
    - 1 :   2, 10,  901,    5,  7,     7,  2,     4,  5,  24344, 6.3e-5
    - 2 :   3, 10,  905,    4,  9,     7,  2,     3,  7,  29502, 6.3e-5
    - 3 :   3, 10,  897,    5,  8,     7,  2,     3,  7,  35975, 6.2e-5
    - 4 :   3, 10,  893,    5,  8,     7,  2,     4,  6,  46459, 6.1e-5
    - 5 :   3, 10,  898,    6,  7,     7,  2,     4,  6,  55199, 6.3e-5
    - 6 :   3, 10,  895,    7,  6,    15,  1,     4,  6,  64375, 6.2e-5
    - 7 :   3, 10,  908,    7,  6,    15,  1,     5,  5,  79497, 6.2e-5
    - 8 :   3, 10,  925,    7,  6,    15,  1,     7,  4, 109788, 6.3e-5
    - 9 :   3, 10,  901,    8,  5,    15,  1,     9,  3, 156225, 6.3e-5
    - 10:   3, 10,  907,   14,  3,    15,  1,     7,  4, 211357, 6.3e-5
    - 11:   3, 10,  899,   15,  3,    15,  1,    10,  3, 316750, 6.3e-5
    - 12:   3, 10,  890,   22,  2,    15,  1,    15,  2, 680424, 6.3e-5
    - 13:   3, 10,  910,   44,  1,    15,  1,    31,  1, 2785213, 6.2e-5
    # no solution starting from log norm2 = 14

  - 14: # bits
    -ln2:   k,  N,    n, br_l,br_b, ks_l,ks_b, cb_l,cb_b,  cost, p_error
    - 0 :   2, 10,  893,    5,  7,     7,  2,     3,  6,  18881, 6.2e-5
    - 1 :   2, 10,  901,    5,  7,     7,  2,     4,  5,  24344, 6.3e-5
    - 2 :   3, 10,  905,    4,  9,     7,  2,     3,  7,  29502, 6.3e-5
    - 3 :   3, 10,  897,    5,  8,     7,  2,     3,  7,  35975, 6.2e-5
    - 4 :   3, 10,  893,    5,  8,     7,  2,     4,  6,  46459, 6.1e-5
    - 5 :   3, 10,  898,    6,  7,     7,  2,     4,  6,  55199, 6.3e-5
    - 6 :   3, 10,  895,    7,  6,    15,  1,     4,  6,  64375, 6.2e-5
    - 7 :   3, 10,  908,    7,  6,    15,  1,     5,  5,  79497, 6.2e-5
    - 8 :   3, 10,  925,    7,  6,    15,  1,     7,  4, 109788, 6.3e-5
    - 9 :   3, 10,  901,    8,  5,    15,  1,     9,  3, 156225, 6.3e-5
    - 10:   3, 10,  907,   14,  3,    15,  1,     7,  4, 211357, 6.3e-5
    - 11:   3, 10,  899,   15,  3,    15,  1,    10,  3, 316750, 6.3e-5
    - 12:   3, 10,  890,   22,  2,    15,  1,    15,  2, 680424, 6.3e-5
    - 13:   3, 10,  910,   44,  1,    15,  1,    31,  1, 2785213, 6.2e-5
    # no solution starting from log norm2 = 14

  - 15: # bits
    -ln2:   k,  N,    n, br_l,br_b, ks_l,ks_b, cb_l,cb_b,  cost, p_error
    - 0 :   2, 10,  893,    5,  7,     7,  2,     3,  6,  18881, 6.2e-5
    - 1 :   2, 10,  901,    5,  7,     7,  2,     4,  5,  24344, 6.3e-5
    - 2 :   3, 10,  905,    4,  9,     7,  2,     3,  7,  29502, 6.3e-5
    - 3 :   3, 10,  897,    5,  8,     7,  2,     3,  7,  35975, 6.2e-5
    - 4 :   3, 10,  893,    5,  8,     7,  2,     4,  6,  46459, 6.1e-5
    - 5 :   3, 10,  898,    6,  7,     7,  2,     4,  6,  55199, 6.3e-5
    - 6 :   3, 10,  895,    7,  6,    15,  1,     4,  6,  64375, 6.2e-5
    - 7 :   3, 10,  908,    7,  6,    15,  1,     5,  5,  79497, 6.2e-5
    - 8 :   3, 10,  925,    7,  6,    15,  1,     7,  4, 109788, 6.3e-5
    - 9 :   3, 10,  901,    8,  5,    15,  1,     9,  3, 156225, 6.3e-5
    - 10:   3, 10,  907,   14,  3,    15,  1,     7,  4, 211357, 6.3e-5
    - 11:   3, 10,  899,   15,  3,    15,  1,    10,  3, 316750, 6.3e-5
    - 12:   3, 10,  890,   22,  2,    15,  1,    15,  2, 680424, 6.3e-5
    - 13:   3, 10,  910,   44,  1,    15,  1,    31,  1, 2785213, 6.2e-5
    # no solution starting from log norm2 = 14

  - 16: # bits
    -ln2:   k,  N,    n, br_l,br_b, ks_l,ks_b, cb_l,cb_b,  cost, p_error
    - 0 :   2, 10,  901,    5,  7,     7,  2,     3,  6,  21280, 6.2e-5
    - 1 :   2, 10,  915,    5,  7,     7,  2,     4,  5,  27587, 6.3e-5
    - 2 :   3, 10,  912,    4,  9,     7,  2,     3,  7,  33219, 6.1e-5
    - 3 :   3, 10,  900,    5,  8,     7,  2,     3,  7,  40410, 6.3e-5
    - 4 :   3, 10,  895,    5,  8,     7,  2,     4,  6,  52200, 6.2e-5
    - 5 :   3, 10,  902,    6,  7,     7,  2,     4,  6,  62084, 6.2e-5
    - 6 :   3, 10,  903,    7,  6,    15,  1,     4,  6,  72566, 6.2e-5
    - 7 :   3, 10,  928,    7,  6,    15,  1,     5,  5,  90224, 6.3e-5
    - 8 :   3, 10,  885,    8,  5,    14,  1,     7,  4, 136952, 6.1e-5
    - 9 :   3, 10,  914,    8,  5,    15,  1,     9,  3, 176759, 6.2e-5
    - 10:   3, 10,  925,   14,  3,    16,  1,     7,  4, 239712, 6.3e-5
    - 11:   3, 10,  910,   15,  3,    15,  1,    10,  3, 357961, 6.3e-5
    - 12:   3, 10,  896,   22,  2,    15,  1,    15,  2, 767239, 6.3e-5
    - 13:   3, 10,  932,   44,  1,    16,  1,    31,  1, 3165401, 6.3e-5
    # no solution starting from log norm2 = 14
