security level: 128
target p_error: 6.3e-5
per precision and log norm2:

  - 1: # bits
    -ln2:   k,  N,    n, br_l,br_b, ks_l,ks_b, cb_l,cb_b, pp_l,pp_b,  cost, p_error
    - 0 :   2, 10,  597,    2, 15,     3,  3,     1, 10,     1, 25,     99, 6.1e-5
    - 1 :   2, 10,  607,    2, 15,     3,  3,     1, 10,     1, 25,    100, 6.2e-5
    - 2 :   2, 10,  582,    2, 15,     5,  2,     1, 11,     2, 17,    126, 5.6e-5
    - 3 :   2, 10,  569,    3, 12,     5,  2,     1, 13,     2, 17,    147, 6.2e-5
    - 4 :   2, 10,  596,    3, 12,     5,  2,     1, 13,     2, 17,    152, 5.9e-5
    - 5 :   2, 10,  590,    4,  9,     5,  2,     1, 14,     2, 17,    175, 6.1e-5
    - 6 :   2, 10,  623,    5,  8,     6,  2,     1, 14,     3, 13,    234, 6.3e-5
    - 7 :   2, 10,  572,    3, 12,     5,  2,     2,  8,     2, 17,    285, 5.8e-5
    - 8 :   2, 10,  636,    3, 12,     6,  2,     2,  8,     2, 17,    308, 6.3e-5
    - 9 :   2, 10,  578,    4,  9,     5,  2,     2,  9,     2, 17,    334, 5.9e-5
    - 10:   2, 10,  620,    5,  8,     6,  2,     2, 10,     2, 17,    405, 6.3e-5
    - 11:   2, 10,  595,    6,  7,     5,  2,     2, 10,     3, 13,    487, 6.1e-5
    - 12:   2, 10,  584,    5,  8,     5,  2,     3,  7,     2, 17,    571, 5.6e-5
    - 13:   2, 10,  586,    6,  7,    11,  1,     3,  8,     3, 13,    731, 6.3e-5
    - 14:   2, 10,  624,    7,  6,    12,  1,     3,  8,     3, 13,    843, 6.3e-5
    - 15:   2, 10,  571,    7,  6,    10,  1,     4,  6,     3, 13,   1040, 5.9e-5
    - 16:   2, 10,  575,    7,  6,    10,  1,     5,  5,     3, 13,   1301, 6.1e-5
    - 17:   2, 10,  610,    8,  5,    11,  1,     6,  5,     3, 13,   1778, 6.3e-5
    - 18:   2, 10,  593,    9,  5,    11,  1,     7,  4,     3, 13,   2196, 6.0e-5
    - 19:   2, 10,  635,   11,  4,    12,  1,     7,  4,     5,  9,   3020, 6.3e-5
    - 20:   2, 10,  574,   14,  3,    11,  1,    10,  3,     4, 10,   4467, 5.8e-5
    - 21:   2, 10,  602,   22,  2,    11,  1,    10,  3,     4, 10,   6614, 6.2e-5
    - 22:   2, 10,  587,   44,  1,    11,  1,    16,  2,     4, 10,  18816, 6.2e-5
    # no solution starting from log norm2 = 23

  - 2: # bits
    -ln2:   k,  N,    n, br_l,br_b, ks_l,ks_b, cb_l,cb_b, pp_l,pp_b,  cost, p_error
    - 0 :   2, 10,  615,    3, 12,     5,  2,     1, 13,     2, 17,    406, 6.0e-5
    - 1 :   2, 10,  617,    3, 12,     6,  2,     1, 13,     2, 17,    412, 5.6e-5
    - 2 :   2, 10,  621,    2, 15,     6,  2,     2,  7,     1, 25,    480, 5.6e-5
    - 3 :   2, 10,  628,    5,  8,     6,  2,     1, 14,     2, 17,    572, 6.1e-5
    - 4 :   2, 10,  609,    3, 12,     6,  2,     2,  8,     2, 17,    694, 5.8e-5
    - 5 :   2, 10,  623,    3, 12,     6,  2,     2,  8,     2, 17,    705, 6.1e-5
    - 6 :   2, 10,  612,    4,  9,     6,  2,     2,  9,     2, 17,    822, 5.1e-5
    - 7 :   2, 10,  649,    4,  9,     6,  2,     2,  9,     2, 17,    860, 6.1e-5
    - 8 :   2, 10,  611,    4,  9,     6,  2,     3,  7,     2, 17,   1157, 5.8e-5
    - 9 :   2, 10,  643,    4,  9,     6,  2,     3,  7,     2, 17,   1202, 6.3e-5
    - 10:   2, 10,  635,    5,  8,     6,  2,     3,  7,     3, 13,   1517, 6.3e-5
    - 11:   2, 10,  669,    5,  8,     6,  2,     4,  6,     2, 17,   1845, 6.3e-5
    - 12:   2, 10,  618,    6,  7,    12,  1,     4,  6,     3, 13,   2183, 6.0e-5
    - 13:   2, 10,  623,    8,  5,    12,  1,     4,  6,     3, 13,   2656, 6.3e-5
    - 14:   2, 10,  631,    8,  5,    12,  1,     5,  5,     3, 13,   3282, 5.9e-5
    - 15:   2, 10,  616,    8,  5,    12,  1,     7,  4,     3, 13,   4398, 6.2e-5
    - 16:   2, 10,  630,   11,  4,    12,  1,     7,  4,     3, 13,   5637, 6.2e-5
    - 17:   2, 10,  675,   15,  3,    13,  1,     7,  4,     4, 10,   7971, 6.3e-5
    - 18:   2, 10,  664,   15,  3,    13,  1,    10,  3,     5,  9,  11500, 6.3e-5
    - 19:   2, 10,  621,   22,  2,    12,  1,    16,  2,     4, 10,  22289, 6.1e-5
    - 20:   2, 10,  660,   44,  1,    13,  1,    32,  1,     5,  9,  86564, 6.3e-5
    # no solution starting from log norm2 = 21

  - 3: # bits
    -ln2:   k,  N,    n, br_l,br_b, ks_l,ks_b, cb_l,cb_b, pp_l,pp_b,  cost, p_error
    - 0 :   2, 10,  688,    2, 15,     6,  2,     2,  7,     1, 25,    822, 6.0e-5
    - 1 :   2, 10,  729,    5,  8,     7,  2,     1, 14,     2, 17,   1069, 6.3e-5
    - 2 :   2, 10,  654,    3, 12,     6,  2,     2,  8,     2, 17,   1147, 6.1e-5
    - 3 :   2, 10,  692,    3, 12,     7,  2,     2,  8,     2, 17,   1205, 6.3e-5
    - 4 :   2, 10,  660,    4,  9,     6,  2,     2,  9,     2, 17,   1372, 5.6e-5
    - 5 :   2, 10,  687,    5,  8,     7,  2,     2,  9,     2, 17,   1649, 6.1e-5
    - 6 :   2, 10,  659,    4,  9,     6,  2,     3,  7,     2, 17,   1902, 5.8e-5
    - 7 :   2, 10,  664,    5,  8,     6,  2,     3,  7,     2, 17,   2213, 5.8e-5
    - 8 :   2, 10,  679,    6,  7,     7,  2,     3,  8,     3, 13,   2784, 6.0e-5
    - 9 :   2, 10,  703,    7,  6,     7,  2,     3,  8,     3, 13,   3176, 6.3e-5
    - 10:   2, 10,  652,    7,  6,    12,  1,     4,  6,     3, 13,   3873, 6.1e-5
    - 11:   2, 10,  654,    7,  6,    13,  1,     5,  5,     3, 13,   4733, 6.0e-5
    - 12:   2, 10,  682,    8,  5,    13,  1,     6,  5,     3, 13,   6318, 6.3e-5
    - 13:   2, 10,  670,    9,  5,    13,  1,     7,  4,     3, 13,   7803, 6.0e-5
    - 14:   2, 10,  692,   11,  4,    14,  1,     7,  4,     4, 10,   9827, 6.3e-5
    - 15:   2, 10,  655,   14,  3,    13,  1,    10,  3,     4, 10,  15697, 5.9e-5
    - 16:   2, 10,  675,   22,  2,    13,  1,    10,  3,     4, 10,  23175, 6.2e-5
    - 17:   2, 10,  665,   44,  1,    13,  1,    16,  2,     4, 10,  65796, 6.2e-5
    # no solution starting from log norm2 = 18

  - 4: # bits
    -ln2:   k,  N,    n, br_l,br_b, ks_l,ks_b, cb_l,cb_b, pp_l,pp_b,  cost, p_error
    - 0 :   2, 10,  667,    5,  8,     6,  2,     1, 14,     2, 17,   1807, 5.9e-5
    - 1 :   2, 10,  688,    2, 15,     6,  2,     3,  5,     1, 25,   2182, 6.2e-5
    - 2 :   2, 10,  663,    3, 12,     6,  2,     2,  8,     2, 17,   2215, 5.9e-5
    - 3 :   2, 10,  653,    4,  9,     6,  2,     2,  9,     2, 17,   2592, 5.8e-5
    - 4 :   2, 10,  683,    4,  9,     6,  2,     2,  9,     2, 17,   2685, 6.1e-5
    - 5 :   2, 10,  696,    5,  8,     7,  2,     2, 10,     3, 13,   3458, 6.1e-5
    - 6 :   2, 10,  680,    4,  9,     6,  2,     3,  7,     2, 17,   3766, 6.2e-5
    - 7 :   2, 10,  698,    5,  8,     7,  2,     3,  7,     2, 17,   4460, 6.2e-5
    - 8 :   2, 10,  686,    5,  8,     7,  2,     4,  6,     2, 17,   5664, 6.2e-5
    - 9 :   2, 10,  697,    8,  5,    14,  1,     3,  8,     3, 13,   6803, 6.2e-5
    - 10:   2, 10,  686,    7,  6,    13,  1,     4,  6,     3, 13,   7856, 6.2e-5
    - 11:   2, 10,  663,    8,  5,    13,  1,     5,  5,     3, 13,  10252, 6.0e-5
    - 12:   2, 10,  654,    8,  5,    13,  1,     7,  4,     3, 13,  13836, 6.2e-5
    - 13:   2, 10,  663,   11,  4,    13,  1,     7,  4,     3, 13,  17656, 6.0e-5
    - 14:   2, 10,  724,   14,  3,    15,  1,     7,  4,     4, 10,  24053, 6.3e-5
    - 15:   2, 10,  682,   15,  3,    14,  1,    10,  3,     4, 10,  33815, 6.2e-5
    - 16:   2, 10,  679,   22,  2,    13,  1,    15,  2,     4, 10,  67881, 6.3e-5
    - 17:   2, 10,  677,   44,  1,    13,  1,    32,  1,     5,  9, 265789, 6.3e-5
    # no solution starting from log norm2 = 18

  - 5: # bits
    -ln2:   k,  N,    n, br_l,br_b, ks_l,ks_b, cb_l,cb_b, pp_l,pp_b,  cost, p_error
    - 0 :   2, 10,  667,    5,  8,     6,  2,     1, 14,     2, 17,   1807, 5.9e-5
    - 1 :   2, 10,  688,    2, 15,     6,  2,     3,  5,     1, 25,   2182, 6.2e-5
    - 2 :   2, 10,  663,    3, 12,     6,  2,     2,  8,     2, 17,   2215, 5.9e-5
    - 3 :   2, 10,  653,    4,  9,     6,  2,     2,  9,     2, 17,   2592, 5.8e-5
    - 4 :   2, 10,  683,    4,  9,     6,  2,     2,  9,     2, 17,   2685, 6.1e-5
    - 5 :   2, 10,  696,    5,  8,     7,  2,     2, 10,     3, 13,   3458, 6.1e-5
    - 6 :   2, 10,  680,    4,  9,     6,  2,     3,  7,     2, 17,   3766, 6.2e-5
    - 7 :   2, 10,  698,    5,  8,     7,  2,     3,  7,     2, 17,   4460, 6.2e-5
    - 8 :   2, 10,  686,    5,  8,     7,  2,     4,  6,     2, 17,   5664, 6.2e-5
    - 9 :   2, 10,  697,    8,  5,    14,  1,     3,  8,     3, 13,   6803, 6.2e-5
    - 10:   2, 10,  686,    7,  6,    13,  1,     4,  6,     3, 13,   7856, 6.2e-5
    - 11:   2, 10,  663,    8,  5,    13,  1,     5,  5,     3, 13,  10252, 6.0e-5
    - 12:   2, 10,  654,    8,  5,    13,  1,     7,  4,     3, 13,  13836, 6.2e-5
    - 13:   2, 10,  663,   11,  4,    13,  1,     7,  4,     3, 13,  17656, 6.0e-5
    - 14:   2, 10,  724,   14,  3,    15,  1,     7,  4,     4, 10,  24053, 6.3e-5
    - 15:   2, 10,  682,   15,  3,    14,  1,    10,  3,     4, 10,  33815, 6.2e-5
    - 16:   2, 10,  679,   22,  2,    13,  1,    15,  2,     4, 10,  67881, 6.3e-5
    - 17:   2, 10,  677,   44,  1,    13,  1,    32,  1,     5,  9, 265789, 6.3e-5
    # no solution starting from log norm2 = 18

  - 6: # bits
    -ln2:   k,  N,    n, br_l,br_b, ks_l,ks_b, cb_l,cb_b, pp_l,pp_b,  cost, p_error
    - 0 :   2, 10,  680,    2, 15,     6,  2,     2,  7,     2, 17,   2184, 6.1e-5
    - 1 :   2, 10,  651,    3, 12,     6,  2,     2,  8,     2, 17,   2601, 6.2e-5
    - 2 :   2, 10,  667,    3, 12,     6,  2,     2,  8,     2, 17,   2648, 5.7e-5
    - 3 :   2, 10,  654,    4,  9,     6,  2,     2,  9,     2, 17,   3092, 5.8e-5
    - 4 :   2, 10,  690,    4,  9,     7,  2,     2,  9,     2, 17,   3244, 6.2e-5
    - 5 :   2, 10,  654,    4,  9,     6,  2,     3,  7,     2, 17,   4328, 5.4e-5
    - 6 :   2, 10,  687,    4,  9,     7,  2,     3,  7,     2, 17,   4514, 6.0e-5
    - 7 :   2, 10,  678,    5,  8,     7,  2,     3,  7,     3, 13,   5668, 6.0e-5
    - 8 :   2, 10,  707,    5,  8,     7,  2,     4,  6,     2, 17,   6853, 6.3e-5
    - 9 :   2, 10,  661,    6,  7,    13,  1,     4,  6,     3, 13,   8143, 5.9e-5
    - 10:   2, 10,  665,    8,  5,    13,  1,     4,  6,     3, 13,   9926, 6.0e-5
    - 11:   2, 10,  672,    8,  5,    13,  1,     5,  5,     3, 13,  12210, 6.1e-5
    - 12:   2, 10,  659,    8,  5,    13,  1,     7,  4,     3, 13,  16358, 6.0e-5
    - 13:   2, 10,  672,   11,  4,    13,  1,     7,  4,     3, 13,  20993, 6.1e-5
    - 14:   2, 10,  718,   15,  3,    14,  1,     7,  4,     4, 10,  29628, 6.3e-5
    - 15:   2, 10,  721,   15,  3,    15,  1,    10,  3,     5,  9,  43256, 6.3e-5
    - 16:   2, 10,  664,   22,  2,    13,  1,    16,  2,     4, 10,  82995, 6.1e-5
    - 17:   2, 10,  691,   45,  1,    14,  1,    32,  1,     5,  9, 323058, 6.3e-5
    # no solution starting from log norm2 = 18

  - 7: # bits
    -ln2:   k,  N,    n, br_l,br_b, ks_l,ks_b, cb_l,cb_b, pp_l,pp_b,  cost, p_error
    - 0 :   2, 10,  692,    2, 15,     6,  2,     2,  7,     2, 17,   2561, 6.2e-5
    - 1 :   2, 10,  652,    3, 12,     6,  2,     2,  8,     2, 17,   3019, 5.6e-5
    - 2 :   2, 10,  671,    3, 12,     6,  2,     2,  8,     2, 17,   3084, 6.0e-5
    - 3 :   2, 10,  655,    4,  9,     6,  2,     2,  9,     2, 17,   3593, 5.9e-5
    - 4 :   2, 10,  713,    4,  9,     7,  2,     2,  9,     2, 17,   3866, 6.3e-5
    - 5 :   2, 10,  655,    4,  9,     6,  2,     3,  7,     2, 17,   5007, 5.4e-5
    - 6 :   2, 10,  706,    4,  9,     7,  2,     3,  7,     2, 17,   5329, 6.2e-5
    - 7 :   2, 10,  687,    5,  8,     7,  2,     3,  7,     3, 13,   6611, 6.0e-5
    - 8 :   2, 10,  673,    7,  6,     6,  2,     3,  8,     3, 13,   8091, 6.0e-5
    - 9 :   2, 10,  667,    6,  7,    13,  1,     4,  6,     3, 13,   9450, 6.3e-5
    - 10:   2, 10,  673,    8,  5,    13,  1,     4,  6,     3, 13,  11557, 6.3e-5
    - 11:   2, 10,  686,    8,  5,    13,  1,     5,  5,     3, 13,  14290, 6.3e-5
    - 12:   2, 10,  665,    8,  5,    13,  1,     7,  4,     3, 13,  18931, 6.0e-5
    - 13:   2, 10,  686,   11,  4,    14,  1,     7,  4,     3, 13,  24571, 6.2e-5
    - 14:   2, 10,  671,   11,  4,    13,  1,    10,  3,     4, 10,  35540, 6.1e-5
    - 15:   2, 10,  680,   21,  2,    14,  1,    10,  3,     4, 10,  59642, 6.2e-5
    - 16:   2, 10,  673,   22,  2,    13,  1,    16,  2,     4, 10,  96240, 6.0e-5
    - 17:   2, 10,  708,   45,  1,    14,  1,    33,  1,     6,  7, 396044, 6.3e-5
    # no solution starting from log norm2 = 18

  - 8: # bits
    -ln2:   k,  N,    n, br_l,br_b, ks_l,ks_b, cb_l,cb_b, pp_l,pp_b,  cost, p_error
    - 0 :   2, 10,  697,    2, 15,     7,  2,     2,  7,     2, 17,   2950, 6.2e-5
    - 1 :   2, 10,  653,    3, 12,     6,  2,     2,  8,     2, 17,   3438, 5.1e-5
    - 2 :   2, 10,  676,    3, 12,     6,  2,     2,  8,     2, 17,   3529, 6.1e-5
    - 3 :   2, 10,  656,    4,  9,     6,  2,     2,  9,     2, 17,   4096, 6.0e-5
    - 4 :   2, 10,  674,    5,  8,     6,  2,     2,  9,     2, 17,   4848, 5.8e-5
    - 5 :   2, 10,  656,    4,  9,     6,  2,     3,  7,     2, 17,   5688, 5.5e-5
    - 6 :   2, 10,  659,    5,  8,     6,  2,     3,  7,     2, 17,   6600, 5.7e-5
    - 7 :   2, 10,  701,    5,  8,     7,  2,     3,  7,     3, 13,   7611, 6.2e-5
    - 8 :   2, 10,  663,    7,  6,    13,  1,     3,  8,     3, 13,   9239, 6.2e-5
    - 9 :   2, 10,  677,    6,  7,    13,  1,     4,  6,     3, 13,  10822, 6.1e-5
    - 10:   2, 10,  687,    8,  5,    13,  1,     4,  6,     3, 13,  13311, 6.2e-5
    - 11:   2, 10,  724,    8,  5,    14,  1,     5,  5,     3, 13,  16911, 6.3e-5
    - 12:   2, 10,  673,    8,  5,    13,  1,     7,  4,     3, 13,  21589, 6.0e-5
    - 13:   2, 10,  664,   11,  4,    13,  1,     7,  4,     4, 10,  28512, 6.2e-5
    - 14:   2, 10,  683,   11,  4,    14,  1,    10,  3,     4, 10,  40690, 6.2e-5
    - 15:   2, 10,  659,   22,  2,    13,  1,    10,  3,     4, 10,  68085, 5.9e-5
    - 16:   2, 10,  686,   22,  2,    14,  1,    16,  2,     4, 10, 110359, 6.1e-5
    # no solution starting from log norm2 = 17

  - 9: # bits
    -ln2:   k,  N,    n, br_l,br_b, ks_l,ks_b, cb_l,cb_b, pp_l,pp_b,  cost, p_error
    - 0 :   2, 10,  705,    4,  9,     7,  2,     2,  9,     2, 17,   4893, 6.0e-5
    - 1 :   2, 10,  720,    4,  9,     7,  2,     2,  9,     2, 17,   4976, 6.3e-5
    - 2 :   2, 10,  729,    5,  8,     7,  2,     2, 10,     3, 13,   6314, 6.1e-5
    - 3 :   2, 10,  720,    4,  9,     7,  2,     3,  7,     2, 17,   6871, 6.0e-5
    - 4 :   2, 10,  728,    5,  8,     7,  2,     3,  7,     2, 17,   8036, 6.3e-5
    - 5 :   2, 10,  724,    5,  8,     7,  2,     4,  6,     2, 17,  10200, 6.2e-5
    - 6 :   2, 10,  733,    8,  5,     7,  2,     3,  8,     3, 13,  12139, 6.2e-5
    - 7 :   2, 10,  716,    7,  6,    14,  1,     4,  6,     3, 13,  14026, 6.3e-5
    - 8 :   2, 10,  726,    7,  6,    14,  1,     5,  5,     3, 13,  17222, 6.2e-5
    - 9 :   2, 10,  728,    7,  6,    14,  1,     7,  4,     3, 13,  23352, 6.3e-5
    - 10:   2, 10,  707,   11,  4,    14,  1,     7,  4,     3, 13,  31756, 6.0e-5
    - 11:   2, 10,  722,   14,  3,    15,  1,     7,  4,     4, 10,  40873, 6.2e-5
    - 12:   2, 10,  730,   14,  3,    15,  1,    10,  3,     4, 10,  57418, 6.2e-5
    - 13:   2, 10,  714,   22,  2,    14,  1,    15,  2,     4, 10, 119585, 6.2e-5
    - 14:   2, 10,  752,   44,  1,    15,  1,    16,  2,     5,  9, 250363, 6.3e-5
    # no solution starting from log norm2 = 15

  - 10: # bits
    -ln2:   k,  N,    n, br_l,br_b, ks_l,ks_b, cb_l,cb_b, pp_l,pp_b,  cost, p_error
    - 0 :   2, 10,  705,    4,  9,     7,  2,     2,  9,     2, 17,   5424, 6.3e-5
    - 1 :   2, 10,  723,    4,  9,     7,  2,     2,  9,     2, 17,   5535, 6.3e-5
    - 2 :   2, 10,  735,    5,  8,     7,  2,     2, 10,     3, 13,   7042, 6.1e-5
    - 3 :   2, 10,  723,    4,  9,     7,  2,     3,  7,     2, 17,   7626, 6.0e-5
    - 4 :   2, 10,  734,    5,  8,     7,  2,     3,  7,     2, 17,   8952, 6.1e-5
    - 5 :   2, 10,  728,    5,  8,     7,  2,     4,  6,     2, 17,  11322, 6.2e-5
    - 6 :   2, 10,  741,    8,  5,     7,  2,     3,  8,     3, 13,  13553, 6.3e-5
    - 7 :   2, 10,  722,    7,  6,    14,  1,     4,  6,     3, 13,  15600, 6.1e-5
    - 8 :   2, 10,  734,    7,  6,    15,  1,     5,  5,     3, 13,  19211, 6.3e-5
    - 9 :   2, 10,  738,    7,  6,    15,  1,     7,  4,     3, 13,  26067, 6.3e-5
    - 10:   2, 10,  709,   11,  4,    14,  1,     7,  4,     3, 13,  35117, 6.2e-5
    - 11:   2, 10,  730,   14,  3,    15,  1,     7,  4,     4, 10,  45509, 6.2e-5
    - 12:   2, 10,  746,   14,  3,    15,  1,    10,  3,     4, 10,  64448, 6.3e-5
    - 13:   2, 10,  718,   22,  2,    15,  1,    15,  2,     4, 10, 132424, 6.2e-5
    - 14:   2, 10,  753,   45,  1,    16,  1,    16,  2,     6,  7, 286095, 6.3e-5
    # no solution starting from log norm2 = 15

  - 11: # bits
    -ln2:   k,  N,    n, br_l,br_b, ks_l,ks_b, cb_l,cb_b, pp_l,pp_b,  cost, p_error
    - 0 :   2, 10,  706,    4,  9,     7,  2,     2,  9,     2, 17,   5961, 5.8e-5
    - 1 :   2, 10,  727,    4,  9,     7,  2,     2,  9,     2, 17,   6104, 6.1e-5
    - 2 :   2, 10,  743,    5,  8,     7,  2,     2, 10,     3, 13,   7795, 6.3e-5
    - 3 :   2, 10,  726,    4,  9,     7,  2,     3,  7,     2, 17,   8385, 6.2e-5
    - 4 :   2, 10,  741,    5,  8,     7,  2,     3,  7,     2, 17,   9890, 6.2e-5
    - 5 :   2, 10,  733,    5,  8,     7,  2,     4,  6,     2, 17,  12468, 6.2e-5
    - 6 :   2, 10,  735,    8,  5,    15,  1,     3,  8,     3, 13,  15035, 6.2e-5
    - 7 :   2, 10,  727,    7,  6,    15,  1,     4,  6,     3, 13,  17210, 6.2e-5
    - 8 :   2, 10,  754,    7,  6,    15,  1,     5,  5,     3, 13,  21476, 6.3e-5
    - 9 :   2, 10,  706,    8,  5,    14,  1,     7,  4,     3, 13,  30188, 5.9e-5
    - 10:   2, 10,  712,   11,  4,    14,  1,     7,  4,     3, 13,  38540, 6.2e-5
    - 11:   2, 10,  742,   14,  3,    15,  1,     7,  4,     4, 10,  50452, 6.3e-5
    - 12:   2, 10,  727,   15,  3,    15,  1,    10,  3,     4, 10,  72777, 6.1e-5
    - 13:   2, 10,  723,   22,  2,    15,  1,    15,  2,     4, 10, 145532, 6.3e-5
    - 14:   2, 10,  723,   44,  1,    15,  1,    32,  1,     5,  9, 568613, 6.2e-5
    # no solution starting from log norm2 = 15

  - 12: # bits
    -ln2:   k,  N,    n, br_l,br_b, ks_l,ks_b, cb_l,cb_b, pp_l,pp_b,  cost, p_error
    - 0 :   2, 10,  707,    4,  9,     7,  2,     2,  9,     2, 17,   7427, 6.0e-5
    - 1 :   2, 10,  743,    4,  9,     7,  2,     2,  9,     2, 17,   7731, 6.2e-5
    - 2 :   2, 10,  707,    4,  9,     7,  2,     3,  7,     2, 17,  10231, 5.9e-5
    - 3 :   2, 10,  741,    4,  9,     7,  2,     3,  7,     2, 17,  10619, 6.2e-5
    - 4 :   2, 10,  730,    5,  8,     7,  2,     3,  7,     3, 13,  13251, 6.0e-5
    - 5 :   2, 10,  758,    5,  8,     8,  2,     4,  6,     2, 17,  16019, 6.2e-5
    - 6 :   2, 10,  726,    6,  7,     7,  2,     4,  6,     3, 13,  18978, 6.2e-5
    - 7 :   2, 10,  716,    8,  5,    14,  1,     4,  6,     3, 13,  23241, 6.2e-5
    - 8 :   2, 10,  723,    8,  5,    14,  1,     5,  5,     3, 13,  28417, 6.2e-5
    - 9 :   2, 10,  712,    8,  5,    14,  1,     7,  4,     3, 13,  37930, 6.1e-5
    - 10:   2, 10,  722,   11,  4,    15,  1,     7,  4,     3, 13,  48704, 6.3e-5
    - 11:   2, 10,  753,   15,  3,    15,  1,     7,  4,     5,  9,  69844, 6.3e-5
    - 12:   2, 10,  721,   21,  2,    14,  1,    10,  3,     4, 10, 118753, 6.3e-5
    - 13:   2, 10,  761,   22,  2,    16,  1,    15,  2,     4, 10, 190213, 6.3e-5
    - 14:   2, 10,  744,   45,  1,    15,  1,    32,  1,     5,  9, 744391, 6.3e-5
    # no solution starting from log norm2 = 15

  - 13: # bits
    -ln2:   k,  N,    n, br_l,br_b, ks_l,ks_b, cb_l,cb_b, pp_l,pp_b,  cost, p_error
    - 0 :   2, 10,  707,    4,  9,     7,  2,     2,  9,     2, 17,   7960, 6.3e-5
    - 1 :   2, 10,  752,    4,  9,     7,  2,     2,  9,     2, 17,   8369, 6.3e-5
    - 2 :   2, 10,  707,    4,  9,     7,  2,     3,  7,     2, 17,  10953, 6.2e-5
    - 3 :   2, 10,  750,    4,  9,     7,  2,     3,  7,     2, 17,  11478, 6.3e-5
    - 4 :   2, 10,  733,    5,  8,     7,  2,     3,  7,     3, 13,  14227, 6.3e-5
    - 5 :   2, 10,  762,    5,  8,    16,  1,     4,  6,     2, 17,  17594, 6.3e-5
    - 6 :   2, 10,  729,    6,  7,     7,  2,     4,  6,     3, 13,  20365, 6.3e-5
    - 7 :   2, 10,  720,    8,  5,    14,  1,     4,  6,     3, 13,  24975, 6.0e-5
    - 8 :   2, 10,  728,    8,  5,    14,  1,     5,  5,     3, 13,  30554, 6.3e-5
    - 9 :   2, 10,  714,    8,  5,    14,  1,     7,  4,     3, 13,  40623, 6.3e-5
    - 10:   2, 10,  727,   11,  4,    15,  1,     7,  4,     3, 13,  52353, 6.3e-5
    - 11:   2, 10,  719,   11,  4,    15,  1,    10,  3,     4, 10,  75860, 6.3e-5
    - 12:   2, 10,  725,   21,  2,    15,  1,    10,  3,     4, 10, 127511, 6.2e-5
    - 13:   2, 10,  720,   22,  2,    15,  1,    16,  2,     4, 10, 205657, 6.2e-5
    - 14:   2, 10,  754,   45,  1,    15,  1,    32,  1,     6,  7, 816555, 6.3e-5
    # no solution starting from log norm2 = 15

  - 14: # bits
    -ln2:   k,  N,    n, br_l,br_b, ks_l,ks_b, cb_l,cb_b, pp_l,pp_b,  cost, p_error
    - 0 :   2, 10,  707,    4,  9,     7,  2,     2,  9,     2, 17,   7960, 6.3e-5
    - 1 :   2, 10,  752,    4,  9,     7,  2,     2,  9,     2, 17,   8369, 6.3e-5
    - 2 :   2, 10,  707,    4,  9,     7,  2,     3,  7,     2, 17,  10953, 6.2e-5
    - 3 :   2, 10,  750,    4,  9,     7,  2,     3,  7,     2, 17,  11478, 6.3e-5
    - 4 :   2, 10,  733,    5,  8,     7,  2,     3,  7,     3, 13,  14227, 6.3e-5
    - 5 :   2, 10,  762,    5,  8,    16,  1,     4,  6,     2, 17,  17594, 6.3e-5
    - 6 :   2, 10,  729,    6,  7,     7,  2,     4,  6,     3, 13,  20365, 6.3e-5
    - 7 :   2, 10,  720,    8,  5,    14,  1,     4,  6,     3, 13,  24975, 6.0e-5
    - 8 :   2, 10,  728,    8,  5,    14,  1,     5,  5,     3, 13,  30554, 6.3e-5
    - 9 :   2, 10,  714,    8,  5,    14,  1,     7,  4,     3, 13,  40623, 6.3e-5
    - 10:   2, 10,  727,   11,  4,    15,  1,     7,  4,     3, 13,  52353, 6.3e-5
    - 11:   2, 10,  719,   11,  4,    15,  1,    10,  3,     4, 10,  75860, 6.3e-5
    - 12:   2, 10,  725,   21,  2,    15,  1,    10,  3,     4, 10, 127511, 6.2e-5
    - 13:   2, 10,  720,   22,  2,    15,  1,    16,  2,     4, 10, 205657, 6.2e-5
    - 14:   2, 10,  754,   45,  1,    15,  1,    32,  1,     6,  7, 816555, 6.3e-5
    # no solution starting from log norm2 = 15

  - 15: # bits
    -ln2:   k,  N,    n, br_l,br_b, ks_l,ks_b, cb_l,cb_b, pp_l,pp_b,  cost, p_error
    - 0 :   2, 10,  707,    4,  9,     7,  2,     2,  9,     2, 17,   7960, 6.3e-5
    - 1 :   2, 10,  752,    4,  9,     7,  2,     2,  9,     2, 17,   8369, 6.3e-5
    - 2 :   2, 10,  707,    4,  9,     7,  2,     3,  7,     2, 17,  10953, 6.2e-5
    - 3 :   2, 10,  750,    4,  9,     7,  2,     3,  7,     2, 17,  11478, 6.3e-5
    - 4 :   2, 10,  733,    5,  8,     7,  2,     3,  7,     3, 13,  14227, 6.3e-5
    - 5 :   2, 10,  762,    5,  8,    16,  1,     4,  6,     2, 17,  17594, 6.3e-5
    - 6 :   2, 10,  729,    6,  7,     7,  2,     4,  6,     3, 13,  20365, 6.3e-5
    - 7 :   2, 10,  720,    8,  5,    14,  1,     4,  6,     3, 13,  24975, 6.0e-5
    - 8 :   2, 10,  728,    8,  5,    14,  1,     5,  5,     3, 13,  30554, 6.3e-5
    - 9 :   2, 10,  714,    8,  5,    14,  1,     7,  4,     3, 13,  40623, 6.3e-5
    - 10:   2, 10,  727,   11,  4,    15,  1,     7,  4,     3, 13,  52353, 6.3e-5
    - 11:   2, 10,  719,   11,  4,    15,  1,    10,  3,     4, 10,  75860, 6.3e-5
    - 12:   2, 10,  725,   21,  2,    15,  1,    10,  3,     4, 10, 127511, 6.2e-5
    - 13:   2, 10,  720,   22,  2,    15,  1,    16,  2,     4, 10, 205657, 6.2e-5
    - 14:   2, 10,  754,   45,  1,    15,  1,    32,  1,     6,  7, 816555, 6.3e-5
    # no solution starting from log norm2 = 15

  - 16: # bits
    -ln2:   k,  N,    n, br_l,br_b, ks_l,ks_b, cb_l,cb_b, pp_l,pp_b,  cost, p_error
    - 0 :   2, 10,  708,    4,  9,     7,  2,     2,  9,     2, 17,   8907, 6.2e-5
    - 1 :   2, 10,  772,    4,  9,    16,  1,     2,  9,     2, 17,  10043, 6.3e-5
    - 2 :   2, 10,  708,    4,  9,     7,  2,     3,  7,     2, 17,  12280, 6.1e-5
    - 3 :   2, 10,  762,    4,  9,    16,  1,     3,  7,     2, 17,  13500, 6.3e-5
    - 4 :   2, 10,  744,    5,  8,     7,  2,     3,  7,     3, 13,  16113, 6.3e-5
    - 5 :   2, 10,  726,    7,  6,     7,  2,     3,  8,     3, 13,  19808, 6.1e-5
    - 6 :   2, 10,  737,    6,  7,     7,  2,     4,  6,     3, 13,  23020, 6.3e-5
    - 7 :   2, 10,  728,    8,  5,    14,  1,     4,  6,     3, 13,  28238, 6.3e-5
    - 8 :   2, 10,  741,    8,  5,    15,  1,     5,  5,     3, 13,  34811, 6.3e-5
    - 9 :   2, 10,  720,    8,  5,    15,  1,     7,  4,     3, 13,  45959, 6.2e-5
    - 10:   2, 10,  743,   11,  4,    15,  1,     7,  4,     3, 13,  59843, 6.2e-5
    - 11:   2, 10,  728,   11,  4,    15,  1,    10,  3,     4, 10,  86058, 6.1e-5
    - 12:   2, 10,  738,   21,  2,    15,  1,    10,  3,     4, 10, 145422, 6.3e-5
    - 13:   2, 10,  729,   22,  2,    15,  1,    16,  2,     4, 10, 233631, 6.2e-5
    # no solution starting from log norm2 = 14
