security level: 144
target p_error: 6.3e-5
per precision and log norm2:

  - 1: # bits
    -ln2:   k,  N,    n, br_l,br_b, ks_l,ks_b, cb_l,cb_b,  cost, p_error
    - 0 :   2, 10,  655,    2, 15,     3,  3,     1, 10,    130, 6.3e-5
    - 1 :   2, 10,  665,    2, 15,     3,  3,     1, 10,    131, 6.2e-5
    - 2 :   2, 10,  727,    2, 15,     4,  3,     1, 10,    142, 6.2e-5
    - 3 :   2, 10,  630,    3, 11,     5,  2,     1, 12,    182, 6.1e-5
    - 4 :   2, 10,  629,    4,  9,     5,  2,     1, 13,    232, 6.2e-5
    - 5 :   2, 10,  652,    2, 15,     5,  2,     2,  7,    258, 6.2e-5
    - 6 :   2, 10,  623,    3, 11,     5,  2,     2,  8,    350, 5.2e-5
    - 7 :   2, 10,  636,    3, 11,     5,  2,     2,  8,    354, 6.1e-5
    - 8 :   2, 10,  628,    4,  9,     5,  2,     2,  9,    451, 5.6e-5
    - 9 :   2, 10,  644,    3, 11,     5,  2,     3,  6,    529, 6.0e-5
    - 10:   2, 10,  631,    4,  9,     5,  2,     3,  7,    672, 5.6e-5
    - 11:   2, 10,  634,    5,  8,     5,  2,     3,  7,    824, 5.5e-5
    - 12:   2, 10,  646,    6,  7,     5,  2,     3,  7,    984, 6.1e-5
    - 13:   2, 10,  633,    8,  5,    10,  1,     3,  8,   1285, 6.3e-5
    - 14:   2, 10,  637,    7,  6,    11,  1,     4,  6,   1514, 6.3e-5
    - 15:   2, 10,  695,    8,  5,    12,  1,     4,  6,   1803, 6.3e-5
    - 16:   2, 10,  630,   10,  4,    10,  1,     5,  5,   2619, 5.9e-5
    - 17:   2, 10,  627,   10,  4,    11,  1,     7,  4,   3650, 5.7e-5
    - 18:   2, 10,  656,   10,  4,    11,  1,     9,  3,   4802, 6.3e-5
    - 19:   2, 10,  664,   14,  3,    12,  1,    10,  3,   7421, 6.3e-5
    - 20:   2, 10,  636,   21,  2,    11,  1,    15,  2,  16119, 6.1e-5
    - 21:   3, 10,  659,   22,  2,    11,  1,    15,  2,  36984, 6.2e-5
    - 22:   3, 10,  665,   44,  1,    11,  1,    32,  1, 157252, 6.2e-5
    # no solution starting from log norm2 = 23

  - 2: # bits
    -ln2:   k,  N,    n, br_l,br_b, ks_l,ks_b, cb_l,cb_b,  cost, p_error
    - 0 :   2, 10,  680,    3, 11,     5,  2,     1, 12,    487, 5.6e-5
    - 1 :   2, 10,  694,    3, 11,     6,  2,     1, 12,    500, 5.9e-5
    - 2 :   2, 10,  677,    2, 15,     6,  2,     2,  7,    611, 6.1e-5
    - 3 :   2, 10,  667,    3, 11,     6,  2,     2,  8,    837, 5.6e-5
    - 4 :   2, 10,  673,    3, 11,     6,  2,     2,  8,    842, 5.3e-5
    - 5 :   2, 10,  735,    3, 11,     6,  2,     2,  8,    893, 6.2e-5
    - 6 :   2, 10,  687,    4,  9,     6,  2,     2,  9,   1091, 6.1e-5
    - 7 :   2, 10,  719,    5,  8,     6,  2,     2,  9,   1367, 6.3e-5
    - 8 :   2, 10,  699,    4,  9,     6,  2,     3,  7,   1570, 6.1e-5
    - 9 :   2, 10,  715,    5,  8,     6,  2,     3,  7,   1942, 6.1e-5
    - 10:   2, 10,  693,    7,  6,     6,  2,     3,  7,   2591, 5.8e-5
    - 11:   2, 10,  666,    7,  6,    11,  1,     4,  6,   3317, 5.7e-5
    - 12:   2, 10,  674,    8,  5,    11,  1,     4,  6,   3782, 6.0e-5
    - 13:   2, 10,  679,    8,  5,    12,  1,     5,  5,   4678, 6.1e-5
    - 14:   2, 10,  690,    8,  5,    12,  1,     7,  4,   6486, 6.2e-5
    - 15:   2, 10,  669,   10,  4,    12,  1,     9,  3,  10011, 6.1e-5
    - 16:   2, 10,  696,   14,  3,    12,  1,     9,  3,  14139, 6.0e-5
    - 17:   2, 10,  696,   14,  3,    12,  1,    15,  2,  23241, 6.1e-5
    - 18:   3, 10,  708,   22,  2,    12,  1,    10,  3,  51604, 6.3e-5
    - 19:   3, 10,  720,   22,  2,    13,  1,    31,  1, 158800, 6.3e-5
    # no solution starting from log norm2 = 20

  - 3: # bits
    -ln2:   k,  N,    n, br_l,br_b, ks_l,ks_b, cb_l,cb_b,  cost, p_error
    - 0 :   2, 10,  743,    2, 15,     6,  2,     2,  7,   1020, 5.9e-5
    - 1 :   2, 10,  716,    3, 11,     6,  2,     2,  8,   1373, 5.5e-5
    - 2 :   2, 10,  728,    3, 11,     6,  2,     2,  8,   1388, 6.0e-5
    - 3 :   2, 10,  721,    4,  9,     6,  2,     2,  9,   1760, 5.7e-5
    - 4 :   2, 10,  735,    3, 11,     6,  2,     3,  6,   1956, 6.1e-5
    - 5 :   2, 10,  724,    4,  9,     6,  2,     3,  7,   2480, 5.8e-5
    - 6 :   2, 10,  726,    5,  8,     6,  2,     3,  7,   3028, 6.2e-5
    - 7 :   2, 10,  737,    6,  7,     6,  2,     3,  7,   3606, 6.1e-5
    - 8 :   2, 10,  723,    6,  7,    12,  1,     4,  6,   4649, 6.0e-5
    - 9 :   2, 10,  728,    7,  6,    13,  1,     4,  6,   5384, 6.2e-5
    - 10:   2, 10,  763,    8,  5,    14,  1,     4,  6,   6282, 6.2e-5
    - 11:   2, 10,  759,    8,  5,    14,  1,     6,  4,   9055, 6.2e-5
    - 12:   2, 10,  719,   10,  4,    13,  1,     7,  4,  12472, 5.7e-5
    - 13:   2, 10,  742,   10,  4,    13,  1,     9,  3,  16120, 6.3e-5
    - 14:   2, 10,  751,   14,  3,    14,  1,    10,  3,  24788, 6.2e-5
    - 15:   2, 10,  727,   21,  2,    13,  1,    15,  2,  53345, 6.1e-5
    - 16:   3, 10,  747,   22,  2,    13,  1,    15,  2, 118262, 6.0e-5
    - 17:   3, 10,  781,   44,  1,    14,  1,    31,  1, 489452, 6.3e-5
    # no solution starting from log norm2 = 18

  - 4: # bits
    -ln2:   k,  N,    n, br_l,br_b, ks_l,ks_b, cb_l,cb_b,  cost, p_error
    - 0 :   2, 10,  714,    3, 11,     6,  2,     2,  8,   2629, 5.9e-5
    - 1 :   2, 10,  719,    3, 11,     6,  2,     2,  8,   2642, 6.1e-5
    - 2 :   2, 10,  756,    3, 11,     7,  2,     2,  8,   2751, 6.3e-5
    - 3 :   2, 10,  733,    4,  9,     6,  2,     2,  9,   3416, 5.8e-5
    - 4 :   2, 10,  751,    5,  8,     7,  2,     2,  9,   4239, 6.0e-5
    - 5 :   2, 10,  744,    4,  9,     6,  2,     3,  7,   4903, 5.9e-5
    - 6 :   2, 10,  750,    5,  8,     7,  2,     3,  7,   6024, 5.9e-5
    - 7 :   2, 10,  772,    5,  8,     7,  2,     4,  6,   7958, 6.3e-5
    - 8 :   2, 10,  712,    7,  6,    12,  1,     4,  6,  10377, 5.7e-5
    - 9 :   2, 10,  718,    8,  5,    12,  1,     4,  6,  11802, 6.2e-5
    - 10:   2, 10,  722,    8,  5,    13,  1,     5,  5,  14574, 5.8e-5
    - 11:   2, 10,  730,    8,  5,    13,  1,     7,  4,  20136, 6.0e-5
    - 12:   2, 10,  786,    8,  5,    14,  1,     9,  3,  26785, 6.3e-5
    - 13:   2, 10,  732,   14,  3,    13,  1,     9,  3,  43691, 6.0e-5
    - 14:   2, 10,  778,   14,  3,    14,  1,    14,  2,  69559, 6.3e-5
    - 15:   3, 10,  781,   14,  3,    14,  1,    15,  2, 153872, 6.3e-5
    - 16:   3, 10,  796,   44,  1,    15,  1,    15,  2, 479734, 6.3e-5
    # no solution starting from log norm2 = 17

  - 5: # bits
    -ln2:   k,  N,    n, br_l,br_b, ks_l,ks_b, cb_l,cb_b,  cost, p_error
    - 0 :   2, 10,  714,    3, 11,     6,  2,     2,  8,   2629, 5.9e-5
    - 1 :   2, 10,  719,    3, 11,     6,  2,     2,  8,   2642, 6.1e-5
    - 2 :   2, 10,  756,    3, 11,     7,  2,     2,  8,   2751, 6.3e-5
    - 3 :   2, 10,  733,    4,  9,     6,  2,     2,  9,   3416, 5.8e-5
    - 4 :   2, 10,  751,    5,  8,     7,  2,     2,  9,   4239, 6.0e-5
    - 5 :   2, 10,  744,    4,  9,     6,  2,     3,  7,   4903, 5.9e-5
    - 6 :   2, 10,  750,    5,  8,     7,  2,     3,  7,   6024, 5.9e-5
    - 7 :   2, 10,  772,    5,  8,     7,  2,     4,  6,   7958, 6.3e-5
    - 8 :   2, 10,  712,    7,  6,    12,  1,     4,  6,  10377, 5.7e-5
    - 9 :   2, 10,  718,    8,  5,    12,  1,     4,  6,  11802, 6.2e-5
    - 10:   2, 10,  722,    8,  5,    13,  1,     5,  5,  14574, 5.8e-5
    - 11:   2, 10,  730,    8,  5,    13,  1,     7,  4,  20136, 6.0e-5
    - 12:   2, 10,  786,    8,  5,    14,  1,     9,  3,  26785, 6.3e-5
    - 13:   2, 10,  732,   14,  3,    13,  1,     9,  3,  43691, 6.0e-5
    - 14:   2, 10,  778,   14,  3,    14,  1,    14,  2,  69559, 6.3e-5
    - 15:   3, 10,  781,   14,  3,    14,  1,    15,  2, 153872, 6.3e-5
    - 16:   3, 10,  796,   44,  1,    15,  1,    15,  2, 479734, 6.3e-5
    # no solution starting from log norm2 = 17

  - 6: # bits
    -ln2:   k,  N,    n, br_l,br_b, ks_l,ks_b, cb_l,cb_b,  cost, p_error
    - 0 :   2, 10,  714,    3, 11,     6,  2,     2,  8,   3123, 6.2e-5
    - 1 :   2, 10,  721,    3, 11,     6,  2,     2,  8,   3144, 5.4e-5
    - 2 :   2, 10,  783,    3, 11,     7,  2,     2,  8,   3349, 6.3e-5
    - 3 :   2, 10,  738,    4,  9,     6,  2,     2,  9,   4075, 6.2e-5
    - 4 :   2, 10,  768,    5,  8,     7,  2,     2,  9,   5111, 6.1e-5
    - 5 :   2, 10,  749,    4,  9,     7,  2,     3,  7,   5839, 6.3e-5
    - 6 :   2, 10,  766,    5,  8,     7,  2,     3,  7,   7216, 6.2e-5
    - 7 :   2, 10,  741,    7,  6,     7,  2,     3,  7,   9591, 6.0e-5
    - 8 :   2, 10,  714,    7,  6,    12,  1,     4,  6,  12242, 6.2e-5
    - 9 :   2, 10,  721,    8,  5,    13,  1,     4,  6,  13954, 5.7e-5
    - 10:   2, 10,  728,    8,  5,    13,  1,     5,  5,  17220, 5.9e-5
    - 11:   2, 10,  741,    8,  5,    13,  1,     7,  4,  23837, 6.1e-5
    - 12:   2, 10,  717,   10,  4,    13,  1,     9,  3,  36646, 6.0e-5
    - 13:   2, 10,  744,   14,  3,    13,  1,     9,  3,  51687, 6.1e-5
    - 14:   2, 10,  747,   14,  3,    13,  1,    15,  2,  84964, 6.3e-5
    - 15:   3, 10,  757,   22,  2,    14,  1,    10,  3, 186003, 6.3e-5
    - 16:   3, 10,  773,   22,  2,    14,  1,    31,  1, 571943, 6.2e-5
    # no solution starting from log norm2 = 17

  - 7: # bits
    -ln2:   k,  N,    n, br_l,br_b, ks_l,ks_b, cb_l,cb_b,  cost, p_error
    - 0 :   2, 10,  715,    3, 11,     6,  2,     2,  8,   3620, 5.3e-5
    - 1 :   2, 10,  722,    3, 11,     6,  2,     2,  8,   3645, 5.8e-5
    - 2 :   2, 10,  718,    4,  9,     6,  2,     2,  9,   4634, 5.6e-5
    - 3 :   2, 10,  745,    4,  9,     6,  2,     2,  9,   4750, 6.1e-5
    - 4 :   2, 10,  720,    4,  9,     6,  2,     3,  7,   6542, 5.4e-5
    - 5 :   2, 10,  763,    4,  9,     7,  2,     3,  7,   6819, 6.2e-5
    - 6 :   2, 10,  745,    4,  9,     7,  2,     4,  5,   8652, 6.1e-5
    - 7 :   2, 10,  748,    7,  6,     7,  2,     3,  7,  11129, 6.1e-5
    - 8 :   2, 10,  717,    7,  6,    12,  1,     4,  6,  14125, 6.0e-5
    - 9 :   2, 10,  725,    8,  5,    13,  1,     4,  6,  16114, 6.2e-5
    - 10:   2, 10,  735,    8,  5,    13,  1,     5,  5,  19908, 6.3e-5
    - 11:   2, 10,  759,    8,  5,    14,  1,     7,  4,  27784, 6.3e-5
    - 12:   2, 10,  721,   10,  4,    13,  1,     9,  3,  42155, 5.7e-5
    - 13:   2, 10,  764,   14,  3,    14,  1,     9,  3,  60230, 6.2e-5
    - 14:   2, 10,  782,   14,  3,    14,  1,    15,  2,  99988, 6.3e-5
    - 15:   3, 10,  782,   22,  2,    14,  1,    10,  3, 215854, 6.3e-5
    - 16:   3, 10,  751,   44,  1,    14,  1,    16,  2, 668026, 6.1e-5
    # no solution starting from log norm2 = 17

  - 8: # bits
    -ln2:   k,  N,    n, br_l,br_b, ks_l,ks_b, cb_l,cb_b,  cost, p_error
    - 0 :   2, 10,  715,    3, 11,     6,  2,     2,  8,   4115, 5.6e-5
    - 1 :   2, 10,  723,    3, 11,     6,  2,     2,  8,   4146, 6.2e-5
    - 2 :   2, 10,  719,    4,  9,     6,  2,     2,  9,   5271, 5.4e-5
    - 3 :   2, 10,  754,    4,  9,     6,  2,     2,  9,   5443, 6.3e-5
    - 4 :   2, 10,  721,    4,  9,     6,  2,     3,  7,   7420, 5.4e-5
    - 5 :   2, 10,  777,    4,  9,    14,  1,     3,  7,   8013, 6.3e-5
    - 6 :   2, 10,  753,    4,  9,     7,  2,     4,  5,   9857, 6.1e-5
    - 7 :   2, 10,  757,    7,  6,     7,  2,     3,  7,  12707, 6.3e-5
    - 8 :   2, 10,  718,    7,  6,    13,  1,     4,  6,  16016, 6.1e-5
    - 9 :   2, 10,  731,    8,  5,    13,  1,     4,  6,  18320, 6.0e-5
    - 10:   2, 10,  747,    8,  5,    13,  1,     5,  5,  22722, 6.1e-5
    - 11:   2, 10,  713,   10,  4,    13,  1,     7,  4,  37230, 5.7e-5
    - 12:   2, 10,  725,   10,  4,    13,  1,     9,  3,  47700, 5.8e-5
    - 13:   2, 10,  728,   14,  3,    13,  1,    10,  3,  72990, 5.8e-5
    - 14:   2, 10,  755,   21,  2,    14,  1,    14,  2, 152991, 6.2e-5
    - 15:   3, 10,  793,   23,  2,    15,  1,    11,  3, 280464, 6.3e-5
    - 16:   3, 10,  763,   44,  1,    14,  1,    16,  2, 756995, 6.3e-5
    # no solution starting from log norm2 = 17

  - 9: # bits
    -ln2:   k,  N,    n, br_l,br_b, ks_l,ks_b, cb_l,cb_b,  cost, p_error
    - 0 :   2, 10,  790,    4,  9,     7,  2,     2,  9,   6327, 6.0e-5
    - 1 :   2, 10,  836,    3, 11,     8,  2,     3,  6,   7230, 6.3e-5
    - 2 :   2, 10,  797,    4,  9,     7,  2,     3,  7,   8893, 6.0e-5
    - 3 :   2, 10,  803,    5,  8,     7,  2,     3,  7,  10877, 6.1e-5
    - 4 :   2, 10,  832,    6,  7,    15,  1,     3,  7,  13383, 6.3e-5
    - 5 :   2, 10,  834,    6,  7,    15,  1,     4,  6,  17168, 6.3e-5
    - 6 :   2, 10,  775,    8,  5,    14,  1,     4,  6,  21241, 6.2e-5
    - 7 :   2, 10,  779,    8,  5,    14,  1,     5,  5,  26041, 6.1e-5
    - 8 :   2, 10,  809,   10,  4,    15,  1,     5,  5,  32890, 6.3e-5
    - 9 :   2, 10,  812,   10,  4,    15,  1,     7,  4,  44958, 6.2e-5
    - 10:   2, 10,  785,   14,  3,    14,  1,     9,  3,  76882, 6.2e-5
    - 11:   2, 10,  804,   14,  3,    15,  1,    14,  2, 119239, 6.2e-5
    - 12:   3, 10,  817,   14,  3,    15,  1,    15,  2, 262758, 6.3e-5
    - 13:   3, 10,  841,   22,  2,    16,  1,    16,  2, 441468, 6.3e-5
    # no solution starting from log norm2 = 14

  - 10: # bits
    -ln2:   k,  N,    n, br_l,br_b, ks_l,ks_b, cb_l,cb_b,  cost, p_error
    - 0 :   2, 10,  792,    4,  9,     7,  2,     2,  9,   7019, 6.0e-5
    - 1 :   2, 10,  808,    5,  8,     7,  2,     2,  9,   8640, 6.1e-5
    - 2 :   2, 10,  800,    4,  9,     7,  2,     3,  7,   9854, 6.2e-5
    - 3 :   2, 10,  808,    5,  8,     7,  2,     3,  7,  12072, 6.2e-5
    - 4 :   2, 10,  827,    5,  8,     8,  2,     4,  6,  15779, 6.3e-5
    - 5 :   1, 11,  793,    8,  5,    14,  1,     3,  7,  20458, 6.3e-5
    - 6 :   2, 10,  777,    8,  5,    14,  1,     4,  6,  23488, 6.1e-5
    - 7 :   2, 10,  781,    8,  5,    14,  1,     5,  5,  28776, 6.3e-5
    - 8 :   2, 10,  833,   10,  4,    15,  1,     5,  5,  36970, 6.3e-5
    - 9 :   2, 10,  823,    8,  5,    15,  1,     9,  3,  51299, 6.3e-5
    - 10:   2, 10,  789,   14,  3,    14,  1,     9,  3,  84975, 6.2e-5
    - 11:   2, 10,  817,   14,  3,    15,  1,    14,  2, 132595, 6.3e-5
    - 12:   3, 10,  831,   14,  3,    16,  1,    15,  2, 291404, 6.3e-5
    - 13:   3, 10,  835,   44,  1,    16,  1,    15,  2, 902504, 6.3e-5
    # no solution starting from log norm2 = 14

  - 11: # bits
    -ln2:   k,  N,    n, br_l,br_b, ks_l,ks_b, cb_l,cb_b,  cost, p_error
    - 0 :   2, 10,  794,    4,  9,     7,  2,     2,  9,   7713, 6.1e-5
    - 1 :   2, 10,  814,    5,  8,     7,  2,     2,  9,   9527, 6.3e-5
    - 2 :   2, 10,  804,    4,  9,     7,  2,     3,  7,  10829, 6.3e-5
    - 3 :   2, 10,  815,    5,  8,     7,  2,     3,  7,  13299, 6.3e-5
    - 4 :   2, 10,  828,    5,  8,    15,  1,     4,  6,  17553, 6.3e-5
    - 5 :   2, 10,  786,    7,  6,     7,  2,     4,  6,  22641, 6.2e-5
    - 6 :   2, 10,  779,    8,  5,    14,  1,     4,  6,  25742, 6.0e-5
    - 7 :   2, 10,  784,    8,  5,    14,  1,     5,  5,  31545, 6.2e-5
    - 8 :   1, 11,  793,   10,  4,    15,  1,     5,  5,  42663, 6.2e-5
    - 9 :   2, 10,  824,   11,  4,    15,  1,     7,  4,  59827, 6.3e-5
    - 10:   2, 10,  793,   14,  3,    14,  1,     9,  3,  93117, 6.3e-5
    - 11:   1, 11,  792,   14,  3,    14,  1,    14,  2, 152104, 6.2e-5
    - 12:   3, 10,  809,   22,  2,    15,  1,    10,  3, 330066, 6.1e-5
    - 13:   3, 10,  817,   22,  2,    15,  1,    31,  1, 1005111, 6.3e-5
    # no solution starting from log norm2 = 14

  - 12: # bits
    -ln2:   k,  N,    n, br_l,br_b, ks_l,ks_b, cb_l,cb_b,  cost, p_error
    - 0 :   2, 10,  802,    4,  9,     7,  2,     2,  9,   9671, 6.1e-5
    - 1 :   2, 10,  837,    5,  8,    15,  1,     2,  9,  12488, 6.3e-5
    - 2 :   2, 10,  825,    4,  9,     7,  2,     3,  7,  13738, 6.3e-5
    - 3 :   2, 10,  803,    4,  9,     7,  2,     4,  5,  17295, 6.2e-5
    - 4 :   2, 10,  806,    7,  6,     7,  2,     3,  7,  22318, 6.2e-5
    - 5 :   2, 10,  790,    7,  6,     7,  2,     4,  6,  28334, 6.1e-5
    - 6 :   2, 10,  785,    8,  5,    14,  1,     4,  6,  32268, 6.2e-5
    - 7 :   2, 10,  795,    8,  5,    14,  1,     5,  5,  39714, 6.1e-5
    - 8 :   2, 10,  814,    8,  5,    15,  1,     7,  4,  54935, 6.3e-5
    - 9 :   2, 10,  781,   10,  4,    14,  1,     9,  3,  83531, 6.1e-5
    - 10:   2, 10,  813,   14,  3,    15,  1,     9,  3, 118115, 6.2e-5
    - 11:   2, 10,  832,   14,  3,    15,  1,    15,  2, 195501, 6.3e-5
    - 12:   3, 10,  837,   22,  2,    16,  1,    10,  3, 418436, 6.3e-5
    - 13:   3, 10,  811,   44,  1,    15,  1,    16,  2, 1295378, 6.1e-5
    # no solution starting from log norm2 = 14

  - 13: # bits
    -ln2:   k,  N,    n, br_l,br_b, ks_l,ks_b, cb_l,cb_b,  cost, p_error
    - 0 :   2, 10,  805,    4,  9,     7,  2,     2,  9,  10387, 6.2e-5
    - 1 :   2, 10,  782,    4,  9,     7,  2,     3,  7,  14174, 5.9e-5
    - 2 :   2, 10,  834,    4,  9,     8,  2,     3,  7,  14862, 6.3e-5
    - 3 :   2, 10,  807,    4,  9,     7,  2,     4,  5,  18555, 6.1e-5
    - 4 :   2, 10,  810,    7,  6,     7,  2,     3,  7,  23955, 6.3e-5
    - 5 :   2, 10,  791,    7,  6,     7,  2,     4,  6,  30317, 6.3e-5
    - 6 :   2, 10,  788,    8,  5,    14,  1,     4,  6,  34582, 6.1e-5
    - 7 :   2, 10,  799,    8,  5,    14,  1,     5,  5,  42577, 6.3e-5
    - 8 :   2, 10,  839,    8,  5,    16,  1,     7,  4,  59873, 6.3e-5
    - 9 :   2, 10,  783,   10,  4,    14,  1,     9,  3,  89337, 6.1e-5
    - 10:   2, 10,  827,   14,  3,    15,  1,     9,  3, 127464, 6.3e-5
    - 11:   3, 10,  809,   14,  3,    15,  1,    10,  3, 282674, 6.3e-5
    - 12:   3, 10,  848,   15,  3,    16,  1,    16,  2, 487480, 6.3e-5
    - 13:   3, 10,  816,   44,  1,    15,  1,    16,  2, 1385837, 6.2e-5
    # no solution starting from log norm2 = 14

  - 14: # bits
    -ln2:   k,  N,    n, br_l,br_b, ks_l,ks_b, cb_l,cb_b,  cost, p_error
    - 0 :   2, 10,  805,    4,  9,     7,  2,     2,  9,  10387, 6.2e-5
    - 1 :   2, 10,  782,    4,  9,     7,  2,     3,  7,  14174, 5.9e-5
    - 2 :   2, 10,  834,    4,  9,     8,  2,     3,  7,  14862, 6.3e-5
    - 3 :   2, 10,  807,    4,  9,     7,  2,     4,  5,  18555, 6.1e-5
    - 4 :   2, 10,  810,    7,  6,     7,  2,     3,  7,  23955, 6.3e-5
    - 5 :   2, 10,  791,    7,  6,     7,  2,     4,  6,  30317, 6.3e-5
    - 6 :   2, 10,  788,    8,  5,    14,  1,     4,  6,  34582, 6.1e-5
    - 7 :   2, 10,  799,    8,  5,    14,  1,     5,  5,  42577, 6.3e-5
    - 8 :   2, 10,  839,    8,  5,    16,  1,     7,  4,  59873, 6.3e-5
    - 9 :   2, 10,  783,   10,  4,    14,  1,     9,  3,  89337, 6.1e-5
    - 10:   2, 10,  827,   14,  3,    15,  1,     9,  3, 127464, 6.3e-5
    - 11:   3, 10,  809,   14,  3,    15,  1,    10,  3, 282674, 6.3e-5
    - 12:   3, 10,  848,   15,  3,    16,  1,    16,  2, 487480, 6.3e-5
    - 13:   3, 10,  816,   44,  1,    15,  1,    16,  2, 1385837, 6.2e-5
    # no solution starting from log norm2 = 14

  - 15: # bits
    -ln2:   k,  N,    n, br_l,br_b, ks_l,ks_b, cb_l,cb_b,  cost, p_error
    - 0 :   2, 10,  805,    4,  9,     7,  2,     2,  9,  10387, 6.2e-5
    - 1 :   2, 10,  782,    4,  9,     7,  2,     3,  7,  14174, 5.9e-5
    - 2 :   2, 10,  834,    4,  9,     8,  2,     3,  7,  14862, 6.3e-5
    - 3 :   2, 10,  807,    4,  9,     7,  2,     4,  5,  18555, 6.1e-5
    - 4 :   2, 10,  810,    7,  6,     7,  2,     3,  7,  23955, 6.3e-5
    - 5 :   2, 10,  791,    7,  6,     7,  2,     4,  6,  30317, 6.3e-5
    - 6 :   2, 10,  788,    8,  5,    14,  1,     4,  6,  34582, 6.1e-5
    - 7 :   2, 10,  799,    8,  5,    14,  1,     5,  5,  42577, 6.3e-5
    - 8 :   2, 10,  839,    8,  5,    16,  1,     7,  4,  59873, 6.3e-5
    - 9 :   2, 10,  783,   10,  4,    14,  1,     9,  3,  89337, 6.1e-5
    - 10:   2, 10,  827,   14,  3,    15,  1,     9,  3, 127464, 6.3e-5
    - 11:   3, 10,  809,   14,  3,    15,  1,    10,  3, 282674, 6.3e-5
    - 12:   3, 10,  848,   15,  3,    16,  1,    16,  2, 487480, 6.3e-5
    - 13:   3, 10,  816,   44,  1,    15,  1,    16,  2, 1385837, 6.2e-5
    # no solution starting from log norm2 = 14

  - 16: # bits
    -ln2:   k,  N,    n, br_l,br_b, ks_l,ks_b, cb_l,cb_b,  cost, p_error
    - 0 :   2, 10,  814,    4,  9,     7,  2,     2,  9,  11708, 6.2e-5
    - 1 :   2, 10,  783,    4,  9,     7,  2,     3,  7,  15897, 5.9e-5
    - 2 :   1, 11,  820,    4,  9,    15,  1,     3,  7,  18939, 6.3e-5
    - 3 :   2, 10,  816,    4,  9,     7,  2,     4,  5,  20967, 6.2e-5
    - 4 :   2, 10,  822,    7,  6,     7,  2,     3,  7,  27097, 6.2e-5
    - 5 :   2, 10,  794,    7,  6,     7,  2,     4,  6,  34081, 6.3e-5
    - 6 :   2, 10,  794,    8,  5,    14,  1,     4,  6,  38970, 6.2e-5
    - 7 :   2, 10,  810,    8,  5,    15,  1,     5,  5,  48253, 6.3e-5
    - 8 :   2, 10,  775,   10,  4,    14,  1,     7,  4,  78737, 6.1e-5
    - 9 :   2, 10,  787,   10,  4,    14,  1,     9,  3, 100681, 6.2e-5
    - 10:   1, 11,  791,   14,  3,    15,  1,     9,  3, 149675, 6.3e-5
    - 11:   3, 10,  820,   14,  3,    15,  1,    10,  3, 319566, 6.2e-5
    - 12:   3, 10,  832,   21,  2,    15,  1,    15,  2, 709766, 6.3e-5
    - 13:   3, 10,  834,   44,  1,    16,  1,    16,  2, 1572404, 6.3e-5
    # no solution starting from log norm2 = 14
