security level: 176
target p_error: 6.3e-5
per precision and log norm2:

  - 1: # bits
    -ln2:   k,  N,    n, br_l,br_b, ks_l,ks_b, cb_l,cb_b, pp_l,pp_b,  cost, p_error
    - 0 :   2, 10,  762,    3,  9,     5,  2,     1,  9,     2, 12,    181, 5.7e-5
    - 1 :   2, 10,  823,    4,  7,     5,  2,     1, 10,     2, 12,    225, 6.2e-5
    - 2 :   2, 10,  834,    5,  6,     6,  2,     1, 10,     3,  9,    289, 6.3e-5
    - 3 :   3, 10,  780,    3, 12,     5,  2,     1, 12,     2, 15,    337, 6.1e-5
    - 4 :   3, 10,  811,    4,  9,     5,  2,     1, 13,     2, 15,    393, 6.1e-5
    - 5 :   3, 10,  782,    5,  8,     5,  2,     1, 14,     3, 12,    502, 5.9e-5
    - 6 :   3, 10,  828,    6,  7,     6,  2,     1, 15,     3, 12,    572, 6.3e-5
    - 7 :   3, 10,  787,    3, 12,     5,  2,     2,  8,     2, 15,    656, 5.9e-5
    - 8 :   3, 10,  835,    4,  9,     6,  2,     2,  9,     2, 15,    781, 6.2e-5
    - 9 :   3, 10,  808,    4,  9,     6,  2,     2,  9,     3, 12,    909, 6.2e-5
    - 10:   3, 10,  780,    6,  7,     5,  2,     2, 10,     3, 12,   1071, 5.7e-5
    - 11:   3, 10,  799,    7,  6,     6,  2,     2, 10,     3, 12,   1184, 5.9e-5
    - 12:   3, 10,  797,    5,  8,     6,  2,     3,  7,     3, 12,   1480, 6.2e-5
    - 13:   3, 10,  776,    7,  6,    11,  1,     3,  8,     3, 12,   1754, 6.3e-5
    - 14:   3, 10,  783,    6,  7,    11,  1,     4,  6,     3, 12,   2151, 5.9e-5
    - 15:   3, 10,  786,    8,  5,    11,  1,     4,  6,     3, 12,   2524, 6.3e-5
    - 16:   3, 10,  800,    8,  5,    11,  1,     5,  5,     3, 12,   3180, 6.2e-5
    - 17:   3, 10,  794,    8,  5,    11,  1,     7,  4,     3, 12,   4409, 6.2e-5
    - 18:   3, 10,  772,   11,  4,    11,  1,     7,  4,     5,  8,   6287, 6.2e-5
    - 19:   3, 10,  824,   15,  3,    12,  1,     7,  4,     5,  8,   7898, 6.3e-5
    - 20:   3, 10,  795,   21,  2,    11,  1,    10,  3,     5,  8,  13779, 6.2e-5
    - 21:   3, 10,  815,   22,  2,    12,  1,    15,  2,     5,  8,  21747, 6.3e-5
    - 22:   3, 10,  821,   45,  1,    12,  1,    32,  1,     6,  7,  84296, 6.3e-5
    # no solution starting from log norm2 = 23

  - 2: # bits
    -ln2:   k,  N,    n, br_l,br_b, ks_l,ks_b, cb_l,cb_b, pp_l,pp_b,  cost, p_error
    - 0 :   2, 10,  812,    3,  9,     6,  2,     2,  6,     2, 12,    861, 6.1e-5
    - 1 :   3, 10,  865,    3, 12,     6,  2,     1, 12,     2, 15,    917, 6.1e-5
    - 2 :   3, 10,  853,    4,  9,     6,  2,     1, 14,     3, 12,   1202, 6.0e-5
    - 3 :   3, 10,  875,    5,  8,     6,  2,     1, 14,     3, 12,   1376, 6.2e-5
    - 4 :   3, 10,  826,    3, 12,     6,  2,     2,  8,     2, 15,   1538, 5.8e-5
    - 5 :   3, 10,  917,    3, 12,     7,  2,     2,  8,     2, 15,   1655, 6.3e-5
    - 6 :   3, 10,  834,    4,  9,     6,  2,     2,  9,     3, 12,   2080, 5.7e-5
    - 7 :   3, 10,  845,    5,  8,     6,  2,     2, 10,     3, 12,   2344, 5.9e-5
    - 8 :   3, 10,  870,    6,  7,     6,  2,     2, 10,     3, 12,   2642, 6.1e-5
    - 9 :   3, 10,  831,    5,  8,     6,  2,     3,  7,     3, 12,   3310, 5.5e-5
    - 10:   3, 10,  871,    6,  7,     6,  2,     3,  7,     3, 12,   3764, 6.1e-5
    - 11:   3, 10,  859,    8,  5,     6,  2,     3,  8,     3, 12,   4435, 6.3e-5
    - 12:   3, 10,  829,    7,  6,    12,  1,     4,  6,     3, 12,   5228, 5.7e-5
    - 13:   3, 10,  837,    7,  6,    12,  1,     5,  5,     3, 12,   6453, 6.2e-5
    - 14:   3, 10,  846,    7,  6,    12,  1,     7,  4,     3, 12,   8897, 6.2e-5
    - 15:   3, 10,  834,   11,  4,    12,  1,     7,  4,     3, 12,  11746, 6.0e-5
    - 16:   3, 10,  832,   14,  3,    12,  1,     7,  4,     5,  8,  15936, 6.1e-5
    - 17:   3, 10,  842,   14,  3,    12,  1,    10,  3,     5,  8,  22591, 6.3e-5
    - 18:   3, 10,  906,   22,  2,    14,  1,    10,  3,     5,  8,  32700, 6.3e-5
    - 19:   3, 10,  857,   44,  1,    13,  1,    16,  2,     5,  8,  85790, 6.1e-5
    # no solution starting from log norm2 = 20

  - 3: # bits
    -ln2:   k,  N,    n, br_l,br_b, ks_l,ks_b, cb_l,cb_b, pp_l,pp_b,  cost, p_error
    - 0 :   3, 10,  916,    2, 15,     6,  2,     2,  7,     2, 15,   2136, 6.2e-5
    - 1 :   3, 10,  880,    3, 12,     6,  2,     2,  8,     2, 15,   2498, 5.9e-5
    - 2 :   3, 10,  898,    3, 12,     6,  2,     2,  8,     2, 15,   2532, 6.0e-5
    - 3 :   3, 10,  928,    4,  9,     7,  2,     2,  9,     2, 15,   3039, 6.3e-5
    - 4 :   3, 10,  916,    4,  9,     7,  2,     2,  9,     3, 12,   3443, 6.1e-5
    - 5 :   3, 10,  893,    6,  7,     6,  2,     2, 10,     3, 12,   4210, 5.9e-5
    - 6 :   3, 10,  907,    7,  6,     7,  2,     2, 10,     3, 12,   4697, 5.9e-5
    - 7 :   3, 10,  906,    5,  8,     7,  2,     3,  7,     3, 12,   5406, 6.0e-5
    - 8 :   3, 10,  904,    7,  6,     7,  2,     3,  8,     3, 12,   6564, 5.9e-5
    - 9 :   3, 10,  910,    6,  7,     7,  2,     4,  6,     3, 12,   7734, 6.0e-5
    - 10:   3, 10,  894,    8,  5,    13,  1,     4,  6,     3, 12,   9205, 6.2e-5
    - 11:   3, 10,  906,    8,  5,    13,  1,     5,  5,     3, 12,  11333, 6.1e-5
    - 12:   3, 10,  904,    8,  5,    13,  1,     7,  4,     3, 12,  15389, 6.1e-5
    - 13:   3, 10,  936,    9,  5,    14,  1,     9,  3,     3, 12,  21552, 6.3e-5
    - 14:   3, 10,  926,   15,  3,    14,  1,     7,  4,     5,  8,  27430, 6.2e-5
    - 15:   3, 10,  905,   21,  2,    14,  1,    10,  3,     5,  8,  47913, 6.2e-5
    - 16:   3, 10,  919,   22,  2,    14,  1,    15,  2,     5,  8,  73978, 6.2e-5
    - 17:   3, 10,  956,   45,  1,    15,  1,    32,  1,     5,  8, 285905, 6.3e-5
    # no solution starting from log norm2 = 18

  - 4: # bits
    -ln2:   k,  N,    n, br_l,br_b, ks_l,ks_b, cb_l,cb_b, pp_l,pp_b,  cost, p_error
    - 0 :   3, 10,  917,    5,  8,     7,  2,     1, 14,     3, 12,   4296, 6.1e-5
    - 1 :   3, 10,  885,    3, 12,     6,  2,     2,  8,     2, 15,   4822, 5.9e-5
    - 2 :   3, 10,  935,    3, 12,     7,  2,     2,  8,     2, 15,   5030, 6.3e-5
    - 3 :   3, 10,  893,    4,  9,     6,  2,     2,  9,     3, 12,   6499, 6.0e-5
    - 4 :   3, 10,  905,    5,  8,     6,  2,     2, 10,     3, 12,   7347, 6.2e-5
    - 5 :   3, 10,  916,    6,  7,     7,  2,     2, 10,     3, 12,   8242, 6.0e-5
    - 6 :   3, 10,  944,    8,  5,     7,  2,     2, 10,     3, 12,  10074, 6.2e-5
    - 7 :   3, 10,  914,    6,  7,     7,  2,     3,  7,     3, 12,  11692, 6.3e-5
    - 8 :   3, 10,  909,    8,  5,     7,  2,     3,  8,     3, 12,  13886, 6.3e-5
    - 9 :   3, 10,  882,    7,  6,    13,  1,     4,  6,     3, 12,  16386, 6.0e-5
    - 10:   3, 10,  889,    7,  6,    13,  1,     5,  5,     3, 12,  20190, 6.0e-5
    - 11:   3, 10,  917,   11,  4,    14,  1,     5,  5,     3, 12,  27746, 6.3e-5
    - 12:   3, 10,  885,   11,  4,    13,  1,     7,  4,     3, 12,  36870, 6.3e-5
    - 13:   3, 10,  885,   14,  3,    13,  1,     7,  4,     5,  8,  49922, 6.0e-5
    - 14:   3, 10,  893,   14,  3,    13,  1,    10,  3,     5,  8,  70600, 6.3e-5
    - 15:   3, 10,  922,   22,  2,    14,  1,    10,  3,     5,  8,  99450, 6.3e-5
    - 16:   3, 10,  903,   44,  1,    14,  1,    16,  2,     5,  8, 269361, 6.2e-5
    # no solution starting from log norm2 = 17

  - 5: # bits
    -ln2:   k,  N,    n, br_l,br_b, ks_l,ks_b, cb_l,cb_b, pp_l,pp_b,  cost, p_error
    - 0 :   3, 10,  917,    5,  8,     7,  2,     1, 14,     3, 12,   4296, 6.1e-5
    - 1 :   3, 10,  885,    3, 12,     6,  2,     2,  8,     2, 15,   4822, 5.9e-5
    - 2 :   3, 10,  935,    3, 12,     7,  2,     2,  8,     2, 15,   5030, 6.3e-5
    - 3 :   3, 10,  893,    4,  9,     6,  2,     2,  9,     3, 12,   6499, 6.0e-5
    - 4 :   3, 10,  905,    5,  8,     6,  2,     2, 10,     3, 12,   7347, 6.2e-5
    - 5 :   3, 10,  916,    6,  7,     7,  2,     2, 10,     3, 12,   8242, 6.0e-5
    - 6 :   3, 10,  944,    8,  5,     7,  2,     2, 10,     3, 12,  10074, 6.2e-5
    - 7 :   3, 10,  914,    6,  7,     7,  2,     3,  7,     3, 12,  11692, 6.3e-5
    - 8 :   3, 10,  909,    8,  5,     7,  2,     3,  8,     3, 12,  13886, 6.3e-5
    - 9 :   3, 10,  882,    7,  6,    13,  1,     4,  6,     3, 12,  16386, 6.0e-5
    - 10:   3, 10,  889,    7,  6,    13,  1,     5,  5,     3, 12,  20190, 6.0e-5
    - 11:   3, 10,  917,   11,  4,    14,  1,     5,  5,     3, 12,  27746, 6.3e-5
    - 12:   3, 10,  885,   11,  4,    13,  1,     7,  4,     3, 12,  36870, 6.3e-5
    - 13:   3, 10,  885,   14,  3,    13,  1,     7,  4,     5,  8,  49922, 6.0e-5
    - 14:   3, 10,  893,   14,  3,    13,  1,    10,  3,     5,  8,  70600, 6.3e-5
    - 15:   3, 10,  922,   22,  2,    14,  1,    10,  3,     5,  8,  99450, 6.3e-5
    - 16:   3, 10,  903,   44,  1,    14,  1,    16,  2,     5,  8, 269361, 6.2e-5
    # no solution starting from log norm2 = 17

  - 6: # bits
    -ln2:   k,  N,    n, br_l,br_b, ks_l,ks_b, cb_l,cb_b, pp_l,pp_b,  cost, p_error
    - 0 :   3, 10,  933,    5,  8,     7,  2,     1, 14,     3, 12,   5230, 6.3e-5
    - 1 :   3, 10,  887,    3, 12,     6,  2,     2,  8,     2, 15,   5731, 5.8e-5
    - 2 :   3, 10, 1002,    3, 12,     8,  2,     2,  8,     2, 15,   6294, 6.3e-5
    - 3 :   3, 10,  897,    4,  9,     6,  2,     2,  9,     3, 12,   7727, 6.1e-5
    - 4 :   3, 10,  906,    5,  8,     7,  2,     2, 10,     3, 12,   8767, 5.9e-5
    - 5 :   3, 10,  933,    6,  7,     7,  2,     2, 10,     3, 12,   9922, 6.2e-5
    - 6 :   3, 10,  893,    5,  8,     6,  2,     3,  7,     3, 12,  12263, 5.9e-5
    - 7 :   3, 10,  929,    6,  7,     7,  2,     3,  7,     3, 12,  13973, 6.2e-5
    - 8 :   3, 10,  921,    8,  5,     7,  2,     3,  8,     3, 12,  16590, 6.1e-5
    - 9 :   3, 10,  888,    7,  6,    13,  1,     4,  6,     3, 12,  19407, 6.0e-5
    - 10:   3, 10,  898,    7,  6,    13,  1,     5,  5,     3, 12,  23920, 6.1e-5
    - 11:   3, 10,  908,    7,  6,    14,  1,     7,  4,     3, 12,  32928, 6.3e-5
    - 12:   3, 10,  893,   11,  4,    13,  1,     7,  4,     3, 12,  43615, 6.0e-5
    - 13:   3, 10,  892,   14,  3,    13,  1,     7,  4,     5,  8,  58948, 6.2e-5
    - 14:   3, 10,  905,   14,  3,    13,  1,    10,  3,     5,  8,  83525, 6.3e-5
    - 15:   3, 10,  954,   23,  2,    15,  1,    11,  3,     5,  8, 135797, 6.3e-5
    - 16:   3, 10,  923,   44,  1,    14,  1,    16,  2,     5,  8, 321530, 6.2e-5
    # no solution starting from log norm2 = 17

  - 7: # bits
    -ln2:   k,  N,    n, br_l,br_b, ks_l,ks_b, cb_l,cb_b, pp_l,pp_b,  cost, p_error
    - 0 :   3, 10,  971,    5,  8,     7,  2,     1, 14,     3, 12,   6290, 6.3e-5
    - 1 :   3, 10,  889,    3, 12,     6,  2,     2,  8,     2, 15,   6643, 5.8e-5
    - 2 :   3, 10,  901,    4,  9,     7,  2,     2,  9,     2, 15,   7852, 6.3e-5
    - 3 :   3, 10,  902,    4,  9,     6,  2,     2,  9,     3, 12,   8969, 5.9e-5
    - 4 :   3, 10,  914,    5,  8,     7,  2,     2, 10,     3, 12,  10209, 6.0e-5
    - 5 :   3, 10,  955,    6,  7,    14,  1,     2, 10,     3, 12,  12001, 6.3e-5
    - 6 :   3, 10,  896,    5,  8,     6,  2,     3,  7,     3, 12,  14173, 6.1e-5
    - 7 :   3, 10,  956,    6,  7,     7,  2,     3,  7,     3, 12,  16444, 6.3e-5
    - 8 :   3, 10,  940,    8,  5,     7,  2,     3,  8,     3, 12,  19450, 6.2e-5
    - 9 :   3, 10,  895,    7,  6,    13,  1,     4,  6,     3, 12,  22474, 6.1e-5
    - 10:   3, 10,  910,    7,  6,    13,  1,     5,  5,     3, 12,  27764, 6.3e-5
    - 11:   3, 10,  931,    7,  6,    14,  1,     7,  4,     3, 12,  38459, 6.2e-5
    - 12:   3, 10,  901,   11,  4,    14,  1,     7,  4,     3, 12,  50492, 6.3e-5
    - 13:   3, 10,  901,   14,  3,    13,  1,     7,  4,     5,  8,  68179, 6.3e-5
    - 14:   3, 10,  922,   14,  3,    14,  1,    10,  3,     5,  8,  97093, 6.3e-5
    - 15:   3, 10,  887,   22,  2,    13,  1,    15,  2,     5,  8, 191478, 6.0e-5
    - 16:   3, 10,  943,   45,  1,    14,  1,    16,  2,     5,  8, 382834, 6.3e-5
    # no solution starting from log norm2 = 17

  - 8: # bits
    -ln2:   k,  N,    n, br_l,br_b, ks_l,ks_b, cb_l,cb_b, pp_l,pp_b,  cost, p_error
    - 0 :   3, 10,  879,    3, 12,     6,  2,     2,  8,     2, 15,   7490, 5.7e-5
    - 1 :   3, 10,  891,    3, 12,     6,  2,     2,  8,     2, 15,   7557, 5.9e-5
    - 2 :   3, 10,  906,    4,  9,     7,  2,     2,  9,     2, 15,   8963, 6.3e-5
    - 3 :   3, 10,  907,    4,  9,     6,  2,     2,  9,     3, 12,  10218, 6.1e-5
    - 4 :   3, 10,  924,    5,  8,     7,  2,     2, 10,     3, 12,  11685, 6.3e-5
    - 5 :   3, 10,  896,    7,  6,     7,  2,     2, 10,     3, 12,  13969, 6.0e-5
    - 6 :   3, 10,  900,    5,  8,     6,  2,     3,  7,     3, 12,  16103, 6.0e-5
    - 7 :   3, 10,  894,    7,  6,     7,  2,     3,  8,     3, 12,  19539, 6.2e-5
    - 8 :   3, 10,  897,    6,  7,     7,  2,     4,  6,     3, 12,  22983, 6.3e-5
    - 9 :   3, 10,  904,    7,  6,    13,  1,     4,  6,     3, 12,  25613, 6.2e-5
    - 10:   3, 10,  927,    7,  6,    14,  1,     5,  5,     3, 12,  31842, 6.3e-5
    - 11:   3, 10,  886,    8,  5,    13,  1,     7,  4,     3, 12,  45520, 6.0e-5
    - 12:   3, 10,  913,   11,  4,    14,  1,     7,  4,     3, 12,  57614, 6.2e-5
    - 13:   3, 10,  913,   14,  3,    14,  1,     7,  4,     5,  8,  77764, 6.1e-5
    - 14:   3, 10,  904,   15,  3,    13,  1,    10,  3,     5,  8, 113060, 6.3e-5
    - 15:   3, 10,  893,   22,  2,    13,  1,    15,  2,     5,  8, 216986, 5.9e-5
    - 16:   3, 10,  923,   44,  1,    14,  1,    31,  1,     5,  8, 790724, 6.3e-5
    # no solution starting from log norm2 = 17

  - 9: # bits
    -ln2:   k,  N,    n, br_l,br_b, ks_l,ks_b, cb_l,cb_b, pp_l,pp_b,  cost, p_error
    - 0 :   3, 10,  977,    4,  9,     7,  2,     2,  9,     3, 12,  12044, 6.1e-5
    - 1 :   3, 10,  992,    5,  8,     7,  2,     2, 10,     3, 12,  13732, 6.2e-5
    - 2 :   3, 10, 1016,    6,  7,     8,  2,     2, 10,     3, 12,  15626, 6.3e-5
    - 3 :   3, 10,  973,    5,  8,     7,  2,     3,  7,     3, 12,  18983, 6.3e-5
    - 4 :   3, 10, 1006,    6,  7,     8,  2,     3,  7,     3, 12,  21647, 6.3e-5
    - 5 :   3, 10, 1003,    8,  5,     8,  2,     3,  8,     3, 12,  25951, 6.3e-5
    - 6 :   3, 10,  988,    7,  6,     7,  2,     4,  6,     3, 12,  30100, 6.3e-5
    - 7 :   3, 10,  976,    7,  6,    15,  1,     5,  5,     3, 12,  36884, 6.3e-5
    - 8 :   3, 10,  987,    7,  6,    15,  1,     7,  4,     3, 12,  50448, 6.3e-5
    - 9 :   3, 10,  971,   11,  4,    15,  1,     7,  4,     3, 12,  67400, 6.2e-5
    - 10:   3, 10,  972,   14,  3,    15,  1,     7,  4,     5,  8,  90695, 6.2e-5
    - 11:   3, 10,  984,   14,  3,    15,  1,    10,  3,     5,  8, 127799, 6.3e-5
    - 12:   3, 10, 1023,   23,  2,    16,  1,    11,  3,     6,  7, 214973, 6.3e-5
    - 13:   3, 10, 1001,   44,  1,    16,  1,    16,  2,     5,  8, 496763, 6.3e-5
    # no solution starting from log norm2 = 14

  - 10: # bits
    -ln2:   k,  N,    n, br_l,br_b, ks_l,ks_b, cb_l,cb_b, pp_l,pp_b,  cost, p_error
    - 0 :   3, 10,  979,    4,  9,     7,  2,     2,  9,     3, 12,  13347, 6.3e-5
    - 1 :   3, 10,  999,    5,  8,     7,  2,     2, 10,     3, 12,  15279, 6.2e-5
    - 2 :   3, 10, 1017,    6,  7,    15,  1,     2, 10,     3, 12,  17781, 6.3e-5
    - 3 :   3, 10,  975,    5,  8,     7,  2,     3,  7,     3, 12,  21008, 6.2e-5
    - 4 :   3, 10, 1021,    6,  7,     8,  2,     3,  7,     3, 12,  24181, 6.3e-5
    - 5 :   3, 10,  993,    8,  5,    15,  1,     3,  8,     3, 12,  28934, 6.3e-5
    - 6 :   3, 10,  972,    7,  6,    15,  1,     4,  6,     3, 12,  33362, 6.2e-5
    - 7 :   3, 10,  983,    7,  6,    15,  1,     5,  5,     3, 12,  40911, 6.2e-5
    - 8 :   3, 10, 1001,    7,  6,    15,  1,     7,  4,     3, 12,  56180, 6.3e-5
    - 9 :   3, 10,  976,   11,  4,    15,  1,     7,  4,     3, 12,  74637, 6.2e-5
    - 10:   3, 10,  977,   14,  3,    15,  1,     7,  4,     5,  8, 100388, 6.2e-5
    - 11:   3, 10,  995,   14,  3,    15,  1,    10,  3,     5,  8, 141965, 6.3e-5
    - 12:   3, 10, 1005,   21,  2,    16,  1,    15,  2,     5,  8, 281909, 6.3e-5
    - 13:   3, 10, 1009,   45,  1,    16,  1,    16,  2,     5,  8, 561972, 6.3e-5
    # no solution starting from log norm2 = 14

  - 11: # bits
    -ln2:   k,  N,    n, br_l,br_b, ks_l,ks_b, cb_l,cb_b, pp_l,pp_b,  cost, p_error
    - 0 :   3, 10,  982,    4,  9,     7,  2,     2,  9,     3, 12,  14663, 6.2e-5
    - 1 :   3, 10, 1001,    5,  8,     8,  2,     2, 10,     3, 12,  16853, 6.2e-5
    - 2 :   3, 10,  977,    7,  6,     7,  2,     2, 10,     3, 12,  20283, 6.3e-5
    - 3 :   3, 10,  977,    5,  8,     7,  2,     3,  7,     3, 12,  23039, 6.2e-5
    - 4 :   3, 10, 1020,    6,  7,    16,  1,     3,  7,     3, 12,  27046, 6.3e-5
    - 5 :   3, 10, 1009,    8,  5,    16,  1,     3,  8,     3, 12,  32159, 6.3e-5
    - 6 :   3, 10,  976,    7,  6,    15,  1,     4,  6,     3, 12,  36623, 6.3e-5
    - 7 :   3, 10,  992,    7,  6,    15,  1,     5,  5,     3, 12,  45043, 6.3e-5
    - 8 :   3, 10,  964,    8,  5,    15,  1,     7,  4,     3, 12,  65066, 6.3e-5
    - 9 :   3, 10,  981,   11,  4,    15,  1,     7,  4,     3, 12,  81930, 6.3e-5
    - 10:   3, 10,  983,   14,  3,    15,  1,     7,  4,     5,  8, 110232, 6.3e-5
    - 11:   3, 10, 1016,   14,  3,    16,  1,    10,  3,     5,  8, 157537, 6.3e-5
    - 12:   3, 10,  969,   22,  2,    15,  1,    15,  2,     5,  8, 309844, 6.2e-5
    - 13:   3, 10, 1023,   45,  1,    16,  1,    16,  2,     6,  7, 635184, 6.3e-5
    # no solution starting from log norm2 = 14

  - 12: # bits
    -ln2:   k,  N,    n, br_l,br_b, ks_l,ks_b, cb_l,cb_b, pp_l,pp_b,  cost, p_error
    - 0 :   3, 10,  992,    4,  9,     7,  2,     2,  9,     3, 12,  18383, 6.3e-5
    - 1 :   3, 10, 1016,    5,  8,    16,  1,     2, 10,     3, 12,  21916, 6.3e-5
    - 2 :   3, 10,  985,    7,  6,     7,  2,     2, 10,     3, 12,  25398, 6.1e-5
    - 3 :   3, 10,  984,    5,  8,     7,  2,     3,  7,     3, 12,  28855, 6.2e-5
    - 4 :   3, 10,  983,    7,  6,     7,  2,     3,  8,     3, 12,  35286, 6.3e-5
    - 5 :   3, 10,  988,    6,  7,     7,  2,     4,  6,     3, 12,  41267, 6.3e-5
    - 6 :   3, 10,  999,    7,  6,    15,  1,     4,  6,     3, 12,  46441, 6.3e-5
    - 7 :   3, 10,  973,    8,  5,    15,  1,     5,  5,     3, 12,  60332, 6.2e-5
    - 8 :   3, 10,  973,    8,  5,    15,  1,     7,  4,     3, 12,  81761, 6.2e-5
    - 9 :   3, 10, 1013,   11,  4,    16,  1,     7,  4,     3, 12, 104933, 6.3e-5
    - 10:   3, 10,  984,   15,  3,    15,  1,     7,  4,     5,  8, 144372, 6.3e-5
    - 11:   3, 10, 1003,   15,  3,    16,  1,    10,  3,     5,  8, 204346, 6.3e-5
    - 12:   3, 10,  981,   22,  2,    15,  1,    15,  2,     5,  8, 390781, 6.2e-5
    - 13:   3, 10, 1005,   44,  1,    16,  1,    32,  1,     5,  8, 1467818, 6.3e-5
    # no solution starting from log norm2 = 14

  - 13: # bits
    -ln2:   k,  N,    n, br_l,br_b, ks_l,ks_b, cb_l,cb_b, pp_l,pp_b,  cost, p_error
    - 0 :   3, 10,  997,    4,  9,     7,  2,     2,  9,     3, 12,  19748, 6.2e-5
    - 1 :   3, 10,  972,    6,  7,     7,  2,     2, 10,     3, 12,  24439, 6.3e-5
    - 2 :   3, 10,  987,    7,  6,     7,  2,     2, 10,     3, 12,  27254, 6.3e-5
    - 3 :   3, 10,  987,    5,  8,     7,  2,     3,  7,     3, 12,  30932, 6.2e-5
    - 4 :   3, 10,  986,    7,  6,     7,  2,     3,  8,     3, 12,  37844, 6.2e-5
    - 5 :   3, 10,  992,    6,  7,     7,  2,     4,  6,     3, 12,  44249, 6.2e-5
    - 6 :   3, 10, 1014,    7,  6,    16,  1,     4,  6,     3, 12,  50295, 6.3e-5
    - 7 :   3, 10,  977,    8,  5,    15,  1,     5,  5,     3, 12,  64686, 6.2e-5
    - 8 :   3, 10,  977,    8,  5,    15,  1,     7,  4,     3, 12,  87610, 6.2e-5
    - 9 :   3, 10,  995,    9,  5,    15,  1,     9,  3,     3, 12, 121091, 6.3e-5
    - 10:   3, 10,  991,   15,  3,    15,  1,     7,  4,     5,  8, 155056, 6.3e-5
    - 11:   3, 10, 1025,   15,  3,    16,  1,    10,  3,     6,  7, 233272, 6.3e-5
    - 12:   3, 10,  987,   22,  2,    15,  1,    15,  2,     5,  8, 419217, 6.2e-5
    - 13:   3, 10, 1006,   45,  1,    16,  1,    32,  1,     5,  8, 1598664, 6.3e-5
    # no solution starting from log norm2 = 14

  - 14: # bits
    -ln2:   k,  N,    n, br_l,br_b, ks_l,ks_b, cb_l,cb_b, pp_l,pp_b,  cost, p_error
    - 0 :   3, 10,  997,    4,  9,     7,  2,     2,  9,     3, 12,  19748, 6.2e-5
    - 1 :   3, 10,  972,    6,  7,     7,  2,     2, 10,     3, 12,  24439, 6.3e-5
    - 2 :   3, 10,  987,    7,  6,     7,  2,     2, 10,     3, 12,  27254, 6.3e-5
    - 3 :   3, 10,  987,    5,  8,     7,  2,     3,  7,     3, 12,  30932, 6.2e-5
    - 4 :   3, 10,  986,    7,  6,     7,  2,     3,  8,     3, 12,  37844, 6.2e-5
    - 5 :   3, 10,  992,    6,  7,     7,  2,     4,  6,     3, 12,  44249, 6.2e-5
    - 6 :   3, 10, 1014,    7,  6,    16,  1,     4,  6,     3, 12,  50295, 6.3e-5
    - 7 :   3, 10,  977,    8,  5,    15,  1,     5,  5,     3, 12,  64686, 6.2e-5
    - 8 :   3, 10,  977,    8,  5,    15,  1,     7,  4,     3, 12,  87610, 6.2e-5
    - 9 :   3, 10,  995,    9,  5,    15,  1,     9,  3,     3, 12, 121091, 6.3e-5
    - 10:   3, 10,  991,   15,  3,    15,  1,     7,  4,     5,  8, 155056, 6.3e-5
    - 11:   3, 10, 1025,   15,  3,    16,  1,    10,  3,     6,  7, 233272, 6.3e-5
    - 12:   3, 10,  987,   22,  2,    15,  1,    15,  2,     5,  8, 419217, 6.2e-5
    - 13:   3, 10, 1006,   45,  1,    16,  1,    32,  1,     5,  8, 1598664, 6.3e-5
    # no solution starting from log norm2 = 14

  - 15: # bits
    -ln2:   k,  N,    n, br_l,br_b, ks_l,ks_b, cb_l,cb_b, pp_l,pp_b,  cost, p_error
    - 0 :   3, 10,  997,    4,  9,     7,  2,     2,  9,     3, 12,  19748, 6.2e-5
    - 1 :   3, 10,  972,    6,  7,     7,  2,     2, 10,     3, 12,  24439, 6.3e-5
    - 2 :   3, 10,  987,    7,  6,     7,  2,     2, 10,     3, 12,  27254, 6.3e-5
    - 3 :   3, 10,  987,    5,  8,     7,  2,     3,  7,     3, 12,  30932, 6.2e-5
    - 4 :   3, 10,  986,    7,  6,     7,  2,     3,  8,     3, 12,  37844, 6.2e-5
    - 5 :   3, 10,  992,    6,  7,     7,  2,     4,  6,     3, 12,  44249, 6.2e-5
    - 6 :   3, 10, 1014,    7,  6,    16,  1,     4,  6,     3, 12,  50295, 6.3e-5
    - 7 :   3, 10,  977,    8,  5,    15,  1,     5,  5,     3, 12,  64686, 6.2e-5
    - 8 :   3, 10,  977,    8,  5,    15,  1,     7,  4,     3, 12,  87610, 6.2e-5
    - 9 :   3, 10,  995,    9,  5,    15,  1,     9,  3,     3, 12, 121091, 6.3e-5
    - 10:   3, 10,  991,   15,  3,    15,  1,     7,  4,     5,  8, 155056, 6.3e-5
    - 11:   3, 10, 1025,   15,  3,    16,  1,    10,  3,     6,  7, 233272, 6.3e-5
    - 12:   3, 10,  987,   22,  2,    15,  1,    15,  2,     5,  8, 419217, 6.2e-5
    - 13:   3, 10, 1006,   45,  1,    16,  1,    32,  1,     5,  8, 1598664, 6.3e-5
    # no solution starting from log norm2 = 14

  - 16: # bits
    -ln2:   k,  N,    n, br_l,br_b, ks_l,ks_b, cb_l,cb_b, pp_l,pp_b,  cost, p_error
    - 0 :   3, 10, 1001,    4,  9,     8,  2,     2,  9,     3, 12,  22256, 6.3e-5
    - 1 :   3, 10,  975,    6,  7,     7,  2,     2, 10,     3, 12,  27377, 6.1e-5
    - 2 :   3, 10,  994,    7,  6,     7,  2,     2, 10,     3, 12,  30612, 6.3e-5
    - 3 :   3, 10,  993,    5,  8,     7,  2,     3,  7,     3, 12,  34792, 6.3e-5
    - 4 :   3, 10,  992,    7,  6,     7,  2,     3,  8,     3, 12,  42558, 6.2e-5
    - 5 :   3, 10,  996,    6,  7,     8,  2,     4,  6,     3, 12,  49852, 6.2e-5
    - 6 :   3, 10,  975,    8,  5,    15,  1,     4,  6,     3, 12,  59562, 6.2e-5
    - 7 :   3, 10,  986,    8,  5,    15,  1,     5,  5,     3, 12,  73041, 6.2e-5
    - 8 :   3, 10,  986,    8,  5,    15,  1,     7,  4,     3, 12,  99007, 6.2e-5
    - 9 :   3, 10,  967,   11,  4,    15,  1,     7,  4,     5,  8, 139405, 6.1e-5
    - 10:   3, 10, 1014,   15,  3,    16,  1,     7,  4,     5,  8, 177113, 6.3e-5
    - 11:   3, 10,  989,   21,  2,    15,  1,    10,  3,     5,  8, 309584, 6.3e-5
    - 12:   3, 10, 1003,   22,  2,    16,  1,    15,  2,     5,  8, 477208, 6.3e-5
    - 13:   3, 10, 1028,   45,  1,    16,  1,    33,  1,     6,  7, 1930952, 6.3e-5
    # no solution starting from log norm2 = 14
